# Student number: r0708518
# Iteration, Elapsed time, Mean value, Best value, Cycle
0,2.0260024070739746,244676.48192000002,66433.531,0,2,11,33,7,15,25,14,31,22,18,23,39,1,36,43,16,45,6,17,41,34,47,12,9,3,24,10,28,35,42,13,32,5,48,46,40,49,21,30,20,44,37,38,29,19,27,8,26,4,
1,2.064004421234131,215018.73358666667,65931.66100000001,0,2,11,33,7,15,25,14,31,22,18,23,39,1,36,43,16,45,6,17,41,34,47,12,9,3,24,10,28,35,42,13,32,5,48,46,49,40,21,30,20,44,37,38,29,19,27,8,26,4,
2,2.1020522117614746,168765.67653333332,65931.661,0,2,11,33,7,15,25,14,31,22,18,23,39,1,36,43,16,45,6,17,41,34,47,12,9,3,24,10,28,35,42,13,32,5,48,46,49,40,21,30,20,44,37,38,29,19,27,8,26,4,
3,2.1420071125030518,151335.27528,65931.661,0,2,11,33,7,15,25,14,31,22,18,23,39,1,36,43,16,45,6,17,41,34,47,12,9,3,24,10,28,35,42,13,32,5,48,46,49,40,21,30,20,44,37,38,29,19,27,8,26,4,
4,2.1830406188964844,132678.56765333333,65706.791,0,2,11,33,7,15,25,14,31,22,18,23,39,1,36,43,16,45,6,17,41,34,47,12,9,3,24,10,28,35,32,13,42,5,48,46,49,40,21,30,20,44,37,38,29,19,27,8,26,4,
5,2.2210419178009033,127189.95005333335,65706.791,0,2,11,33,7,15,25,14,31,22,18,23,39,1,36,43,16,45,6,17,41,34,47,12,9,3,24,10,28,35,32,13,42,5,48,46,49,40,21,30,20,44,37,38,29,19,27,8,26,4,
6,2.259045362472534,113811.12612000002,65706.791,0,2,11,33,7,15,25,14,31,22,18,23,39,1,36,43,16,45,6,17,41,34,47,12,9,3,24,10,28,35,32,13,42,5,48,46,49,40,21,30,20,44,37,38,29,19,27,8,26,4,
7,2.2970476150512695,106417.23361333334,65706.791,0,2,11,33,7,15,25,14,31,22,18,23,39,1,36,43,16,45,6,17,41,34,47,12,9,3,24,10,28,35,32,13,42,5,48,46,49,40,21,30,20,44,37,38,29,19,27,8,26,4,
8,2.3340439796447754,96406.31648,65706.791,0,2,11,33,7,15,25,14,31,22,18,23,39,1,36,43,16,45,6,17,41,34,47,12,9,3,24,10,28,35,32,13,42,5,48,46,49,40,21,30,20,44,37,38,29,19,27,8,26,4,
9,2.369041919708252,94340.22326666665,65676.23099999999,0,2,11,33,7,15,25,14,31,22,18,23,39,1,36,43,16,45,6,17,41,34,47,12,9,3,24,10,28,35,13,32,42,5,48,46,49,40,21,30,20,44,37,38,29,19,27,8,26,4,
10,2.4070935249328613,89619.89062666665,65676.23099999999,0,2,11,33,7,15,25,14,31,22,18,23,39,1,36,43,16,45,6,17,41,34,47,12,9,3,24,10,28,35,13,32,42,5,48,46,49,40,21,30,20,44,37,38,29,19,27,8,26,4,
11,2.445049285888672,86956.24811999999,65676.23099999999,0,2,11,33,7,15,25,14,31,22,18,23,39,1,36,43,16,45,6,17,41,34,47,12,9,3,24,10,28,35,13,32,42,5,48,46,49,40,21,30,20,44,37,38,29,19,27,8,26,4,
12,2.4820969104766846,88212.88442666664,65676.23099999999,0,2,11,33,7,15,25,14,31,22,18,23,39,1,36,43,16,45,6,17,41,34,47,12,9,3,24,10,28,35,13,32,42,5,48,46,49,40,21,30,20,44,37,38,29,19,27,8,26,4,
13,2.5211002826690674,83010.39285333332,65676.23099999999,0,2,11,33,7,15,25,14,31,22,18,23,39,1,36,43,16,45,6,17,41,34,47,12,9,3,24,10,28,35,13,32,42,5,48,46,49,40,21,30,20,44,37,38,29,19,27,8,26,4,
14,2.5601508617401123,84179.61135999998,65676.23099999999,0,2,11,33,7,15,25,14,31,22,18,23,39,1,36,43,16,45,6,17,41,34,47,12,9,3,24,10,28,35,13,32,42,5,48,46,49,40,21,30,20,44,37,38,29,19,27,8,26,4,
15,2.598160982131958,85285.17530666667,65676.23099999999,0,2,11,33,7,15,25,14,31,22,18,23,39,1,36,43,16,45,6,17,41,34,47,12,9,3,24,10,28,35,13,32,42,5,48,46,49,40,21,30,20,44,37,38,29,19,27,8,26,4,
16,2.6371588706970215,84108.4886,65676.23099999999,0,2,11,33,7,15,25,14,31,22,18,23,39,1,36,43,16,45,6,17,41,34,47,12,9,3,24,10,28,35,13,32,42,5,48,46,49,40,21,30,20,44,37,38,29,19,27,8,26,4,
17,2.675161600112915,88034.93336000001,65676.23099999999,0,2,11,33,7,15,25,14,31,22,18,23,39,1,36,43,16,45,6,17,41,34,47,12,9,3,24,10,28,35,13,32,42,5,48,46,49,40,21,30,20,44,37,38,29,19,27,8,26,4,
18,2.713176727294922,85582.93462666665,65676.23099999999,0,2,11,33,7,15,25,14,31,22,18,23,39,1,36,43,16,45,6,17,41,34,47,12,9,3,24,10,28,35,13,32,42,5,48,46,49,40,21,30,20,44,37,38,29,19,27,8,26,4,
19,2.7521755695343018,81612.38936,65676.23099999999,0,2,11,33,7,15,25,14,31,22,18,23,39,1,36,43,16,45,6,17,41,34,47,12,9,3,24,10,28,35,13,32,42,5,48,46,49,40,21,30,20,44,37,38,29,19,27,8,26,4,
20,2.791138172149658,80584.74348,65676.23099999999,0,2,11,33,7,15,25,14,31,22,18,23,39,1,36,43,16,45,6,17,41,34,47,12,9,3,24,10,28,35,13,32,42,5,48,46,49,40,21,30,20,44,37,38,29,19,27,8,26,4,
21,2.827176570892334,83729.49372,65676.23099999999,0,2,11,33,7,15,25,14,31,22,18,23,39,1,36,43,16,45,6,17,41,34,47,12,9,3,24,10,28,35,13,32,42,5,48,46,49,40,21,30,20,44,37,38,29,19,27,8,26,4,
22,2.863210439682007,83276.21561333332,65676.23099999999,0,2,11,33,7,15,25,14,31,22,18,23,39,1,36,43,16,45,6,17,41,34,47,12,9,3,24,10,28,35,13,32,42,5,48,46,49,40,21,30,20,44,37,38,29,19,27,8,26,4,
23,2.9022483825683594,80453.87142666666,65676.23099999999,0,2,11,33,7,15,25,14,31,22,18,23,39,1,36,43,16,45,6,17,41,34,47,12,9,3,24,10,28,35,13,32,42,5,48,46,49,40,21,30,20,44,37,38,29,19,27,8,26,4,
24,2.9402990341186523,89341.88478666666,65676.23099999999,0,2,11,33,7,15,25,14,31,22,18,23,39,1,36,43,16,45,6,17,41,34,47,12,9,3,24,10,28,35,13,32,42,5,48,46,49,40,21,30,20,44,37,38,29,19,27,8,26,4,
25,2.9782981872558594,80011.1296933333,65676.23099999999,0,2,11,33,7,15,25,14,31,22,18,23,39,1,36,43,16,45,6,17,41,34,47,12,9,3,24,10,28,35,13,32,42,5,48,46,49,40,21,30,20,44,37,38,29,19,27,8,26,4,
26,3.0383174419403076,78711.93926666667,65676.23099999999,0,2,11,33,7,15,25,14,31,22,18,23,39,1,36,43,16,45,6,17,41,34,47,12,9,3,24,10,28,35,13,32,42,5,48,46,49,40,21,30,20,44,37,38,29,19,27,8,26,4,
27,3.0763158798217773,80147.62594666665,65676.23099999999,0,2,11,33,7,15,25,14,31,22,18,23,39,1,36,43,16,45,6,17,41,34,47,12,9,3,24,10,28,35,13,32,42,5,48,46,49,40,21,30,20,44,37,38,29,19,27,8,26,4,
28,3.116314172744751,79375.89468,65676.23099999999,0,2,11,33,7,15,25,14,31,22,18,23,39,1,36,43,16,45,6,17,41,34,47,12,9,3,24,10,28,35,13,32,42,5,48,46,49,40,21,30,20,44,37,38,29,19,27,8,26,4,
29,3.1553075313568115,81263.56193333333,65350.091,0,2,11,33,7,15,25,14,31,22,18,23,39,1,36,43,16,45,6,17,41,34,47,12,9,3,24,10,28,35,13,32,42,5,48,49,40,46,21,30,20,44,37,38,29,19,27,8,26,4,
30,3.194342851638794,82404.46734666666,65350.091,0,2,11,33,7,15,25,14,31,22,18,23,39,1,36,43,16,45,6,17,41,34,47,12,9,3,24,10,28,35,13,32,42,5,48,49,40,46,21,30,20,44,37,38,29,19,27,8,26,4,
31,3.233379602432251,83775.72999999998,65350.091,0,2,11,33,7,15,25,14,31,22,18,23,39,1,36,43,16,45,6,17,41,34,47,12,9,3,24,10,28,35,13,32,42,5,48,49,40,46,21,30,20,44,37,38,29,19,27,8,26,4,
32,3.271378993988037,81861.01558666665,65350.091,0,2,11,33,7,15,25,14,31,22,18,23,39,1,36,43,16,45,6,17,41,34,47,12,9,3,24,10,28,35,13,32,42,5,48,49,40,46,21,30,20,44,37,38,29,19,27,8,26,4,
33,3.309378147125244,81912.43467999999,65350.091,0,2,11,33,7,15,25,14,31,22,18,23,39,1,36,43,16,45,6,17,41,34,47,12,9,3,24,10,28,35,13,32,42,5,48,49,40,46,21,30,20,44,37,38,29,19,27,8,26,4,
34,3.3463897705078125,87530.21746666667,65350.091,0,2,11,33,7,15,25,14,31,22,18,23,39,1,36,43,16,45,6,17,41,34,47,12,9,3,24,10,28,35,13,32,42,5,48,49,40,46,21,30,20,44,37,38,29,19,27,8,26,4,
35,3.38338565826416,82737.58462666665,65350.091,0,2,11,33,7,15,25,14,31,22,18,23,39,1,36,43,16,45,6,17,41,34,47,12,9,3,24,10,28,35,13,32,42,5,48,49,40,46,21,30,20,44,37,38,29,19,27,8,26,4,
36,3.4213829040527344,79398.93026666668,65350.091,0,2,11,33,7,15,25,14,31,22,18,23,39,1,36,43,16,45,6,17,41,34,47,12,9,3,24,10,28,35,13,32,42,5,48,49,40,46,21,30,20,44,37,38,29,19,27,8,26,4,
37,3.4603898525238037,78797.9696,65350.091,0,2,11,33,7,15,25,14,31,22,18,23,39,1,36,43,16,45,6,17,41,34,47,12,9,3,24,10,28,35,13,32,42,5,48,49,40,46,21,30,20,44,37,38,29,19,27,8,26,4,
38,3.496389865875244,81836.42977333334,65350.091,0,2,11,33,7,15,25,14,31,22,18,23,39,1,36,43,16,45,6,17,41,34,47,12,9,3,24,10,28,35,13,32,42,5,48,49,40,46,21,30,20,44,37,38,29,19,27,8,26,4,
39,3.534430503845215,79601.54252,65350.091,0,2,11,33,7,15,25,14,31,22,18,23,39,1,36,43,16,45,6,17,41,34,47,12,9,3,24,10,28,35,13,32,42,5,48,49,40,46,21,30,20,44,37,38,29,19,27,8,26,4,
40,3.5724692344665527,81209.51868000001,65229.060999999994,0,4,2,11,33,7,15,25,14,31,22,18,23,39,1,36,43,16,45,6,17,41,34,47,12,9,3,24,10,28,35,13,32,42,5,48,49,40,46,21,30,20,44,37,38,29,19,27,8,26,
41,3.6105031967163086,79028.38478666668,65229.060999999994,0,4,2,11,33,7,15,25,14,31,22,18,23,39,1,36,43,16,45,6,17,41,34,47,12,9,3,24,10,28,35,13,32,42,5,48,49,40,46,21,30,20,44,37,38,29,19,27,8,26,
42,3.6485061645507812,81428.10109333335,65229.060999999994,0,4,2,11,33,7,15,25,14,31,22,18,23,39,1,36,43,16,45,6,17,41,34,47,12,9,3,24,10,28,35,13,32,42,5,48,49,40,46,21,30,20,44,37,38,29,19,27,8,26,
43,3.781560182571411,78767.85973333335,65229.060999999994,0,4,2,11,33,7,15,25,14,31,22,18,23,39,1,36,43,16,45,6,17,41,34,47,12,9,3,24,10,28,35,13,32,42,5,48,49,40,46,21,30,20,44,37,38,29,19,27,8,26,
44,3.8205597400665283,79390.66621333334,65229.060999999994,0,4,2,11,33,7,15,25,14,31,22,18,23,39,1,36,43,16,45,6,17,41,34,47,12,9,3,24,10,28,35,13,32,42,5,48,49,40,46,21,30,20,44,37,38,29,19,27,8,26,
45,3.8615219593048096,79137.07388000001,65229.060999999994,0,4,2,11,33,7,15,25,14,31,22,18,23,39,1,36,43,16,45,6,17,41,34,47,12,9,3,24,10,28,35,13,32,42,5,48,49,40,46,21,30,20,44,37,38,29,19,27,8,26,
46,3.9035708904266357,80399.30619999999,65229.060999999994,0,4,2,11,33,7,15,25,14,31,22,18,23,39,1,36,43,16,45,6,17,41,34,47,12,9,3,24,10,28,35,13,32,42,5,48,49,40,46,21,30,20,44,37,38,29,19,27,8,26,
47,3.942573308944702,82600.45553333334,65229.060999999994,0,4,2,11,33,7,15,25,14,31,22,18,23,39,1,36,43,16,45,6,17,41,34,47,12,9,3,24,10,28,35,13,32,42,5,48,49,40,46,21,30,20,44,37,38,29,19,27,8,26,
48,3.981571674346924,80141.32913333335,65229.060999999994,0,4,2,11,33,7,15,25,14,31,22,18,23,39,1,36,43,16,45,6,17,41,34,47,12,9,3,24,10,28,35,13,32,42,5,48,49,40,46,21,30,20,44,37,38,29,19,27,8,26,
49,4.019572973251343,78978.46717333334,65229.060999999994,0,4,2,11,33,7,15,25,14,31,22,18,23,39,1,36,43,16,45,6,17,41,34,47,12,9,3,24,10,28,35,13,32,42,5,48,49,40,46,21,30,20,44,37,38,29,19,27,8,26,
50,4.056609153747559,78173.60753333334,65229.060999999994,0,4,2,11,33,7,15,25,14,31,22,18,23,39,1,36,43,16,45,6,17,41,34,47,12,9,3,24,10,28,35,13,32,42,5,48,49,40,46,21,30,20,44,37,38,29,19,27,8,26,
51,4.094584703445435,76337.67988000001,65229.060999999994,0,4,2,11,33,7,15,25,14,31,22,18,23,39,1,36,43,16,45,6,17,41,34,47,12,9,3,24,10,28,35,13,32,42,5,48,49,40,46,21,30,20,44,37,38,29,19,27,8,26,
52,4.132582664489746,78542.54574666667,65229.060999999994,0,4,2,11,33,7,15,25,14,31,22,18,23,39,1,36,43,16,45,6,17,41,34,47,12,9,3,24,10,28,35,13,32,42,5,48,49,40,46,21,30,20,44,37,38,29,19,27,8,26,
53,4.172577142715454,78337.28172,65229.060999999994,0,4,2,11,33,7,15,25,14,31,22,18,23,39,1,36,43,16,45,6,17,41,34,47,12,9,3,24,10,28,35,13,32,42,5,48,49,40,46,21,30,20,44,37,38,29,19,27,8,26,
54,4.21057915687561,74724.81278666666,65229.060999999994,0,4,2,11,33,7,15,25,14,31,22,18,23,39,1,36,43,16,45,6,17,41,34,47,12,9,3,24,10,28,35,13,32,42,5,48,49,40,46,21,30,20,44,37,38,29,19,27,8,26,
55,4.248619794845581,78382.02724,65229.060999999994,0,4,2,11,33,7,15,25,14,31,22,18,23,39,1,36,43,16,45,6,17,41,34,47,12,9,3,24,10,28,35,13,32,42,5,48,49,40,46,21,30,20,44,37,38,29,19,27,8,26,
56,4.286618709564209,74803.55785333335,65229.060999999994,0,4,2,11,33,7,15,25,14,31,22,18,23,39,1,36,43,16,45,6,17,41,34,47,12,9,3,24,10,28,35,13,32,42,5,48,49,40,46,21,30,20,44,37,38,29,19,27,8,26,
57,4.325628280639648,75898.63514666667,65229.060999999994,0,4,2,11,33,7,15,25,14,31,22,18,23,39,1,36,43,16,45,6,17,41,34,47,12,9,3,24,10,28,35,13,32,42,5,48,49,40,46,21,30,20,44,37,38,29,19,27,8,26,
58,4.36266565322876,77609.39641333334,65229.060999999994,0,4,2,11,33,7,15,25,14,31,22,18,23,39,1,36,43,16,45,6,17,41,34,47,12,9,3,24,10,28,35,13,32,42,5,48,49,40,46,21,30,20,44,37,38,29,19,27,8,26,
59,4.400704860687256,76508.16838666666,65229.060999999994,0,4,2,11,33,7,15,25,14,31,22,18,23,39,1,36,43,16,45,6,17,41,34,47,12,9,3,24,10,28,35,13,32,42,5,48,49,40,46,21,30,20,44,37,38,29,19,27,8,26,
60,4.438666343688965,80547.43506666667,65229.060999999994,0,4,2,11,33,7,15,25,14,31,22,18,23,39,1,36,43,16,45,6,17,41,34,47,12,9,3,24,10,28,35,13,32,42,5,48,49,40,46,21,30,20,44,37,38,29,19,27,8,26,
61,4.477705001831055,80641.50346666666,65229.060999999994,0,4,2,11,33,7,15,25,14,31,22,18,23,39,1,36,43,16,45,6,17,41,34,47,12,9,3,24,10,28,35,13,32,42,5,48,49,40,46,21,30,20,44,37,38,29,19,27,8,26,
62,4.5156638622283936,80608.45408,65229.060999999994,0,4,2,11,33,7,15,25,14,31,22,18,23,39,1,36,43,16,45,6,17,41,34,47,12,9,3,24,10,28,35,13,32,42,5,48,49,40,46,21,30,20,44,37,38,29,19,27,8,26,
63,4.550662994384766,77469.82630666666,65229.060999999994,0,4,2,11,33,7,15,25,14,31,22,18,23,39,1,36,43,16,45,6,17,41,34,47,12,9,3,24,10,28,35,13,32,42,5,48,49,40,46,21,30,20,44,37,38,29,19,27,8,26,
64,4.587621688842773,78637.8906,65229.060999999994,0,4,2,11,33,7,15,25,14,31,22,18,23,39,1,36,43,16,45,6,17,41,34,47,12,9,3,24,10,28,35,13,32,42,5,48,49,40,46,21,30,20,44,37,38,29,19,27,8,26,
65,4.62362003326416,79550.77345333333,65229.060999999994,0,4,2,11,33,7,15,25,14,31,22,18,23,39,1,36,43,16,45,6,17,41,34,47,12,9,3,24,10,28,35,13,32,42,5,48,49,40,46,21,30,20,44,37,38,29,19,27,8,26,
66,4.661630868911743,76877.59166666666,65229.060999999994,0,4,2,11,33,7,15,25,14,31,22,18,23,39,1,36,43,16,45,6,17,41,34,47,12,9,3,24,10,28,35,13,32,42,5,48,49,40,46,21,30,20,44,37,38,29,19,27,8,26,
67,4.698594331741333,75920.99549333332,65229.060999999994,0,4,2,11,33,7,15,25,14,31,22,18,23,39,1,36,43,16,45,6,17,41,34,47,12,9,3,24,10,28,35,13,32,42,5,48,49,40,46,21,30,20,44,37,38,29,19,27,8,26,
68,4.737595081329346,73975.06668,65229.060999999994,0,4,2,11,33,7,15,25,14,31,22,18,23,39,1,36,43,16,45,6,17,41,34,47,12,9,3,24,10,28,35,13,32,42,5,48,49,40,46,21,30,20,44,37,38,29,19,27,8,26,
69,4.7755584716796875,75746.10678666667,65229.060999999994,0,4,2,11,33,7,15,25,14,31,22,18,23,39,1,36,43,16,45,6,17,41,34,47,12,9,3,24,10,28,35,13,32,42,5,48,49,40,46,21,30,20,44,37,38,29,19,27,8,26,
70,4.812596321105957,75757.25337333334,65229.060999999994,0,4,2,11,33,7,15,25,14,31,22,18,23,39,1,36,43,16,45,6,17,41,34,47,12,9,3,24,10,28,35,13,32,42,5,48,49,40,46,21,30,20,44,37,38,29,19,27,8,26,
71,4.849593877792358,77961.45545333333,64506.261000000006,0,25,14,31,22,18,23,39,1,36,43,16,45,6,17,41,34,47,12,9,3,24,10,28,35,13,32,42,5,48,49,40,46,21,30,20,44,37,38,29,19,27,8,26,4,2,11,33,7,15,
72,4.8866355419158936,77944.40720000002,64506.261000000006,0,25,14,31,22,18,23,39,1,36,43,16,45,6,17,41,34,47,12,9,3,24,10,28,35,13,32,42,5,48,49,40,46,21,30,20,44,37,38,29,19,27,8,26,4,2,11,33,7,15,
73,4.9256744384765625,82419.60390666664,64506.261000000006,0,25,14,31,22,18,23,39,1,36,43,16,45,6,17,41,34,47,12,9,3,24,10,28,35,13,32,42,5,48,49,40,46,21,30,20,44,37,38,29,19,27,8,26,4,2,11,33,7,15,
74,4.965637922286987,82238.41844,64506.261000000006,0,25,14,31,22,18,23,39,1,36,43,16,45,6,17,41,34,47,12,9,3,24,10,28,35,13,32,42,5,48,49,40,46,21,30,20,44,37,38,29,19,27,8,26,4,2,11,33,7,15,
75,5.006688356399536,84791.52225333333,64506.261000000006,0,25,14,31,22,18,23,39,1,36,43,16,45,6,17,41,34,47,12,9,3,24,10,28,35,13,32,42,5,48,49,40,46,21,30,20,44,37,38,29,19,27,8,26,4,2,11,33,7,15,
76,5.046651840209961,84513.73050666667,64506.261000000006,0,25,14,31,22,18,23,39,1,36,43,16,45,6,17,41,34,47,12,9,3,24,10,28,35,13,32,42,5,48,49,40,46,21,30,20,44,37,38,29,19,27,8,26,4,2,11,33,7,15,
77,5.083651065826416,90527.80465333334,64506.261000000006,0,25,14,31,22,18,23,39,1,36,43,16,45,6,17,41,34,47,12,9,3,24,10,28,35,13,32,42,5,48,49,40,46,21,30,20,44,37,38,29,19,27,8,26,4,2,11,33,7,15,
78,5.121687173843384,83854.26510666669,64506.261000000006,0,25,14,31,22,18,23,39,1,36,43,16,45,6,17,41,34,47,12,9,3,24,10,28,35,13,32,42,5,48,49,40,46,21,30,20,44,37,38,29,19,27,8,26,4,2,11,33,7,15,
79,5.1626904010772705,88498.25441333334,64506.261000000006,0,25,14,31,22,18,23,39,1,36,43,16,45,6,17,41,34,47,12,9,3,24,10,28,35,13,32,42,5,48,49,40,46,21,30,20,44,37,38,29,19,27,8,26,4,2,11,33,7,15,
80,5.200700998306274,88855.1106,64506.261000000006,0,25,14,31,22,18,23,39,1,36,43,16,45,6,17,41,34,47,12,9,3,24,10,28,35,13,32,42,5,48,49,40,46,21,30,20,44,37,38,29,19,27,8,26,4,2,11,33,7,15,
81,5.239696025848389,78207.52937333335,64506.261000000006,0,25,14,31,22,18,23,39,1,36,43,16,45,6,17,41,34,47,12,9,3,24,10,28,35,13,32,42,5,48,49,40,46,21,30,20,44,37,38,29,19,27,8,26,4,2,11,33,7,15,
82,5.277697324752808,77574.51784,64506.261000000006,0,25,14,31,22,18,23,39,1,36,43,16,45,6,17,41,34,47,12,9,3,24,10,28,35,13,32,42,5,48,49,40,46,21,30,20,44,37,38,29,19,27,8,26,4,2,11,33,7,15,
83,5.315748691558838,76971.04125333334,64506.261000000006,0,25,14,31,22,18,23,39,1,36,43,16,45,6,17,41,34,47,12,9,3,24,10,28,35,13,32,42,5,48,49,40,46,21,30,20,44,37,38,29,19,27,8,26,4,2,11,33,7,15,
84,5.353745937347412,77035.15686666666,64506.261000000006,0,25,14,31,22,18,23,39,1,36,43,16,45,6,17,41,34,47,12,9,3,24,10,28,35,13,32,42,5,48,49,40,46,21,30,20,44,37,38,29,19,27,8,26,4,2,11,33,7,15,
85,5.3927390575408936,81252.1998,64506.261000000006,0,25,14,31,22,18,23,39,1,36,43,16,45,6,17,41,34,47,12,9,3,24,10,28,35,13,32,42,5,48,49,40,46,21,30,20,44,37,38,29,19,27,8,26,4,2,11,33,7,15,
86,5.429781675338745,79868.39158666666,64506.261000000006,0,25,14,31,22,18,23,39,1,36,43,16,45,6,17,41,34,47,12,9,3,24,10,28,35,13,32,42,5,48,49,40,46,21,30,20,44,37,38,29,19,27,8,26,4,2,11,33,7,15,
87,5.4667394161224365,77971.47365333335,64506.261000000006,0,25,14,31,22,18,23,39,1,36,43,16,45,6,17,41,34,47,12,9,3,24,10,28,35,13,32,42,5,48,49,40,46,21,30,20,44,37,38,29,19,27,8,26,4,2,11,33,7,15,
88,5.506725549697876,76681.37908,64506.261000000006,0,25,14,31,22,18,23,39,1,36,43,16,45,6,17,41,34,47,12,9,3,24,10,28,35,13,32,42,5,48,49,40,46,21,30,20,44,37,38,29,19,27,8,26,4,2,11,33,7,15,
89,5.54477596282959,78108.64708000001,64506.261000000006,0,25,14,31,22,18,23,39,1,36,43,16,45,6,17,41,34,47,12,9,3,24,10,28,35,13,32,42,5,48,49,40,46,21,30,20,44,37,38,29,19,27,8,26,4,2,11,33,7,15,
90,5.580770015716553,81002.40430666668,64506.261000000006,0,25,14,31,22,18,23,39,1,36,43,16,45,6,17,41,34,47,12,9,3,24,10,28,35,13,32,42,5,48,49,40,46,21,30,20,44,37,38,29,19,27,8,26,4,2,11,33,7,15,
91,5.61981987953186,82346.43872000002,64506.261000000006,0,25,14,31,22,18,23,39,1,36,43,16,45,6,17,41,34,47,12,9,3,24,10,28,35,13,32,42,5,48,49,40,46,21,30,20,44,37,38,29,19,27,8,26,4,2,11,33,7,15,
92,5.655829191207886,80435.53728,64506.261000000006,0,25,14,31,22,18,23,39,1,36,43,16,45,6,17,41,34,47,12,9,3,24,10,28,35,13,32,42,5,48,49,40,46,21,30,20,44,37,38,29,19,27,8,26,4,2,11,33,7,15,
93,5.6947925090789795,79289.11032,64506.261000000006,0,25,14,31,22,18,23,39,1,36,43,16,45,6,17,41,34,47,12,9,3,24,10,28,35,13,32,42,5,48,49,40,46,21,30,20,44,37,38,29,19,27,8,26,4,2,11,33,7,15,
94,5.733792543411255,79978.52134666668,64506.261000000006,0,25,14,31,22,18,23,39,1,36,43,16,45,6,17,41,34,47,12,9,3,24,10,28,35,13,32,42,5,48,49,40,46,21,30,20,44,37,38,29,19,27,8,26,4,2,11,33,7,15,
95,5.773828983306885,79520.71681333335,64506.261000000006,0,25,14,31,22,18,23,39,1,36,43,16,45,6,17,41,34,47,12,9,3,24,10,28,35,13,32,42,5,48,49,40,46,21,30,20,44,37,38,29,19,27,8,26,4,2,11,33,7,15,
96,5.809882164001465,78757.04948000002,64506.261000000006,0,25,14,31,22,18,23,39,1,36,43,16,45,6,17,41,34,47,12,9,3,24,10,28,35,13,32,42,5,48,49,40,46,21,30,20,44,37,38,29,19,27,8,26,4,2,11,33,7,15,
97,5.846882343292236,76189.09448,64506.261000000006,0,25,14,31,22,18,23,39,1,36,43,16,45,6,17,41,34,47,12,9,3,24,10,28,35,13,32,42,5,48,49,40,46,21,30,20,44,37,38,29,19,27,8,26,4,2,11,33,7,15,
98,5.8858795166015625,76324.64608,64506.261000000006,0,25,14,31,22,18,23,39,1,36,43,16,45,6,17,41,34,47,12,9,3,24,10,28,35,13,32,42,5,48,49,40,46,21,30,20,44,37,38,29,19,27,8,26,4,2,11,33,7,15,
99,5.921883583068848,76020.63056000002,64506.261000000006,0,25,14,31,22,18,23,39,1,36,43,16,45,6,17,41,34,47,12,9,3,24,10,28,35,13,32,42,5,48,49,40,46,21,30,20,44,37,38,29,19,27,8,26,4,2,11,33,7,15,
100,5.959925174713135,74516.88722666669,64506.261000000006,0,25,14,31,22,18,23,39,1,36,43,16,45,6,17,41,34,47,12,9,3,24,10,28,35,13,32,42,5,48,49,40,46,21,30,20,44,37,38,29,19,27,8,26,4,2,11,33,7,15,
101,5.996922731399536,77697.42994666669,64506.261000000006,0,25,14,31,22,18,23,39,1,36,43,16,45,6,17,41,34,47,12,9,3,24,10,28,35,13,32,42,5,48,49,40,46,21,30,20,44,37,38,29,19,27,8,26,4,2,11,33,7,15,
102,6.035923719406128,79667.48745333335,64506.261000000006,0,25,14,31,22,18,23,39,1,36,43,16,45,6,17,41,34,47,12,9,3,24,10,28,35,13,32,42,5,48,49,40,46,21,30,20,44,37,38,29,19,27,8,26,4,2,11,33,7,15,
103,6.073920965194702,79953.81452000001,64506.261000000006,0,25,14,31,22,18,23,39,1,36,43,16,45,6,17,41,34,47,12,9,3,24,10,28,35,13,32,42,5,48,49,40,46,21,30,20,44,37,38,29,19,27,8,26,4,2,11,33,7,15,
104,6.111879587173462,82553.27250666668,64506.261000000006,0,25,14,31,22,18,23,39,1,36,43,16,45,6,17,41,34,47,12,9,3,24,10,28,35,13,32,42,5,48,49,40,46,21,30,20,44,37,38,29,19,27,8,26,4,2,11,33,7,15,
105,6.149927854537964,82574.07888000002,64506.261000000006,0,25,14,31,22,18,23,39,1,36,43,16,45,6,17,41,34,47,12,9,3,24,10,28,35,13,32,42,5,48,49,40,46,21,30,20,44,37,38,29,19,27,8,26,4,2,11,33,7,15,
106,6.1888933181762695,81742.82722666669,64506.261000000006,0,25,14,31,22,18,23,39,1,36,43,16,45,6,17,41,34,47,12,9,3,24,10,28,35,13,32,42,5,48,49,40,46,21,30,20,44,37,38,29,19,27,8,26,4,2,11,33,7,15,
107,6.22693133354187,83057.99914666668,64506.261000000006,0,25,14,31,22,18,23,39,1,36,43,16,45,6,17,41,34,47,12,9,3,24,10,28,35,13,32,42,5,48,49,40,46,21,30,20,44,37,38,29,19,27,8,26,4,2,11,33,7,15,
108,6.26693320274353,85654.77634666668,64506.261000000006,0,25,14,31,22,18,23,39,1,36,43,16,45,6,17,41,34,47,12,9,3,24,10,28,35,13,32,42,5,48,49,40,46,21,30,20,44,37,38,29,19,27,8,26,4,2,11,33,7,15,
109,6.302896499633789,87877.21713333334,64506.261000000006,0,25,14,31,22,18,23,39,1,36,43,16,45,6,17,41,34,47,12,9,3,24,10,28,35,13,32,42,5,48,49,40,46,21,30,20,44,37,38,29,19,27,8,26,4,2,11,33,7,15,
110,6.340908050537109,85068.67533333333,64506.261000000006,0,25,14,31,22,18,23,39,1,36,43,16,45,6,17,41,34,47,12,9,3,24,10,28,35,13,32,42,5,48,49,40,46,21,30,20,44,37,38,29,19,27,8,26,4,2,11,33,7,15,
111,6.3758625984191895,84707.10082666666,64506.261000000006,0,25,14,31,22,18,23,39,1,36,43,16,45,6,17,41,34,47,12,9,3,24,10,28,35,13,32,42,5,48,49,40,46,21,30,20,44,37,38,29,19,27,8,26,4,2,11,33,7,15,
112,6.412827730178833,87921.82182666667,64506.261000000006,0,25,14,31,22,18,23,39,1,36,43,16,45,6,17,41,34,47,12,9,3,24,10,28,35,13,32,42,5,48,49,40,46,21,30,20,44,37,38,29,19,27,8,26,4,2,11,33,7,15,
113,6.453827381134033,84235.42313333334,64506.261000000006,0,25,14,31,22,18,23,39,1,36,43,16,45,6,17,41,34,47,12,9,3,24,10,28,35,13,32,42,5,48,49,40,46,21,30,20,44,37,38,29,19,27,8,26,4,2,11,33,7,15,
114,6.491828680038452,79343.89782666665,64506.261000000006,0,25,14,31,22,18,23,39,1,36,43,16,45,6,17,41,34,47,12,9,3,24,10,28,35,13,32,42,5,48,49,40,46,21,30,20,44,37,38,29,19,27,8,26,4,2,11,33,7,15,
115,6.527868986129761,80141.41897333333,64506.261000000006,0,25,14,31,22,18,23,39,1,36,43,16,45,6,17,41,34,47,12,9,3,24,10,28,35,13,32,42,5,48,49,40,46,21,30,20,44,37,38,29,19,27,8,26,4,2,11,33,7,15,
116,6.5638837814331055,77199.39257333333,64506.261000000006,0,25,14,31,22,18,23,39,1,36,43,16,45,6,17,41,34,47,12,9,3,24,10,28,35,13,32,42,5,48,49,40,46,21,30,20,44,37,38,29,19,27,8,26,4,2,11,33,7,15,
117,6.605922698974609,78977.27442666667,64506.261000000006,0,25,14,31,22,18,23,39,1,36,43,16,45,6,17,41,34,47,12,9,3,24,10,28,35,13,32,42,5,48,49,40,46,21,30,20,44,37,38,29,19,27,8,26,4,2,11,33,7,15,
118,6.643921375274658,78872.52246666668,64506.261000000006,0,25,14,31,22,18,23,39,1,36,43,16,45,6,17,41,34,47,12,9,3,24,10,28,35,13,32,42,5,48,49,40,46,21,30,20,44,37,38,29,19,27,8,26,4,2,11,33,7,15,
119,6.682924270629883,79888.42558666668,64506.261000000006,0,25,14,31,22,18,23,39,1,36,43,16,45,6,17,41,34,47,12,9,3,24,10,28,35,13,32,42,5,48,49,40,46,21,30,20,44,37,38,29,19,27,8,26,4,2,11,33,7,15,
120,6.719881534576416,81748.99534666668,64506.261000000006,0,25,14,31,22,18,23,39,1,36,43,16,45,6,17,41,34,47,12,9,3,24,10,28,35,13,32,42,5,48,49,40,46,21,30,20,44,37,38,29,19,27,8,26,4,2,11,33,7,15,
121,6.759919881820679,78911.79922666668,64506.261000000006,0,25,14,31,22,18,23,39,1,36,43,16,45,6,17,41,34,47,12,9,3,24,10,28,35,13,32,42,5,48,49,40,46,21,30,20,44,37,38,29,19,27,8,26,4,2,11,33,7,15,
122,6.796970844268799,77928.75426666668,64506.261000000006,0,25,14,31,22,18,23,39,1,36,43,16,45,6,17,41,34,47,12,9,3,24,10,28,35,13,32,42,5,48,49,40,46,21,30,20,44,37,38,29,19,27,8,26,4,2,11,33,7,15,
123,6.834974050521851,77767.95145333334,64506.261000000006,0,25,14,31,22,18,23,39,1,36,43,16,45,6,17,41,34,47,12,9,3,24,10,28,35,13,32,42,5,48,49,40,46,21,30,20,44,37,38,29,19,27,8,26,4,2,11,33,7,15,
124,6.872931957244873,79505.67101333334,64506.261000000006,0,25,14,31,22,18,23,39,1,36,43,16,45,6,17,41,34,47,12,9,3,24,10,28,35,13,32,42,5,48,49,40,46,21,30,20,44,37,38,29,19,27,8,26,4,2,11,33,7,15,
125,6.9099814891815186,82010.80472000001,64506.261000000006,0,25,14,31,22,18,23,39,1,36,43,16,45,6,17,41,34,47,12,9,3,24,10,28,35,13,32,42,5,48,49,40,46,21,30,20,44,37,38,29,19,27,8,26,4,2,11,33,7,15,
126,6.947944641113281,84000.81804000001,64506.261000000006,0,25,14,31,22,18,23,39,1,36,43,16,45,6,17,41,34,47,12,9,3,24,10,28,35,13,32,42,5,48,49,40,46,21,30,20,44,37,38,29,19,27,8,26,4,2,11,33,7,15,
127,6.984957695007324,82439.17973333332,64506.261000000006,0,25,14,31,22,18,23,39,1,36,43,16,45,6,17,41,34,47,12,9,3,24,10,28,35,13,32,42,5,48,49,40,46,21,30,20,44,37,38,29,19,27,8,26,4,2,11,33,7,15,
128,7.0219199657440186,81588.18973333333,64506.261000000006,0,25,14,31,22,18,23,39,1,36,43,16,45,6,17,41,34,47,12,9,3,24,10,28,35,13,32,42,5,48,49,40,46,21,30,20,44,37,38,29,19,27,8,26,4,2,11,33,7,15,
129,7.059917688369751,84943.30869333333,64506.261000000006,0,25,14,31,22,18,23,39,1,36,43,16,45,6,17,41,34,47,12,9,3,24,10,28,35,13,32,42,5,48,49,40,46,21,30,20,44,37,38,29,19,27,8,26,4,2,11,33,7,15,
130,7.099923372268677,81387.70133333333,64506.261000000006,0,25,14,31,22,18,23,39,1,36,43,16,45,6,17,41,34,47,12,9,3,24,10,28,35,13,32,42,5,48,49,40,46,21,30,20,44,37,38,29,19,27,8,26,4,2,11,33,7,15,
131,7.137922048568726,85371.87929333335,64506.261000000006,0,25,14,31,22,18,23,39,1,36,43,16,45,6,17,41,34,47,12,9,3,24,10,28,35,13,32,42,5,48,49,40,46,21,30,20,44,37,38,29,19,27,8,26,4,2,11,33,7,15,
132,7.173956394195557,82676.53267999999,64506.261000000006,0,25,14,31,22,18,23,39,1,36,43,16,45,6,17,41,34,47,12,9,3,24,10,28,35,13,32,42,5,48,49,40,46,21,30,20,44,37,38,29,19,27,8,26,4,2,11,33,7,15,
133,7.211958169937134,78779.88709333332,64506.261000000006,0,25,14,31,22,18,23,39,1,36,43,16,45,6,17,41,34,47,12,9,3,24,10,28,35,13,32,42,5,48,49,40,46,21,30,20,44,37,38,29,19,27,8,26,4,2,11,33,7,15,
134,7.248995542526245,79895.13029333334,64506.261000000006,0,25,14,31,22,18,23,39,1,36,43,16,45,6,17,41,34,47,12,9,3,24,10,28,35,13,32,42,5,48,49,40,46,21,30,20,44,37,38,29,19,27,8,26,4,2,11,33,7,15,
135,7.286033868789673,79609.12618666666,64506.261000000006,0,25,14,31,22,18,23,39,1,36,43,16,45,6,17,41,34,47,12,9,3,24,10,28,35,13,32,42,5,48,49,40,46,21,30,20,44,37,38,29,19,27,8,26,4,2,11,33,7,15,
136,7.324033498764038,79171.75400000002,64506.261000000006,0,25,14,31,22,18,23,39,1,36,43,16,45,6,17,41,34,47,12,9,3,24,10,28,35,13,32,42,5,48,49,40,46,21,30,20,44,37,38,29,19,27,8,26,4,2,11,33,7,15,
137,7.3640289306640625,89501.08526666668,64506.261000000006,0,25,14,31,22,18,23,39,1,36,43,16,45,6,17,41,34,47,12,9,3,24,10,28,35,13,32,42,5,48,49,40,46,21,30,20,44,37,38,29,19,27,8,26,4,2,11,33,7,15,
138,7.40106987953186,93099.51476,64506.261000000006,0,25,14,31,22,18,23,39,1,36,43,16,45,6,17,41,34,47,12,9,3,24,10,28,35,13,32,42,5,48,49,40,46,21,30,20,44,37,38,29,19,27,8,26,4,2,11,33,7,15,
139,7.439068078994751,91327.94726666668,64506.261000000006,0,25,14,31,22,18,23,39,1,36,43,16,45,6,17,41,34,47,12,9,3,24,10,28,35,13,32,42,5,48,49,40,46,21,30,20,44,37,38,29,19,27,8,26,4,2,11,33,7,15,
140,7.475068092346191,89058.06541333334,64506.261000000006,0,25,14,31,22,18,23,39,1,36,43,16,45,6,17,41,34,47,12,9,3,24,10,28,35,13,32,42,5,48,49,40,46,21,30,20,44,37,38,29,19,27,8,26,4,2,11,33,7,15,
141,7.5121071338653564,87762.29332000001,64506.261000000006,0,25,14,31,22,18,23,39,1,36,43,16,45,6,17,41,34,47,12,9,3,24,10,28,35,13,32,42,5,48,49,40,46,21,30,20,44,37,38,29,19,27,8,26,4,2,11,33,7,15,
142,7.551069498062134,86707.43995999999,64506.261000000006,0,25,14,31,22,18,23,39,1,36,43,16,45,6,17,41,34,47,12,9,3,24,10,28,35,13,32,42,5,48,49,40,46,21,30,20,44,37,38,29,19,27,8,26,4,2,11,33,7,15,
143,7.590105772018433,85617.60173333334,64506.261000000006,0,25,14,31,22,18,23,39,1,36,43,16,45,6,17,41,34,47,12,9,3,24,10,28,35,13,32,42,5,48,49,40,46,21,30,20,44,37,38,29,19,27,8,26,4,2,11,33,7,15,
144,7.627119779586792,85172.27432,64506.261000000006,0,25,14,31,22,18,23,39,1,36,43,16,45,6,17,41,34,47,12,9,3,24,10,28,35,13,32,42,5,48,49,40,46,21,30,20,44,37,38,29,19,27,8,26,4,2,11,33,7,15,
145,7.664169788360596,82609.334,64506.261000000006,0,25,14,31,22,18,23,39,1,36,43,16,45,6,17,41,34,47,12,9,3,24,10,28,35,13,32,42,5,48,49,40,46,21,30,20,44,37,38,29,19,27,8,26,4,2,11,33,7,15,
146,7.7021307945251465,85209.12632000001,64506.261000000006,0,25,14,31,22,18,23,39,1,36,43,16,45,6,17,41,34,47,12,9,3,24,10,28,35,13,32,42,5,48,49,40,46,21,30,20,44,37,38,29,19,27,8,26,4,2,11,33,7,15,
147,7.741129159927368,86499.20348000001,64506.261000000006,0,25,14,31,22,18,23,39,1,36,43,16,45,6,17,41,34,47,12,9,3,24,10,28,35,13,32,42,5,48,49,40,46,21,30,20,44,37,38,29,19,27,8,26,4,2,11,33,7,15,
148,7.779128074645996,77666.12613333334,64506.261000000006,0,25,14,31,22,18,23,39,1,36,43,16,45,6,17,41,34,47,12,9,3,24,10,28,35,13,32,42,5,48,49,40,46,21,30,20,44,37,38,29,19,27,8,26,4,2,11,33,7,15,
149,7.818125009536743,79242.7132,64506.261000000006,0,25,14,31,22,18,23,39,1,36,43,16,45,6,17,41,34,47,12,9,3,24,10,28,35,13,32,42,5,48,49,40,46,21,30,20,44,37,38,29,19,27,8,26,4,2,11,33,7,15,
150,7.8551414012908936,81036.13666666667,64506.261000000006,0,25,14,31,22,18,23,39,1,36,43,16,45,6,17,41,34,47,12,9,3,24,10,28,35,13,32,42,5,48,49,40,46,21,30,20,44,37,38,29,19,27,8,26,4,2,11,33,7,15,
151,7.892154693603516,82533.64261333334,64506.261000000006,0,25,14,31,22,18,23,39,1,36,43,16,45,6,17,41,34,47,12,9,3,24,10,28,35,13,32,42,5,48,49,40,46,21,30,20,44,37,38,29,19,27,8,26,4,2,11,33,7,15,
152,7.929168462753296,83276.18874666667,64506.261000000006,0,25,14,31,22,18,23,39,1,36,43,16,45,6,17,41,34,47,12,9,3,24,10,28,35,13,32,42,5,48,49,40,46,21,30,20,44,37,38,29,19,27,8,26,4,2,11,33,7,15,
153,7.965166807174683,87745.23392,64506.261000000006,0,25,14,31,22,18,23,39,1,36,43,16,45,6,17,41,34,47,12,9,3,24,10,28,35,13,32,42,5,48,49,40,46,21,30,20,44,37,38,29,19,27,8,26,4,2,11,33,7,15,
154,8.003237962722778,86143.33022666667,64506.261000000006,0,25,14,31,22,18,23,39,1,36,43,16,45,6,17,41,34,47,12,9,3,24,10,28,35,13,32,42,5,48,49,40,46,21,30,20,44,37,38,29,19,27,8,26,4,2,11,33,7,15,
155,8.040270566940308,85223.29061333333,64506.261000000006,0,25,14,31,22,18,23,39,1,36,43,16,45,6,17,41,34,47,12,9,3,24,10,28,35,13,32,42,5,48,49,40,46,21,30,20,44,37,38,29,19,27,8,26,4,2,11,33,7,15,
156,8.077231884002686,87879.81134666667,64506.261000000006,0,25,14,31,22,18,23,39,1,36,43,16,45,6,17,41,34,47,12,9,3,24,10,28,35,13,32,42,5,48,49,40,46,21,30,20,44,37,38,29,19,27,8,26,4,2,11,33,7,15,
157,8.11527156829834,82467.87345333333,64506.261000000006,0,25,14,31,22,18,23,39,1,36,43,16,45,6,17,41,34,47,12,9,3,24,10,28,35,13,32,42,5,48,49,40,46,21,30,20,44,37,38,29,19,27,8,26,4,2,11,33,7,15,
158,8.154274463653564,84371.30306666667,64506.261000000006,0,25,14,31,22,18,23,39,1,36,43,16,45,6,17,41,34,47,12,9,3,24,10,28,35,13,32,42,5,48,49,40,46,21,30,20,44,37,38,29,19,27,8,26,4,2,11,33,7,15,
159,8.193271398544312,81580.57665333334,64506.261000000006,0,25,14,31,22,18,23,39,1,36,43,16,45,6,17,41,34,47,12,9,3,24,10,28,35,13,32,42,5,48,49,40,46,21,30,20,44,37,38,29,19,27,8,26,4,2,11,33,7,15,
160,8.233311653137207,77341.52518666667,64506.261000000006,0,25,14,31,22,18,23,39,1,36,43,16,45,6,17,41,34,47,12,9,3,24,10,28,35,13,32,42,5,48,49,40,46,21,30,20,44,37,38,29,19,27,8,26,4,2,11,33,7,15,
161,8.2703115940094,79194.85853333333,64506.261000000006,0,25,14,31,22,18,23,39,1,36,43,16,45,6,17,41,34,47,12,9,3,24,10,28,35,13,32,42,5,48,49,40,46,21,30,20,44,37,38,29,19,27,8,26,4,2,11,33,7,15,
162,8.311310291290283,79090.00368000001,64506.261000000006,0,25,14,31,22,18,23,39,1,36,43,16,45,6,17,41,34,47,12,9,3,24,10,28,35,13,32,42,5,48,49,40,46,21,30,20,44,37,38,29,19,27,8,26,4,2,11,33,7,15,
163,8.350308418273926,78605.24890666666,64506.261000000006,0,25,14,31,22,18,23,39,1,36,43,16,45,6,17,41,34,47,12,9,3,24,10,28,35,13,32,42,5,48,49,40,46,21,30,20,44,37,38,29,19,27,8,26,4,2,11,33,7,15,
164,8.38634729385376,79275.17149333333,64506.261000000006,0,25,14,31,22,18,23,39,1,36,43,16,45,6,17,41,34,47,12,9,3,24,10,28,35,13,32,42,5,48,49,40,46,21,30,20,44,37,38,29,19,27,8,26,4,2,11,33,7,15,
165,8.426349639892578,78656.98605333333,64506.261000000006,0,25,14,31,22,18,23,39,1,36,43,16,45,6,17,41,34,47,12,9,3,24,10,28,35,13,32,42,5,48,49,40,46,21,30,20,44,37,38,29,19,27,8,26,4,2,11,33,7,15,
166,8.465316534042358,81872.04773333333,64506.261000000006,0,25,14,31,22,18,23,39,1,36,43,16,45,6,17,41,34,47,12,9,3,24,10,28,35,13,32,42,5,48,49,40,46,21,30,20,44,37,38,29,19,27,8,26,4,2,11,33,7,15,
167,8.502355337142944,81288.99238666668,64506.261000000006,0,25,14,31,22,18,23,39,1,36,43,16,45,6,17,41,34,47,12,9,3,24,10,28,35,13,32,42,5,48,49,40,46,21,30,20,44,37,38,29,19,27,8,26,4,2,11,33,7,15,
168,8.540312767028809,85206.19824000001,64506.261000000006,0,25,14,31,22,18,23,39,1,36,43,16,45,6,17,41,34,47,12,9,3,24,10,28,35,13,32,42,5,48,49,40,46,21,30,20,44,37,38,29,19,27,8,26,4,2,11,33,7,15,
169,8.580287218093872,79996.93188,64506.261000000006,0,25,14,31,22,18,23,39,1,36,43,16,45,6,17,41,34,47,12,9,3,24,10,28,35,13,32,42,5,48,49,40,46,21,30,20,44,37,38,29,19,27,8,26,4,2,11,33,7,15,
170,8.61729121208191,76399.16140000001,64506.261000000006,0,25,14,31,22,18,23,39,1,36,43,16,45,6,17,41,34,47,12,9,3,24,10,28,35,13,32,42,5,48,49,40,46,21,30,20,44,37,38,29,19,27,8,26,4,2,11,33,7,15,
171,8.655341386795044,79128.6634,64506.261000000006,0,25,14,31,22,18,23,39,1,36,43,16,45,6,17,41,34,47,12,9,3,24,10,28,35,13,32,42,5,48,49,40,46,21,30,20,44,37,38,29,19,27,8,26,4,2,11,33,7,15,
172,8.690380573272705,77983.86329333336,64506.261000000006,0,25,14,31,22,18,23,39,1,36,43,16,45,6,17,41,34,47,12,9,3,24,10,28,35,13,32,42,5,48,49,40,46,21,30,20,44,37,38,29,19,27,8,26,4,2,11,33,7,15,
173,8.727380514144897,75808.83316000001,64506.261000000006,0,25,14,31,22,18,23,39,1,36,43,16,45,6,17,41,34,47,12,9,3,24,10,28,35,13,32,42,5,48,49,40,46,21,30,20,44,37,38,29,19,27,8,26,4,2,11,33,7,15,
174,8.765384674072266,74971.67729333334,64506.261000000006,0,25,14,31,22,18,23,39,1,36,43,16,45,6,17,41,34,47,12,9,3,24,10,28,35,13,32,42,5,48,49,40,46,21,30,20,44,37,38,29,19,27,8,26,4,2,11,33,7,15,
175,8.80134391784668,75238.9902,64506.261000000006,0,25,14,31,22,18,23,39,1,36,43,16,45,6,17,41,34,47,12,9,3,24,10,28,35,13,32,42,5,48,49,40,46,21,30,20,44,37,38,29,19,27,8,26,4,2,11,33,7,15,
176,8.84039855003357,76692.20446666666,64506.261000000006,0,25,14,31,22,18,23,39,1,36,43,16,45,6,17,41,34,47,12,9,3,24,10,28,35,13,32,42,5,48,49,40,46,21,30,20,44,37,38,29,19,27,8,26,4,2,11,33,7,15,
177,8.877406358718872,76443.98690666667,64506.261000000006,0,25,14,31,22,18,23,39,1,36,43,16,45,6,17,41,34,47,12,9,3,24,10,28,35,13,32,42,5,48,49,40,46,21,30,20,44,37,38,29,19,27,8,26,4,2,11,33,7,15,
178,8.913439989089966,79546.83245333334,64506.261000000006,0,25,14,31,22,18,23,39,1,36,43,16,45,6,17,41,34,47,12,9,3,24,10,28,35,13,32,42,5,48,49,40,46,21,30,20,44,37,38,29,19,27,8,26,4,2,11,33,7,15,
179,8.952441930770874,77230.50725333333,64506.261000000006,0,25,14,31,22,18,23,39,1,36,43,16,45,6,17,41,34,47,12,9,3,24,10,28,35,13,32,42,5,48,49,40,46,21,30,20,44,37,38,29,19,27,8,26,4,2,11,33,7,15,
180,8.99144196510315,82572.46244,64506.261000000006,0,25,14,31,22,18,23,39,1,36,43,16,45,6,17,41,34,47,12,9,3,24,10,28,35,13,32,42,5,48,49,40,46,21,30,20,44,37,38,29,19,27,8,26,4,2,11,33,7,15,
181,9.03039813041687,80915.65608,64506.261000000006,0,25,14,31,22,18,23,39,1,36,43,16,45,6,17,41,34,47,12,9,3,24,10,28,35,13,32,42,5,48,49,40,46,21,30,20,44,37,38,29,19,27,8,26,4,2,11,33,7,15,
182,9.070448160171509,80186.1596,64506.261000000006,0,25,14,31,22,18,23,39,1,36,43,16,45,6,17,41,34,47,12,9,3,24,10,28,35,13,32,42,5,48,49,40,46,21,30,20,44,37,38,29,19,27,8,26,4,2,11,33,7,15,
183,9.108407497406006,79731.92253333335,64506.261000000006,0,25,14,31,22,18,23,39,1,36,43,16,45,6,17,41,34,47,12,9,3,24,10,28,35,13,32,42,5,48,49,40,46,21,30,20,44,37,38,29,19,27,8,26,4,2,11,33,7,15,
184,9.145442962646484,81909.80642666665,64506.261000000006,0,25,14,31,22,18,23,39,1,36,43,16,45,6,17,41,34,47,12,9,3,24,10,28,35,13,32,42,5,48,49,40,46,21,30,20,44,37,38,29,19,27,8,26,4,2,11,33,7,15,
185,9.182441234588623,84592.97689333333,64506.261000000006,0,25,14,31,22,18,23,39,1,36,43,16,45,6,17,41,34,47,12,9,3,24,10,28,35,13,32,42,5,48,49,40,46,21,30,20,44,37,38,29,19,27,8,26,4,2,11,33,7,15,
186,9.220439910888672,85486.81954666667,64506.261000000006,0,25,14,31,22,18,23,39,1,36,43,16,45,6,17,41,34,47,12,9,3,24,10,28,35,13,32,42,5,48,49,40,46,21,30,20,44,37,38,29,19,27,8,26,4,2,11,33,7,15,
187,9.25748085975647,84145.49405333333,64506.261000000006,0,25,14,31,22,18,23,39,1,36,43,16,45,6,17,41,34,47,12,9,3,24,10,28,35,13,32,42,5,48,49,40,46,21,30,20,44,37,38,29,19,27,8,26,4,2,11,33,7,15,
188,9.294517278671265,87711.01642666668,64506.261000000006,0,25,14,31,22,18,23,39,1,36,43,16,45,6,17,41,34,47,12,9,3,24,10,28,35,13,32,42,5,48,49,40,46,21,30,20,44,37,38,29,19,27,8,26,4,2,11,33,7,15,
189,9.333475589752197,81661.79909333336,64506.261000000006,0,25,14,31,22,18,23,39,1,36,43,16,45,6,17,41,34,47,12,9,3,24,10,28,35,13,32,42,5,48,49,40,46,21,30,20,44,37,38,29,19,27,8,26,4,2,11,33,7,15,
190,9.37052583694458,80697.22036,64506.261000000006,0,25,14,31,22,18,23,39,1,36,43,16,45,6,17,41,34,47,12,9,3,24,10,28,35,13,32,42,5,48,49,40,46,21,30,20,44,37,38,29,19,27,8,26,4,2,11,33,7,15,
191,9.409519672393799,81718.83540000001,64506.261000000006,0,25,14,31,22,18,23,39,1,36,43,16,45,6,17,41,34,47,12,9,3,24,10,28,35,13,32,42,5,48,49,40,46,21,30,20,44,37,38,29,19,27,8,26,4,2,11,33,7,15,
192,9.448519468307495,77760.61425333336,64506.261000000006,0,25,14,31,22,18,23,39,1,36,43,16,45,6,17,41,34,47,12,9,3,24,10,28,35,13,32,42,5,48,49,40,46,21,30,20,44,37,38,29,19,27,8,26,4,2,11,33,7,15,
193,9.48752236366272,79482.02985333334,64506.261000000006,0,25,14,31,22,18,23,39,1,36,43,16,45,6,17,41,34,47,12,9,3,24,10,28,35,13,32,42,5,48,49,40,46,21,30,20,44,37,38,29,19,27,8,26,4,2,11,33,7,15,
194,9.526484251022339,79109.63852000002,64506.261000000006,0,25,14,31,22,18,23,39,1,36,43,16,45,6,17,41,34,47,12,9,3,24,10,28,35,13,32,42,5,48,49,40,46,21,30,20,44,37,38,29,19,27,8,26,4,2,11,33,7,15,
195,9.564452409744263,79224.09637333335,64506.261000000006,0,25,14,31,22,18,23,39,1,36,43,16,45,6,17,41,34,47,12,9,3,24,10,28,35,13,32,42,5,48,49,40,46,21,30,20,44,37,38,29,19,27,8,26,4,2,11,33,7,15,
196,9.601454019546509,79562.12688000001,64506.261000000006,0,25,14,31,22,18,23,39,1,36,43,16,45,6,17,41,34,47,12,9,3,24,10,28,35,13,32,42,5,48,49,40,46,21,30,20,44,37,38,29,19,27,8,26,4,2,11,33,7,15,
197,9.639456272125244,77887.43658666669,64506.261000000006,0,25,14,31,22,18,23,39,1,36,43,16,45,6,17,41,34,47,12,9,3,24,10,28,35,13,32,42,5,48,49,40,46,21,30,20,44,37,38,29,19,27,8,26,4,2,11,33,7,15,
198,9.676419734954834,80168.01110666666,64506.261000000006,0,25,14,31,22,18,23,39,1,36,43,16,45,6,17,41,34,47,12,9,3,24,10,28,35,13,32,42,5,48,49,40,46,21,30,20,44,37,38,29,19,27,8,26,4,2,11,33,7,15,
199,11.678456783294678,79334.98314666668,64506.261000000006,0,25,14,31,22,18,23,39,1,36,43,16,45,6,17,41,34,47,12,9,3,24,10,28,35,13,32,42,5,48,49,40,46,21,30,20,44,37,38,29,19,27,8,26,4,2,11,33,7,15,
200,11.715495824813843,76936.21950666668,63963.096000000005,0,25,14,31,22,18,23,39,1,36,43,16,45,6,41,17,34,47,12,9,3,24,10,28,35,13,32,42,5,48,49,40,46,21,30,20,44,37,38,29,19,27,8,26,4,2,11,33,7,15,
201,11.753456115722656,77725.44225333333,63963.096000000005,0,25,14,31,22,18,23,39,1,36,43,16,45,6,41,17,34,47,12,9,3,24,10,28,35,13,32,42,5,48,49,40,46,21,30,20,44,37,38,29,19,27,8,26,4,2,11,33,7,15,
202,11.790457010269165,80189.63630666668,63963.096000000005,0,25,14,31,22,18,23,39,1,36,43,16,45,6,41,17,34,47,12,9,3,24,10,28,35,13,32,42,5,48,49,40,46,21,30,20,44,37,38,29,19,27,8,26,4,2,11,33,7,15,
203,11.830460548400879,78462.45594666667,63963.096000000005,0,25,14,31,22,18,23,39,1,36,43,16,45,6,41,17,34,47,12,9,3,24,10,28,35,13,32,42,5,48,49,40,46,21,30,20,44,37,38,29,19,27,8,26,4,2,11,33,7,15,
204,11.871464967727661,81320.72596000001,63963.096000000005,0,25,14,31,22,18,23,39,1,36,43,16,45,6,41,17,34,47,12,9,3,24,10,28,35,13,32,42,5,48,49,40,46,21,30,20,44,37,38,29,19,27,8,26,4,2,11,33,7,15,
205,11.910430908203125,78058.34874666667,63963.096000000005,0,25,14,31,22,18,23,39,1,36,43,16,45,6,41,17,34,47,12,9,3,24,10,28,35,13,32,42,5,48,49,40,46,21,30,20,44,37,38,29,19,27,8,26,4,2,11,33,7,15,
206,11.947428464889526,77678.64962666667,63963.096000000005,0,25,14,31,22,18,23,39,1,36,43,16,45,6,41,17,34,47,12,9,3,24,10,28,35,13,32,42,5,48,49,40,46,21,30,20,44,37,38,29,19,27,8,26,4,2,11,33,7,15,
207,11.98543119430542,79897.66054666667,63963.096000000005,0,25,14,31,22,18,23,39,1,36,43,16,45,6,41,17,34,47,12,9,3,24,10,28,35,13,32,42,5,48,49,40,46,21,30,20,44,37,38,29,19,27,8,26,4,2,11,33,7,15,
208,12.024430274963379,79110.17901333333,63963.096000000005,0,25,14,31,22,18,23,39,1,36,43,16,45,6,41,17,34,47,12,9,3,24,10,28,35,13,32,42,5,48,49,40,46,21,30,20,44,37,38,29,19,27,8,26,4,2,11,33,7,15,
209,12.062428951263428,77835.59848000002,63963.096000000005,0,25,14,31,22,18,23,39,1,36,43,16,45,6,41,17,34,47,12,9,3,24,10,28,35,13,32,42,5,48,49,40,46,21,30,20,44,37,38,29,19,27,8,26,4,2,11,33,7,15,
210,12.100384712219238,77494.12898666669,63963.096000000005,0,25,14,31,22,18,23,39,1,36,43,16,45,6,41,17,34,47,12,9,3,24,10,28,35,13,32,42,5,48,49,40,46,21,30,20,44,37,38,29,19,27,8,26,4,2,11,33,7,15,
211,12.137438774108887,77157.58144000002,63963.096000000005,0,25,14,31,22,18,23,39,1,36,43,16,45,6,41,17,34,47,12,9,3,24,10,28,35,13,32,42,5,48,49,40,46,21,30,20,44,37,38,29,19,27,8,26,4,2,11,33,7,15,
212,12.17543625831604,82633.03433333333,63963.096000000005,0,25,14,31,22,18,23,39,1,36,43,16,45,6,41,17,34,47,12,9,3,24,10,28,35,13,32,42,5,48,49,40,46,21,30,20,44,37,38,29,19,27,8,26,4,2,11,33,7,15,
213,12.21243667602539,82432.84737333334,63963.096000000005,0,25,14,31,22,18,23,39,1,36,43,16,45,6,41,17,34,47,12,9,3,24,10,28,35,13,32,42,5,48,49,40,46,21,30,20,44,37,38,29,19,27,8,26,4,2,11,33,7,15,
214,12.249395608901978,83464.08502666667,63963.096000000005,0,25,14,31,22,18,23,39,1,36,43,16,45,6,41,17,34,47,12,9,3,24,10,28,35,13,32,42,5,48,49,40,46,21,30,20,44,37,38,29,19,27,8,26,4,2,11,33,7,15,
215,12.288407564163208,82076.16745333336,63963.096000000005,0,25,14,31,22,18,23,39,1,36,43,16,45,6,41,17,34,47,12,9,3,24,10,28,35,13,32,42,5,48,49,40,46,21,30,20,44,37,38,29,19,27,8,26,4,2,11,33,7,15,
216,12.32537031173706,83793.09761333335,63963.096000000005,0,25,14,31,22,18,23,39,1,36,43,16,45,6,41,17,34,47,12,9,3,24,10,28,35,13,32,42,5,48,49,40,46,21,30,20,44,37,38,29,19,27,8,26,4,2,11,33,7,15,
217,12.363371849060059,92353.08389333333,63963.096000000005,0,25,14,31,22,18,23,39,1,36,43,16,45,6,41,17,34,47,12,9,3,24,10,28,35,13,32,42,5,48,49,40,46,21,30,20,44,37,38,29,19,27,8,26,4,2,11,33,7,15,
218,12.4013192653656,91802.82306666666,63963.096000000005,0,25,14,31,22,18,23,39,1,36,43,16,45,6,41,17,34,47,12,9,3,24,10,28,35,13,32,42,5,48,49,40,46,21,30,20,44,37,38,29,19,27,8,26,4,2,11,33,7,15,
219,12.43935251235962,89040.21392000002,63963.096000000005,0,25,14,31,22,18,23,39,1,36,43,16,45,6,41,17,34,47,12,9,3,24,10,28,35,13,32,42,5,48,49,40,46,21,30,20,44,37,38,29,19,27,8,26,4,2,11,33,7,15,
220,12.476352214813232,81194.55876000001,63963.096000000005,0,25,14,31,22,18,23,39,1,36,43,16,45,6,41,17,34,47,12,9,3,24,10,28,35,13,32,42,5,48,49,40,46,21,30,20,44,37,38,29,19,27,8,26,4,2,11,33,7,15,
221,12.51235318183899,84394.59868000001,63963.096000000005,0,25,14,31,22,18,23,39,1,36,43,16,45,6,41,17,34,47,12,9,3,24,10,28,35,13,32,42,5,48,49,40,46,21,30,20,44,37,38,29,19,27,8,26,4,2,11,33,7,15,
222,12.548312187194824,85459.23308000002,63963.096000000005,0,25,14,31,22,18,23,39,1,36,43,16,45,6,41,17,34,47,12,9,3,24,10,28,35,13,32,42,5,48,49,40,46,21,30,20,44,37,38,29,19,27,8,26,4,2,11,33,7,15,
223,12.585346221923828,84604.07344000002,63963.096000000005,0,25,14,31,22,18,23,39,1,36,43,16,45,6,41,17,34,47,12,9,3,24,10,28,35,13,32,42,5,48,49,40,46,21,30,20,44,37,38,29,19,27,8,26,4,2,11,33,7,15,
224,12.622385740280151,84206.11477333335,63963.096000000005,0,25,14,31,22,18,23,39,1,36,43,16,45,6,41,17,34,47,12,9,3,24,10,28,35,13,32,42,5,48,49,40,46,21,30,20,44,37,38,29,19,27,8,26,4,2,11,33,7,15,
225,12.65842604637146,84372.85050666667,63963.096000000005,0,25,14,31,22,18,23,39,1,36,43,16,45,6,41,17,34,47,12,9,3,24,10,28,35,13,32,42,5,48,49,40,46,21,30,20,44,37,38,29,19,27,8,26,4,2,11,33,7,15,
226,12.698416233062744,83641.84712000002,63963.096000000005,0,25,14,31,22,18,23,39,1,36,43,16,45,6,41,17,34,47,12,9,3,24,10,28,35,13,32,42,5,48,49,40,46,21,30,20,44,37,38,29,19,27,8,26,4,2,11,33,7,15,
227,12.736382961273193,84156.93685333335,63963.096000000005,0,25,14,31,22,18,23,39,1,36,43,16,45,6,41,17,34,47,12,9,3,24,10,28,35,13,32,42,5,48,49,40,46,21,30,20,44,37,38,29,19,27,8,26,4,2,11,33,7,15,
228,12.7723867893219,86433.56706666668,63963.096000000005,0,25,14,31,22,18,23,39,1,36,43,16,45,6,41,17,34,47,12,9,3,24,10,28,35,13,32,42,5,48,49,40,46,21,30,20,44,37,38,29,19,27,8,26,4,2,11,33,7,15,
229,12.808422565460205,80464.77021333334,63963.096000000005,0,25,14,31,22,18,23,39,1,36,43,16,45,6,41,17,34,47,12,9,3,24,10,28,35,13,32,42,5,48,49,40,46,21,30,20,44,37,38,29,19,27,8,26,4,2,11,33,7,15,
230,12.846389055252075,83365.65909333335,63963.096000000005,0,25,14,31,22,18,23,39,1,36,43,16,45,6,41,17,34,47,12,9,3,24,10,28,35,13,32,42,5,48,49,40,46,21,30,20,44,37,38,29,19,27,8,26,4,2,11,33,7,15,
231,12.885398387908936,83644.62357333336,63963.096000000005,0,25,14,31,22,18,23,39,1,36,43,16,45,6,41,17,34,47,12,9,3,24,10,28,35,13,32,42,5,48,49,40,46,21,30,20,44,37,38,29,19,27,8,26,4,2,11,33,7,15,
232,12.923394441604614,85425.31453333334,63963.096000000005,0,25,14,31,22,18,23,39,1,36,43,16,45,6,41,17,34,47,12,9,3,24,10,28,35,13,32,42,5,48,49,40,46,21,30,20,44,37,38,29,19,27,8,26,4,2,11,33,7,15,
233,12.961393117904663,83131.94026666667,63963.096000000005,0,25,14,31,22,18,23,39,1,36,43,16,45,6,41,17,34,47,12,9,3,24,10,28,35,13,32,42,5,48,49,40,46,21,30,20,44,37,38,29,19,27,8,26,4,2,11,33,7,15,
234,12.999391794204712,79080.08690666666,63963.096000000005,0,25,14,31,22,18,23,39,1,36,43,16,45,6,41,17,34,47,12,9,3,24,10,28,35,13,32,42,5,48,49,40,46,21,30,20,44,37,38,29,19,27,8,26,4,2,11,33,7,15,
235,13.036391019821167,78393.5252,63963.096000000005,0,25,14,31,22,18,23,39,1,36,43,16,45,6,41,17,34,47,12,9,3,24,10,28,35,13,32,42,5,48,49,40,46,21,30,20,44,37,38,29,19,27,8,26,4,2,11,33,7,15,
236,13.075388431549072,80002.10117333334,63963.096000000005,0,25,14,31,22,18,23,39,1,36,43,16,45,6,41,17,34,47,12,9,3,24,10,28,35,13,32,42,5,48,49,40,46,21,30,20,44,37,38,29,19,27,8,26,4,2,11,33,7,15,
237,13.111424922943115,79837.24693333334,63963.096000000005,0,25,14,31,22,18,23,39,1,36,43,16,45,6,41,17,34,47,12,9,3,24,10,28,35,13,32,42,5,48,49,40,46,21,30,20,44,37,38,29,19,27,8,26,4,2,11,33,7,15,
238,13.150424242019653,77397.26626666666,63963.096000000005,0,25,14,31,22,18,23,39,1,36,43,16,45,6,41,17,34,47,12,9,3,24,10,28,35,13,32,42,5,48,49,40,46,21,30,20,44,37,38,29,19,27,8,26,4,2,11,33,7,15,
239,13.187440395355225,78652.28189333335,63963.096000000005,0,25,14,31,22,18,23,39,1,36,43,16,45,6,41,17,34,47,12,9,3,24,10,28,35,13,32,42,5,48,49,40,46,21,30,20,44,37,38,29,19,27,8,26,4,2,11,33,7,15,
240,13.226495027542114,80141.02082666667,63963.096000000005,0,25,14,31,22,18,23,39,1,36,43,16,45,6,41,17,34,47,12,9,3,24,10,28,35,13,32,42,5,48,49,40,46,21,30,20,44,37,38,29,19,27,8,26,4,2,11,33,7,15,
241,13.264505386352539,80403.11848,63963.096000000005,0,25,14,31,22,18,23,39,1,36,43,16,45,6,41,17,34,47,12,9,3,24,10,28,35,13,32,42,5,48,49,40,46,21,30,20,44,37,38,29,19,27,8,26,4,2,11,33,7,15,
242,13.303546667098999,80836.03693333332,63963.096000000005,0,25,14,31,22,18,23,39,1,36,43,16,45,6,41,17,34,47,12,9,3,24,10,28,35,13,32,42,5,48,49,40,46,21,30,20,44,37,38,29,19,27,8,26,4,2,11,33,7,15,
243,13.343545198440552,77716.91464,63963.096000000005,0,25,14,31,22,18,23,39,1,36,43,16,45,6,41,17,34,47,12,9,3,24,10,28,35,13,32,42,5,48,49,40,46,21,30,20,44,37,38,29,19,27,8,26,4,2,11,33,7,15,
244,13.380547285079956,78389.40882666667,63963.096000000005,0,25,14,31,22,18,23,39,1,36,43,16,45,6,41,17,34,47,12,9,3,24,10,28,35,13,32,42,5,48,49,40,46,21,30,20,44,37,38,29,19,27,8,26,4,2,11,33,7,15,
245,13.417598962783813,78586.91776,63963.096000000005,0,25,14,31,22,18,23,39,1,36,43,16,45,6,41,17,34,47,12,9,3,24,10,28,35,13,32,42,5,48,49,40,46,21,30,20,44,37,38,29,19,27,8,26,4,2,11,33,7,15,
246,13.455596923828125,79927.86709333333,63963.096000000005,0,25,14,31,22,18,23,39,1,36,43,16,45,6,41,17,34,47,12,9,3,24,10,28,35,13,32,42,5,48,49,40,46,21,30,20,44,37,38,29,19,27,8,26,4,2,11,33,7,15,
247,13.49555778503418,87735.75450666666,63963.096000000005,0,25,14,31,22,18,23,39,1,36,43,16,45,6,41,17,34,47,12,9,3,24,10,28,35,13,32,42,5,48,49,40,46,21,30,20,44,37,38,29,19,27,8,26,4,2,11,33,7,15,
248,13.53651738166809,85713.77237333333,63963.096000000005,0,25,14,31,22,18,23,39,1,36,43,16,45,6,41,17,34,47,12,9,3,24,10,28,35,13,32,42,5,48,49,40,46,21,30,20,44,37,38,29,19,27,8,26,4,2,11,33,7,15,
249,13.573476552963257,87864.60496,63963.096000000005,0,25,14,31,22,18,23,39,1,36,43,16,45,6,41,17,34,47,12,9,3,24,10,28,35,13,32,42,5,48,49,40,46,21,30,20,44,37,38,29,19,27,8,26,4,2,11,33,7,15,
250,13.612476587295532,87534.01506666666,63963.096000000005,0,25,14,31,22,18,23,39,1,36,43,16,45,6,41,17,34,47,12,9,3,24,10,28,35,13,32,42,5,48,49,40,46,21,30,20,44,37,38,29,19,27,8,26,4,2,11,33,7,15,
251,13.651474952697754,88291.30709333334,63963.096000000005,0,25,14,31,22,18,23,39,1,36,43,16,45,6,41,17,34,47,12,9,3,24,10,28,35,13,32,42,5,48,49,40,46,21,30,20,44,37,38,29,19,27,8,26,4,2,11,33,7,15,
252,13.688515186309814,87026.86221333334,63963.096000000005,0,25,14,31,22,18,23,39,1,36,43,16,45,6,41,17,34,47,12,9,3,24,10,28,35,13,32,42,5,48,49,40,46,21,30,20,44,37,38,29,19,27,8,26,4,2,11,33,7,15,
253,13.72650957107544,82253.96370666666,63963.096000000005,0,25,14,31,22,18,23,39,1,36,43,16,45,6,41,17,34,47,12,9,3,24,10,28,35,13,32,42,5,48,49,40,46,21,30,20,44,37,38,29,19,27,8,26,4,2,11,33,7,15,
254,13.766469955444336,80753.27797333333,63963.096000000005,0,25,14,31,22,18,23,39,1,36,43,16,45,6,41,17,34,47,12,9,3,24,10,28,35,13,32,42,5,48,49,40,46,21,30,20,44,37,38,29,19,27,8,26,4,2,11,33,7,15,
255,13.804428577423096,79570.65504,63963.096000000005,0,25,14,31,22,18,23,39,1,36,43,16,45,6,41,17,34,47,12,9,3,24,10,28,35,13,32,42,5,48,49,40,46,21,30,20,44,37,38,29,19,27,8,26,4,2,11,33,7,15,
256,13.842426300048828,77348.65893333334,63963.096000000005,0,25,14,31,22,18,23,39,1,36,43,16,45,6,41,17,34,47,12,9,3,24,10,28,35,13,32,42,5,48,49,40,46,21,30,20,44,37,38,29,19,27,8,26,4,2,11,33,7,15,
257,13.889424085617065,79357.51983999998,63963.096000000005,0,25,14,31,22,18,23,39,1,36,43,16,45,6,41,17,34,47,12,9,3,24,10,28,35,13,32,42,5,48,49,40,46,21,30,20,44,37,38,29,19,27,8,26,4,2,11,33,7,15,
258,13.925422191619873,83516.99784000001,63963.096000000005,0,25,14,31,22,18,23,39,1,36,43,16,45,6,41,17,34,47,12,9,3,24,10,28,35,13,32,42,5,48,49,40,46,21,30,20,44,37,38,29,19,27,8,26,4,2,11,33,7,15,
259,13.962462425231934,84851.01434666668,63963.096000000005,0,25,14,31,22,18,23,39,1,36,43,16,45,6,41,17,34,47,12,9,3,24,10,28,35,13,32,42,5,48,49,40,46,21,30,20,44,37,38,29,19,27,8,26,4,2,11,33,7,15,
260,13.99946141242981,81447.23557333332,63963.096000000005,0,25,14,31,22,18,23,39,1,36,43,16,45,6,41,17,34,47,12,9,3,24,10,28,35,13,32,42,5,48,49,40,46,21,30,20,44,37,38,29,19,27,8,26,4,2,11,33,7,15,
261,14.037428617477417,84008.81277333332,63963.096000000005,0,25,14,31,22,18,23,39,1,36,43,16,45,6,41,17,34,47,12,9,3,24,10,28,35,13,32,42,5,48,49,40,46,21,30,20,44,37,38,29,19,27,8,26,4,2,11,33,7,15,
262,14.076422214508057,77344.47704,63963.096000000005,0,25,14,31,22,18,23,39,1,36,43,16,45,6,41,17,34,47,12,9,3,24,10,28,35,13,32,42,5,48,49,40,46,21,30,20,44,37,38,29,19,27,8,26,4,2,11,33,7,15,
263,14.11341905593872,77058.94069333335,63963.096000000005,0,25,14,31,22,18,23,39,1,36,43,16,45,6,41,17,34,47,12,9,3,24,10,28,35,13,32,42,5,48,49,40,46,21,30,20,44,37,38,29,19,27,8,26,4,2,11,33,7,15,
264,14.151413679122925,75774.16984,63963.096000000005,0,25,14,31,22,18,23,39,1,36,43,16,45,6,41,17,34,47,12,9,3,24,10,28,35,13,32,42,5,48,49,40,46,21,30,20,44,37,38,29,19,27,8,26,4,2,11,33,7,15,
265,14.189412355422974,78153.18901333334,63963.096000000005,0,25,14,31,22,18,23,39,1,36,43,16,45,6,41,17,34,47,12,9,3,24,10,28,35,13,32,42,5,48,49,40,46,21,30,20,44,37,38,29,19,27,8,26,4,2,11,33,7,15,
266,14.229397058486938,77255.92453333334,63963.096000000005,0,25,14,31,22,18,23,39,1,36,43,16,45,6,41,17,34,47,12,9,3,24,10,28,35,13,32,42,5,48,49,40,46,21,30,20,44,37,38,29,19,27,8,26,4,2,11,33,7,15,
267,14.26735806465149,77467.77472,63963.096000000005,0,25,14,31,22,18,23,39,1,36,43,16,45,6,41,17,34,47,12,9,3,24,10,28,35,13,32,42,5,48,49,40,46,21,30,20,44,37,38,29,19,27,8,26,4,2,11,33,7,15,
268,14.30440878868103,77883.44941333334,63963.096000000005,0,25,14,31,22,18,23,39,1,36,43,16,45,6,41,17,34,47,12,9,3,24,10,28,35,13,32,42,5,48,49,40,46,21,30,20,44,37,38,29,19,27,8,26,4,2,11,33,7,15,
269,14.341447353363037,78862.48760000001,63963.096000000005,0,25,14,31,22,18,23,39,1,36,43,16,45,6,41,17,34,47,12,9,3,24,10,28,35,13,32,42,5,48,49,40,46,21,30,20,44,37,38,29,19,27,8,26,4,2,11,33,7,15,
270,14.37940263748169,83384.52210666667,63963.096000000005,0,25,14,31,22,18,23,39,1,36,43,16,45,6,41,17,34,47,12,9,3,24,10,28,35,13,32,42,5,48,49,40,46,21,30,20,44,37,38,29,19,27,8,26,4,2,11,33,7,15,
271,14.41836428642273,82155.54437333332,63963.096000000005,0,25,14,31,22,18,23,39,1,36,43,16,45,6,41,17,34,47,12,9,3,24,10,28,35,13,32,42,5,48,49,40,46,21,30,20,44,37,38,29,19,27,8,26,4,2,11,33,7,15,
272,14.456325054168701,80631.47965333334,63963.096000000005,0,25,14,31,22,18,23,39,1,36,43,16,45,6,41,17,34,47,12,9,3,24,10,28,35,13,32,42,5,48,49,40,46,21,30,20,44,37,38,29,19,27,8,26,4,2,11,33,7,15,
273,14.493324756622314,80810.23029333334,63963.096000000005,0,25,14,31,22,18,23,39,1,36,43,16,45,6,41,17,34,47,12,9,3,24,10,28,35,13,32,42,5,48,49,40,46,21,30,20,44,37,38,29,19,27,8,26,4,2,11,33,7,15,
274,14.534324884414673,83653.89776,63963.096000000005,0,25,14,31,22,18,23,39,1,36,43,16,45,6,41,17,34,47,12,9,3,24,10,28,35,13,32,42,5,48,49,40,46,21,30,20,44,37,38,29,19,27,8,26,4,2,11,33,7,15,
275,14.57431674003601,84471.19942666667,63963.096000000005,0,25,14,31,22,18,23,39,1,36,43,16,45,6,41,17,34,47,12,9,3,24,10,28,35,13,32,42,5,48,49,40,46,21,30,20,44,37,38,29,19,27,8,26,4,2,11,33,7,15,
276,14.611320734024048,88436.10270666667,63963.096000000005,0,25,14,31,22,18,23,39,1,36,43,16,45,6,41,17,34,47,12,9,3,24,10,28,35,13,32,42,5,48,49,40,46,21,30,20,44,37,38,29,19,27,8,26,4,2,11,33,7,15,
277,14.649360418319702,83468.05549333333,63963.096000000005,0,25,14,31,22,18,23,39,1,36,43,16,45,6,41,17,34,47,12,9,3,24,10,28,35,13,32,42,5,48,49,40,46,21,30,20,44,37,38,29,19,27,8,26,4,2,11,33,7,15,
278,14.688319683074951,83335.93322666668,63963.096000000005,0,25,14,31,22,18,23,39,1,36,43,16,45,6,41,17,34,47,12,9,3,24,10,28,35,13,32,42,5,48,49,40,46,21,30,20,44,37,38,29,19,27,8,26,4,2,11,33,7,15,
279,14.726317882537842,82087.70098666666,63963.096000000005,0,25,14,31,22,18,23,39,1,36,43,16,45,6,41,17,34,47,12,9,3,24,10,28,35,13,32,42,5,48,49,40,46,21,30,20,44,37,38,29,19,27,8,26,4,2,11,33,7,15,
280,14.763357162475586,84955.39768,63963.096000000005,0,25,14,31,22,18,23,39,1,36,43,16,45,6,41,17,34,47,12,9,3,24,10,28,35,13,32,42,5,48,49,40,46,21,30,20,44,37,38,29,19,27,8,26,4,2,11,33,7,15,
281,14.801358222961426,82160.67869333335,63963.096000000005,0,25,14,31,22,18,23,39,1,36,43,16,45,6,41,17,34,47,12,9,3,24,10,28,35,13,32,42,5,48,49,40,46,21,30,20,44,37,38,29,19,27,8,26,4,2,11,33,7,15,
282,14.837352991104126,86728.12005333335,63963.096000000005,0,25,14,31,22,18,23,39,1,36,43,16,45,6,41,17,34,47,12,9,3,24,10,28,35,13,32,42,5,48,49,40,46,21,30,20,44,37,38,29,19,27,8,26,4,2,11,33,7,15,
283,14.876351118087769,86339.93624000001,63963.096000000005,0,25,14,31,22,18,23,39,1,36,43,16,45,6,41,17,34,47,12,9,3,24,10,28,35,13,32,42,5,48,49,40,46,21,30,20,44,37,38,29,19,27,8,26,4,2,11,33,7,15,
284,14.91434907913208,82302.18136000003,63963.096000000005,0,25,14,31,22,18,23,39,1,36,43,16,45,6,41,17,34,47,12,9,3,24,10,28,35,13,32,42,5,48,49,40,46,21,30,20,44,37,38,29,19,27,8,26,4,2,11,33,7,15,
285,14.952392578125,82512.25077333335,63963.096000000005,0,25,14,31,22,18,23,39,1,36,43,16,45,6,41,17,34,47,12,9,3,24,10,28,35,13,32,42,5,48,49,40,46,21,30,20,44,37,38,29,19,27,8,26,4,2,11,33,7,15,
286,14.990391492843628,83052.50210666668,63963.096000000005,0,25,14,31,22,18,23,39,1,36,43,16,45,6,41,17,34,47,12,9,3,24,10,28,35,13,32,42,5,48,49,40,46,21,30,20,44,37,38,29,19,27,8,26,4,2,11,33,7,15,
287,15.026348352432251,80789.69373333335,63963.096000000005,0,25,14,31,22,18,23,39,1,36,43,16,45,6,41,17,34,47,12,9,3,24,10,28,35,13,32,42,5,48,49,40,46,21,30,20,44,37,38,29,19,27,8,26,4,2,11,33,7,15,
288,15.066359519958496,79066.94125333334,63963.096000000005,0,25,14,31,22,18,23,39,1,36,43,16,45,6,41,17,34,47,12,9,3,24,10,28,35,13,32,42,5,48,49,40,46,21,30,20,44,37,38,29,19,27,8,26,4,2,11,33,7,15,
289,15.103326559066772,80016.10672000001,63963.096000000005,0,25,14,31,22,18,23,39,1,36,43,16,45,6,41,17,34,47,12,9,3,24,10,28,35,13,32,42,5,48,49,40,46,21,30,20,44,37,38,29,19,27,8,26,4,2,11,33,7,15,
290,15.142369270324707,80698.59213333334,63963.096000000005,0,25,14,31,22,18,23,39,1,36,43,16,45,6,41,17,34,47,12,9,3,24,10,28,35,13,32,42,5,48,49,40,46,21,30,20,44,37,38,29,19,27,8,26,4,2,11,33,7,15,
291,15.182362794876099,82586.68762666668,63963.096000000005,0,25,14,31,22,18,23,39,1,36,43,16,45,6,41,17,34,47,12,9,3,24,10,28,35,13,32,42,5,48,49,40,46,21,30,20,44,37,38,29,19,27,8,26,4,2,11,33,7,15,
292,15.221365213394165,77807.7468,63963.096000000005,0,25,14,31,22,18,23,39,1,36,43,16,45,6,41,17,34,47,12,9,3,24,10,28,35,13,32,42,5,48,49,40,46,21,30,20,44,37,38,29,19,27,8,26,4,2,11,33,7,15,
293,15.258362054824829,78427.38866666667,63963.096000000005,0,25,14,31,22,18,23,39,1,36,43,16,45,6,41,17,34,47,12,9,3,24,10,28,35,13,32,42,5,48,49,40,46,21,30,20,44,37,38,29,19,27,8,26,4,2,11,33,7,15,
294,15.294372320175171,76548.26613333334,63963.096000000005,0,25,14,31,22,18,23,39,1,36,43,16,45,6,41,17,34,47,12,9,3,24,10,28,35,13,32,42,5,48,49,40,46,21,30,20,44,37,38,29,19,27,8,26,4,2,11,33,7,15,
295,15.331330299377441,76861.13728000001,63963.096000000005,0,25,14,31,22,18,23,39,1,36,43,16,45,6,41,17,34,47,12,9,3,24,10,28,35,13,32,42,5,48,49,40,46,21,30,20,44,37,38,29,19,27,8,26,4,2,11,33,7,15,
296,15.368325233459473,76901.96461333333,63963.096000000005,0,25,14,31,22,18,23,39,1,36,43,16,45,6,41,17,34,47,12,9,3,24,10,28,35,13,32,42,5,48,49,40,46,21,30,20,44,37,38,29,19,27,8,26,4,2,11,33,7,15,
297,15.408284664154053,75972.76168,63963.096000000005,0,25,14,31,22,18,23,39,1,36,43,16,45,6,41,17,34,47,12,9,3,24,10,28,35,13,32,42,5,48,49,40,46,21,30,20,44,37,38,29,19,27,8,26,4,2,11,33,7,15,
298,15.447245597839355,84858.62570666667,63963.096000000005,0,25,14,31,22,18,23,39,1,36,43,16,45,6,41,17,34,47,12,9,3,24,10,28,35,13,32,42,5,48,49,40,46,21,30,20,44,37,38,29,19,27,8,26,4,2,11,33,7,15,
299,15.485244035720825,82465.04712000002,63963.096000000005,0,25,14,31,22,18,23,39,1,36,43,16,45,6,41,17,34,47,12,9,3,24,10,28,35,13,32,42,5,48,49,40,46,21,30,20,44,37,38,29,19,27,8,26,4,2,11,33,7,15,
300,15.522242307662964,81535.56261333334,63963.096000000005,0,25,14,31,22,18,23,39,1,36,43,16,45,6,41,17,34,47,12,9,3,24,10,28,35,13,32,42,5,48,49,40,46,21,30,20,44,37,38,29,19,27,8,26,4,2,11,33,7,15,
301,15.560250997543335,82980.00277333336,63963.096000000005,0,25,14,31,22,18,23,39,1,36,43,16,45,6,41,17,34,47,12,9,3,24,10,28,35,13,32,42,5,48,49,40,46,21,30,20,44,37,38,29,19,27,8,26,4,2,11,33,7,15,
302,15.596261262893677,81651.33528000001,63963.096000000005,0,25,14,31,22,18,23,39,1,36,43,16,45,6,41,17,34,47,12,9,3,24,10,28,35,13,32,42,5,48,49,40,46,21,30,20,44,37,38,29,19,27,8,26,4,2,11,33,7,15,
303,15.635299682617188,82324.35554666667,63963.096000000005,0,25,14,31,22,18,23,39,1,36,43,16,45,6,41,17,34,47,12,9,3,24,10,28,35,13,32,42,5,48,49,40,46,21,30,20,44,37,38,29,19,27,8,26,4,2,11,33,7,15,
304,15.672338485717773,78991.49482666668,63963.096000000005,0,25,14,31,22,18,23,39,1,36,43,16,45,6,41,17,34,47,12,9,3,24,10,28,35,13,32,42,5,48,49,40,46,21,30,20,44,37,38,29,19,27,8,26,4,2,11,33,7,15,
305,15.71133804321289,77028.11632,63963.096000000005,0,25,14,31,22,18,23,39,1,36,43,16,45,6,41,17,34,47,12,9,3,24,10,28,35,13,32,42,5,48,49,40,46,21,30,20,44,37,38,29,19,27,8,26,4,2,11,33,7,15,
306,15.747337818145752,78891.44245333334,63963.096000000005,0,25,14,31,22,18,23,39,1,36,43,16,45,6,41,17,34,47,12,9,3,24,10,28,35,13,32,42,5,48,49,40,46,21,30,20,44,37,38,29,19,27,8,26,4,2,11,33,7,15,
307,15.784377098083496,78420.76682666667,63963.096000000005,0,25,14,31,22,18,23,39,1,36,43,16,45,6,41,17,34,47,12,9,3,24,10,28,35,13,32,42,5,48,49,40,46,21,30,20,44,37,38,29,19,27,8,26,4,2,11,33,7,15,
308,15.822388887405396,77418.3206666667,63963.096000000005,0,25,14,31,22,18,23,39,1,36,43,16,45,6,41,17,34,47,12,9,3,24,10,28,35,13,32,42,5,48,49,40,46,21,30,20,44,37,38,29,19,27,8,26,4,2,11,33,7,15,
309,15.862390756607056,79181.40082666668,63963.096000000005,0,25,14,31,22,18,23,39,1,36,43,16,45,6,41,17,34,47,12,9,3,24,10,28,35,13,32,42,5,48,49,40,46,21,30,20,44,37,38,29,19,27,8,26,4,2,11,33,7,15,
310,15.900442600250244,82346.98226666667,63963.096000000005,0,25,14,31,22,18,23,39,1,36,43,16,45,6,41,17,34,47,12,9,3,24,10,28,35,13,32,42,5,48,49,40,46,21,30,20,44,37,38,29,19,27,8,26,4,2,11,33,7,15,
311,15.937480211257935,79468.48050666667,63963.096000000005,0,25,14,31,22,18,23,39,1,36,43,16,45,6,41,17,34,47,12,9,3,24,10,28,35,13,32,42,5,48,49,40,46,21,30,20,44,37,38,29,19,27,8,26,4,2,11,33,7,15,
312,15.976475477218628,78054.31677333335,63963.096000000005,0,25,14,31,22,18,23,39,1,36,43,16,45,6,41,17,34,47,12,9,3,24,10,28,35,13,32,42,5,48,49,40,46,21,30,20,44,37,38,29,19,27,8,26,4,2,11,33,7,15,
313,16.01348567008972,84921.92624000002,63963.096000000005,0,25,14,31,22,18,23,39,1,36,43,16,45,6,41,17,34,47,12,9,3,24,10,28,35,13,32,42,5,48,49,40,46,21,30,20,44,37,38,29,19,27,8,26,4,2,11,33,7,15,
314,16.05150055885315,79315.79520000001,63963.096000000005,0,25,14,31,22,18,23,39,1,36,43,16,45,6,41,17,34,47,12,9,3,24,10,28,35,13,32,42,5,48,49,40,46,21,30,20,44,37,38,29,19,27,8,26,4,2,11,33,7,15,
315,16.087499856948853,83060.20701333335,63963.096000000005,0,25,14,31,22,18,23,39,1,36,43,16,45,6,41,17,34,47,12,9,3,24,10,28,35,13,32,42,5,48,49,40,46,21,30,20,44,37,38,29,19,27,8,26,4,2,11,33,7,15,
316,16.125494718551636,83042.50266666667,63963.096000000005,0,25,14,31,22,18,23,39,1,36,43,16,45,6,41,17,34,47,12,9,3,24,10,28,35,13,32,42,5,48,49,40,46,21,30,20,44,37,38,29,19,27,8,26,4,2,11,33,7,15,
317,16.16545343399048,85074.90642666668,63963.096000000005,0,25,14,31,22,18,23,39,1,36,43,16,45,6,41,17,34,47,12,9,3,24,10,28,35,13,32,42,5,48,49,40,46,21,30,20,44,37,38,29,19,27,8,26,4,2,11,33,7,15,
318,16.203497171401978,83400.39752,63963.096000000005,0,25,14,31,22,18,23,39,1,36,43,16,45,6,41,17,34,47,12,9,3,24,10,28,35,13,32,42,5,48,49,40,46,21,30,20,44,37,38,29,19,27,8,26,4,2,11,33,7,15,
319,16.240460872650146,84427.89610666667,63963.096000000005,0,25,14,31,22,18,23,39,1,36,43,16,45,6,41,17,34,47,12,9,3,24,10,28,35,13,32,42,5,48,49,40,46,21,30,20,44,37,38,29,19,27,8,26,4,2,11,33,7,15,
320,16.278505325317383,81411.04757333333,63963.096000000005,0,25,14,31,22,18,23,39,1,36,43,16,45,6,41,17,34,47,12,9,3,24,10,28,35,13,32,42,5,48,49,40,46,21,30,20,44,37,38,29,19,27,8,26,4,2,11,33,7,15,
321,16.319464921951294,80232.78586666669,63963.096000000005,0,25,14,31,22,18,23,39,1,36,43,16,45,6,41,17,34,47,12,9,3,24,10,28,35,13,32,42,5,48,49,40,46,21,30,20,44,37,38,29,19,27,8,26,4,2,11,33,7,15,
322,16.357462644577026,79325.78925333335,63963.096000000005,0,25,14,31,22,18,23,39,1,36,43,16,45,6,41,17,34,47,12,9,3,24,10,28,35,13,32,42,5,48,49,40,46,21,30,20,44,37,38,29,19,27,8,26,4,2,11,33,7,15,
323,16.39546537399292,81419.75330666668,63963.096000000005,0,25,14,31,22,18,23,39,1,36,43,16,45,6,41,17,34,47,12,9,3,24,10,28,35,13,32,42,5,48,49,40,46,21,30,20,44,37,38,29,19,27,8,26,4,2,11,33,7,15,
324,16.432517528533936,75726.88690666667,63963.096000000005,0,25,14,31,22,18,23,39,1,36,43,16,45,6,41,17,34,47,12,9,3,24,10,28,35,13,32,42,5,48,49,40,46,21,30,20,44,37,38,29,19,27,8,26,4,2,11,33,7,15,
325,16.46951150894165,76102.07776000001,63963.096000000005,0,25,14,31,22,18,23,39,1,36,43,16,45,6,41,17,34,47,12,9,3,24,10,28,35,13,32,42,5,48,49,40,46,21,30,20,44,37,38,29,19,27,8,26,4,2,11,33,7,15,
326,16.506473779678345,77161.38789333335,63963.096000000005,0,25,14,31,22,18,23,39,1,36,43,16,45,6,41,17,34,47,12,9,3,24,10,28,35,13,32,42,5,48,49,40,46,21,30,20,44,37,38,29,19,27,8,26,4,2,11,33,7,15,
327,16.545477390289307,78635.27208000001,63963.096000000005,0,25,14,31,22,18,23,39,1,36,43,16,45,6,41,17,34,47,12,9,3,24,10,28,35,13,32,42,5,48,49,40,46,21,30,20,44,37,38,29,19,27,8,26,4,2,11,33,7,15,
328,16.585434436798096,78358.06866666667,63963.096000000005,0,25,14,31,22,18,23,39,1,36,43,16,45,6,41,17,34,47,12,9,3,24,10,28,35,13,32,42,5,48,49,40,46,21,30,20,44,37,38,29,19,27,8,26,4,2,11,33,7,15,
329,16.624436616897583,78924.85474666668,63963.096000000005,0,25,14,31,22,18,23,39,1,36,43,16,45,6,41,17,34,47,12,9,3,24,10,28,35,13,32,42,5,48,49,40,46,21,30,20,44,37,38,29,19,27,8,26,4,2,11,33,7,15,
330,16.662490129470825,79992.60421333332,63963.096000000005,0,25,14,31,22,18,23,39,1,36,43,16,45,6,41,17,34,47,12,9,3,24,10,28,35,13,32,42,5,48,49,40,46,21,30,20,44,37,38,29,19,27,8,26,4,2,11,33,7,15,
331,16.700525999069214,79812.41266666667,63963.096000000005,0,25,14,31,22,18,23,39,1,36,43,16,45,6,41,17,34,47,12,9,3,24,10,28,35,13,32,42,5,48,49,40,46,21,30,20,44,37,38,29,19,27,8,26,4,2,11,33,7,15,
332,16.738537788391113,79289.38821333334,63963.096000000005,0,25,14,31,22,18,23,39,1,36,43,16,45,6,41,17,34,47,12,9,3,24,10,28,35,13,32,42,5,48,49,40,46,21,30,20,44,37,38,29,19,27,8,26,4,2,11,33,7,15,
333,16.775540113449097,80296.08485333335,63963.096000000005,0,25,14,31,22,18,23,39,1,36,43,16,45,6,41,17,34,47,12,9,3,24,10,28,35,13,32,42,5,48,49,40,46,21,30,20,44,37,38,29,19,27,8,26,4,2,11,33,7,15,
334,16.815592050552368,80473.65757333333,63963.096000000005,0,25,14,31,22,18,23,39,1,36,43,16,45,6,41,17,34,47,12,9,3,24,10,28,35,13,32,42,5,48,49,40,46,21,30,20,44,37,38,29,19,27,8,26,4,2,11,33,7,15,
335,16.855592250823975,80264.02997333334,63963.096000000005,0,25,14,31,22,18,23,39,1,36,43,16,45,6,41,17,34,47,12,9,3,24,10,28,35,13,32,42,5,48,49,40,46,21,30,20,44,37,38,29,19,27,8,26,4,2,11,33,7,15,
336,16.8985915184021,80904.74274666668,63963.096000000005,0,25,14,31,22,18,23,39,1,36,43,16,45,6,41,17,34,47,12,9,3,24,10,28,35,13,32,42,5,48,49,40,46,21,30,20,44,37,38,29,19,27,8,26,4,2,11,33,7,15,
337,16.936619520187378,81131.06703999998,63963.096000000005,0,25,14,31,22,18,23,39,1,36,43,16,45,6,41,17,34,47,12,9,3,24,10,28,35,13,32,42,5,48,49,40,46,21,30,20,44,37,38,29,19,27,8,26,4,2,11,33,7,15,
338,16.974619388580322,79644.89370666667,63963.096000000005,0,25,14,31,22,18,23,39,1,36,43,16,45,6,41,17,34,47,12,9,3,24,10,28,35,13,32,42,5,48,49,40,46,21,30,20,44,37,38,29,19,27,8,26,4,2,11,33,7,15,
339,17.01266622543335,81653.59712,63963.096000000005,0,25,14,31,22,18,23,39,1,36,43,16,45,6,41,17,34,47,12,9,3,24,10,28,35,13,32,42,5,48,49,40,46,21,30,20,44,37,38,29,19,27,8,26,4,2,11,33,7,15,
340,17.04970407485962,81293.77165333334,63963.096000000005,0,25,14,31,22,18,23,39,1,36,43,16,45,6,41,17,34,47,12,9,3,24,10,28,35,13,32,42,5,48,49,40,46,21,30,20,44,37,38,29,19,27,8,26,4,2,11,33,7,15,
341,17.088706254959106,81670.39951999999,63963.096000000005,0,25,14,31,22,18,23,39,1,36,43,16,45,6,41,17,34,47,12,9,3,24,10,28,35,13,32,42,5,48,49,40,46,21,30,20,44,37,38,29,19,27,8,26,4,2,11,33,7,15,
342,17.12566089630127,81200.60426666668,63963.096000000005,0,25,14,31,22,18,23,39,1,36,43,16,45,6,41,17,34,47,12,9,3,24,10,28,35,13,32,42,5,48,49,40,46,21,30,20,44,37,38,29,19,27,8,26,4,2,11,33,7,15,
343,17.163658142089844,80337.58085333333,63963.096000000005,0,25,14,31,22,18,23,39,1,36,43,16,45,6,41,17,34,47,12,9,3,24,10,28,35,13,32,42,5,48,49,40,46,21,30,20,44,37,38,29,19,27,8,26,4,2,11,33,7,15,
344,17.20166850090027,77064.83008000001,63963.096000000005,0,25,14,31,22,18,23,39,1,36,43,16,45,6,41,17,34,47,12,9,3,24,10,28,35,13,32,42,5,48,49,40,46,21,30,20,44,37,38,29,19,27,8,26,4,2,11,33,7,15,
345,17.237629175186157,76506.35130666666,63963.096000000005,0,25,14,31,22,18,23,39,1,36,43,16,45,6,41,17,34,47,12,9,3,24,10,28,35,13,32,42,5,48,49,40,46,21,30,20,44,37,38,29,19,27,8,26,4,2,11,33,7,15,
346,17.274640321731567,76973.71026666668,63963.096000000005,0,25,14,31,22,18,23,39,1,36,43,16,45,6,41,17,34,47,12,9,3,24,10,28,35,13,32,42,5,48,49,40,46,21,30,20,44,37,38,29,19,27,8,26,4,2,11,33,7,15,
347,17.312606811523438,75134.07298666667,63963.096000000005,0,25,14,31,22,18,23,39,1,36,43,16,45,6,41,17,34,47,12,9,3,24,10,28,35,13,32,42,5,48,49,40,46,21,30,20,44,37,38,29,19,27,8,26,4,2,11,33,7,15,
348,17.350644826889038,77339.7932,63963.096000000005,0,25,14,31,22,18,23,39,1,36,43,16,45,6,41,17,34,47,12,9,3,24,10,28,35,13,32,42,5,48,49,40,46,21,30,20,44,37,38,29,19,27,8,26,4,2,11,33,7,15,
349,17.386642456054688,75063.12114666667,63963.096000000005,0,25,14,31,22,18,23,39,1,36,43,16,45,6,41,17,34,47,12,9,3,24,10,28,35,13,32,42,5,48,49,40,46,21,30,20,44,37,38,29,19,27,8,26,4,2,11,33,7,15,
350,17.42369318008423,75719.55605333335,63963.096000000005,0,25,14,31,22,18,23,39,1,36,43,16,45,6,41,17,34,47,12,9,3,24,10,28,35,13,32,42,5,48,49,40,46,21,30,20,44,37,38,29,19,27,8,26,4,2,11,33,7,15,
351,17.463653802871704,77135.62493333335,63963.096000000005,0,25,14,31,22,18,23,39,1,36,43,16,45,6,41,17,34,47,12,9,3,24,10,28,35,13,32,42,5,48,49,40,46,21,30,20,44,37,38,29,19,27,8,26,4,2,11,33,7,15,
352,17.502618551254272,73895.68936,63963.096000000005,0,25,14,31,22,18,23,39,1,36,43,16,45,6,41,17,34,47,12,9,3,24,10,28,35,13,32,42,5,48,49,40,46,21,30,20,44,37,38,29,19,27,8,26,4,2,11,33,7,15,
353,17.54060983657837,77985.25128,63963.096000000005,0,25,14,31,22,18,23,39,1,36,43,16,45,6,41,17,34,47,12,9,3,24,10,28,35,13,32,42,5,48,49,40,46,21,30,20,44,37,38,29,19,27,8,26,4,2,11,33,7,15,
354,17.578651428222656,77272.40250666668,63963.096000000005,0,25,14,31,22,18,23,39,1,36,43,16,45,6,41,17,34,47,12,9,3,24,10,28,35,13,32,42,5,48,49,40,46,21,30,20,44,37,38,29,19,27,8,26,4,2,11,33,7,15,
355,17.614650011062622,76397.70898666668,63963.096000000005,0,25,14,31,22,18,23,39,1,36,43,16,45,6,41,17,34,47,12,9,3,24,10,28,35,13,32,42,5,48,49,40,46,21,30,20,44,37,38,29,19,27,8,26,4,2,11,33,7,15,
356,17.652608156204224,78285.23336000001,63963.096000000005,0,25,14,31,22,18,23,39,1,36,43,16,45,6,41,17,34,47,12,9,3,24,10,28,35,13,32,42,5,48,49,40,46,21,30,20,44,37,38,29,19,27,8,26,4,2,11,33,7,15,
357,17.689618349075317,79655.29717333335,63963.096000000005,0,25,14,31,22,18,23,39,1,36,43,16,45,6,41,17,34,47,12,9,3,24,10,28,35,13,32,42,5,48,49,40,46,21,30,20,44,37,38,29,19,27,8,26,4,2,11,33,7,15,
358,17.72656512260437,78322.04842666668,63963.096000000005,0,25,14,31,22,18,23,39,1,36,43,16,45,6,41,17,34,47,12,9,3,24,10,28,35,13,32,42,5,48,49,40,46,21,30,20,44,37,38,29,19,27,8,26,4,2,11,33,7,15,
359,17.768523454666138,78924.29069333333,63963.096000000005,0,25,14,31,22,18,23,39,1,36,43,16,45,6,41,17,34,47,12,9,3,24,10,28,35,13,32,42,5,48,49,40,46,21,30,20,44,37,38,29,19,27,8,26,4,2,11,33,7,15,
360,17.80751895904541,77850.7,63963.096000000005,0,25,14,31,22,18,23,39,1,36,43,16,45,6,41,17,34,47,12,9,3,24,10,28,35,13,32,42,5,48,49,40,46,21,30,20,44,37,38,29,19,27,8,26,4,2,11,33,7,15,
361,17.845566272735596,78715.65333333334,63963.096000000005,0,25,14,31,22,18,23,39,1,36,43,16,45,6,41,17,34,47,12,9,3,24,10,28,35,13,32,42,5,48,49,40,46,21,30,20,44,37,38,29,19,27,8,26,4,2,11,33,7,15,
362,17.8835289478302,79440.82842666666,63963.096000000005,0,25,14,31,22,18,23,39,1,36,43,16,45,6,41,17,34,47,12,9,3,24,10,28,35,13,32,42,5,48,49,40,46,21,30,20,44,37,38,29,19,27,8,26,4,2,11,33,7,15,
363,17.92053484916687,78236.58263999998,63963.096000000005,0,25,14,31,22,18,23,39,1,36,43,16,45,6,41,17,34,47,12,9,3,24,10,28,35,13,32,42,5,48,49,40,46,21,30,20,44,37,38,29,19,27,8,26,4,2,11,33,7,15,
364,17.95753312110901,78153.33266666667,63963.096000000005,0,25,14,31,22,18,23,39,1,36,43,16,45,6,41,17,34,47,12,9,3,24,10,28,35,13,32,42,5,48,49,40,46,21,30,20,44,37,38,29,19,27,8,26,4,2,11,33,7,15,
365,17.99653148651123,80681.14221333334,63963.096000000005,0,25,14,31,22,18,23,39,1,36,43,16,45,6,41,17,34,47,12,9,3,24,10,28,35,13,32,42,5,48,49,40,46,21,30,20,44,37,38,29,19,27,8,26,4,2,11,33,7,15,
366,18.034533739089966,77569.72805333334,63963.096000000005,0,25,14,31,22,18,23,39,1,36,43,16,45,6,41,17,34,47,12,9,3,24,10,28,35,13,32,42,5,48,49,40,46,21,30,20,44,37,38,29,19,27,8,26,4,2,11,33,7,15,
367,18.072547674179077,78120.73706666667,63963.096000000005,0,25,14,31,22,18,23,39,1,36,43,16,45,6,41,17,34,47,12,9,3,24,10,28,35,13,32,42,5,48,49,40,46,21,30,20,44,37,38,29,19,27,8,26,4,2,11,33,7,15,
368,18.109506845474243,77988.26224,63963.096000000005,0,25,14,31,22,18,23,39,1,36,43,16,45,6,41,17,34,47,12,9,3,24,10,28,35,13,32,42,5,48,49,40,46,21,30,20,44,37,38,29,19,27,8,26,4,2,11,33,7,15,
369,18.149474620819092,80702.88922666667,63963.096000000005,0,25,14,31,22,18,23,39,1,36,43,16,45,6,41,17,34,47,12,9,3,24,10,28,35,13,32,42,5,48,49,40,46,21,30,20,44,37,38,29,19,27,8,26,4,2,11,33,7,15,
370,18.1874737739563,78046.88058666667,63963.096000000005,0,25,14,31,22,18,23,39,1,36,43,16,45,6,41,17,34,47,12,9,3,24,10,28,35,13,32,42,5,48,49,40,46,21,30,20,44,37,38,29,19,27,8,26,4,2,11,33,7,15,
371,18.225438833236694,81687.60114666665,63963.096000000005,0,25,14,31,22,18,23,39,1,36,43,16,45,6,41,17,34,47,12,9,3,24,10,28,35,13,32,42,5,48,49,40,46,21,30,20,44,37,38,29,19,27,8,26,4,2,11,33,7,15,
372,18.264469861984253,83166.76778666666,63963.096000000005,0,25,14,31,22,18,23,39,1,36,43,16,45,6,41,17,34,47,12,9,3,24,10,28,35,13,32,42,5,48,49,40,46,21,30,20,44,37,38,29,19,27,8,26,4,2,11,33,7,15,
373,18.30348038673401,83359.71549333332,63963.096000000005,0,25,14,31,22,18,23,39,1,36,43,16,45,6,41,17,34,47,12,9,3,24,10,28,35,13,32,42,5,48,49,40,46,21,30,20,44,37,38,29,19,27,8,26,4,2,11,33,7,15,
374,18.339529991149902,80936.68058666667,63963.096000000005,0,25,14,31,22,18,23,39,1,36,43,16,45,6,41,17,34,47,12,9,3,24,10,28,35,13,32,42,5,48,49,40,46,21,30,20,44,37,38,29,19,27,8,26,4,2,11,33,7,15,
375,18.379530906677246,81437.53773333333,63963.096000000005,0,25,14,31,22,18,23,39,1,36,43,16,45,6,41,17,34,47,12,9,3,24,10,28,35,13,32,42,5,48,49,40,46,21,30,20,44,37,38,29,19,27,8,26,4,2,11,33,7,15,
376,18.41856575012207,79691.75530666667,63963.096000000005,0,25,14,31,22,18,23,39,1,36,43,16,45,6,41,17,34,47,12,9,3,24,10,28,35,13,32,42,5,48,49,40,46,21,30,20,44,37,38,29,19,27,8,26,4,2,11,33,7,15,
377,18.456565618515015,80811.46498666669,63963.096000000005,0,25,14,31,22,18,23,39,1,36,43,16,45,6,41,17,34,47,12,9,3,24,10,28,35,13,32,42,5,48,49,40,46,21,30,20,44,37,38,29,19,27,8,26,4,2,11,33,7,15,
378,18.4945650100708,78110.77264000001,63963.096000000005,0,25,14,31,22,18,23,39,1,36,43,16,45,6,41,17,34,47,12,9,3,24,10,28,35,13,32,42,5,48,49,40,46,21,30,20,44,37,38,29,19,27,8,26,4,2,11,33,7,15,
379,18.533532857894897,79806.62869333335,63963.096000000005,0,25,14,31,22,18,23,39,1,36,43,16,45,6,41,17,34,47,12,9,3,24,10,28,35,13,32,42,5,48,49,40,46,21,30,20,44,37,38,29,19,27,8,26,4,2,11,33,7,15,
380,18.572582244873047,82388.57336000001,63963.096000000005,0,25,14,31,22,18,23,39,1,36,43,16,45,6,41,17,34,47,12,9,3,24,10,28,35,13,32,42,5,48,49,40,46,21,30,20,44,37,38,29,19,27,8,26,4,2,11,33,7,15,
381,18.611546993255615,81869.29925333333,63963.096000000005,0,25,14,31,22,18,23,39,1,36,43,16,45,6,41,17,34,47,12,9,3,24,10,28,35,13,32,42,5,48,49,40,46,21,30,20,44,37,38,29,19,27,8,26,4,2,11,33,7,15,
382,18.65353274345398,77762.23581333333,63963.096000000005,0,25,14,31,22,18,23,39,1,36,43,16,45,6,41,17,34,47,12,9,3,24,10,28,35,13,32,42,5,48,49,40,46,21,30,20,44,37,38,29,19,27,8,26,4,2,11,33,7,15,
383,18.6925847530365,81776.48640000001,63963.096000000005,0,25,14,31,22,18,23,39,1,36,43,16,45,6,41,17,34,47,12,9,3,24,10,28,35,13,32,42,5,48,49,40,46,21,30,20,44,37,38,29,19,27,8,26,4,2,11,33,7,15,
384,18.732555627822876,79548.82877333333,63963.096000000005,0,25,14,31,22,18,23,39,1,36,43,16,45,6,41,17,34,47,12,9,3,24,10,28,35,13,32,42,5,48,49,40,46,21,30,20,44,37,38,29,19,27,8,26,4,2,11,33,7,15,
385,18.7695529460907,80275.90874666667,63963.096000000005,0,25,14,31,22,18,23,39,1,36,43,16,45,6,41,17,34,47,12,9,3,24,10,28,35,13,32,42,5,48,49,40,46,21,30,20,44,37,38,29,19,27,8,26,4,2,11,33,7,15,
386,18.80850625038147,79099.21733333333,63963.096000000005,0,25,14,31,22,18,23,39,1,36,43,16,45,6,41,17,34,47,12,9,3,24,10,28,35,13,32,42,5,48,49,40,46,21,30,20,44,37,38,29,19,27,8,26,4,2,11,33,7,15,
387,18.847508430480957,77258.98261333334,63963.096000000005,0,25,14,31,22,18,23,39,1,36,43,16,45,6,41,17,34,47,12,9,3,24,10,28,35,13,32,42,5,48,49,40,46,21,30,20,44,37,38,29,19,27,8,26,4,2,11,33,7,15,
388,18.885510206222534,79533.02349333333,63963.096000000005,0,25,14,31,22,18,23,39,1,36,43,16,45,6,41,17,34,47,12,9,3,24,10,28,35,13,32,42,5,48,49,40,46,21,30,20,44,37,38,29,19,27,8,26,4,2,11,33,7,15,
389,18.9224750995636,79390.25130666667,63963.096000000005,0,25,14,31,22,18,23,39,1,36,43,16,45,6,41,17,34,47,12,9,3,24,10,28,35,13,32,42,5,48,49,40,46,21,30,20,44,37,38,29,19,27,8,26,4,2,11,33,7,15,
390,18.963488817214966,79729.41981333334,63963.096000000005,0,25,14,31,22,18,23,39,1,36,43,16,45,6,41,17,34,47,12,9,3,24,10,28,35,13,32,42,5,48,49,40,46,21,30,20,44,37,38,29,19,27,8,26,4,2,11,33,7,15,
391,19.001485109329224,81102.64394666668,63963.096000000005,0,25,14,31,22,18,23,39,1,36,43,16,45,6,41,17,34,47,12,9,3,24,10,28,35,13,32,42,5,48,49,40,46,21,30,20,44,37,38,29,19,27,8,26,4,2,11,33,7,15,
392,19.039443731307983,87295.29466666667,63963.096000000005,0,25,14,31,22,18,23,39,1,36,43,16,45,6,41,17,34,47,12,9,3,24,10,28,35,13,32,42,5,48,49,40,46,21,30,20,44,37,38,29,19,27,8,26,4,2,11,33,7,15,
393,19.078455209732056,86093.25106666668,63963.096000000005,0,25,14,31,22,18,23,39,1,36,43,16,45,6,41,17,34,47,12,9,3,24,10,28,35,13,32,42,5,48,49,40,46,21,30,20,44,37,38,29,19,27,8,26,4,2,11,33,7,15,
394,19.116492748260498,87736.39773333335,63963.096000000005,0,25,14,31,22,18,23,39,1,36,43,16,45,6,41,17,34,47,12,9,3,24,10,28,35,13,32,42,5,48,49,40,46,21,30,20,44,37,38,29,19,27,8,26,4,2,11,33,7,15,
395,19.156455516815186,81376.38632,63963.096000000005,0,25,14,31,22,18,23,39,1,36,43,16,45,6,41,17,34,47,12,9,3,24,10,28,35,13,32,42,5,48,49,40,46,21,30,20,44,37,38,29,19,27,8,26,4,2,11,33,7,15,
396,19.196422576904297,82879.13405333333,63963.096000000005,0,25,14,31,22,18,23,39,1,36,43,16,45,6,41,17,34,47,12,9,3,24,10,28,35,13,32,42,5,48,49,40,46,21,30,20,44,37,38,29,19,27,8,26,4,2,11,33,7,15,
397,19.234436750411987,83909.07874666667,63963.096000000005,0,25,14,31,22,18,23,39,1,36,43,16,45,6,41,17,34,47,12,9,3,24,10,28,35,13,32,42,5,48,49,40,46,21,30,20,44,37,38,29,19,27,8,26,4,2,11,33,7,15,
398,19.271434783935547,80082.63714666668,63963.096000000005,0,25,14,31,22,18,23,39,1,36,43,16,45,6,41,17,34,47,12,9,3,24,10,28,35,13,32,42,5,48,49,40,46,21,30,20,44,37,38,29,19,27,8,26,4,2,11,33,7,15,
399,21.656474828720093,81257.29487999999,63963.096000000005,0,25,14,31,22,18,23,39,1,36,43,16,45,6,41,17,34,47,12,9,3,24,10,28,35,13,32,42,5,48,49,40,46,21,30,20,44,37,38,29,19,27,8,26,4,2,11,33,7,15,
400,21.691485166549683,80315.17941333333,63528.016,0,25,14,31,22,18,23,39,1,36,6,16,45,43,41,17,34,47,12,9,3,24,10,28,35,13,32,42,5,48,49,40,46,21,30,20,44,37,38,29,19,27,8,26,4,2,11,33,7,15,
401,21.72653365135193,80891.44725333335,63519.858000000015,0,25,14,31,22,18,23,39,1,36,6,16,45,43,41,17,34,47,12,9,3,24,10,32,13,35,28,42,5,48,49,40,46,21,30,20,44,37,38,29,19,27,8,26,4,2,11,33,7,15,
402,21.763497591018677,81953.49278666667,63519.858000000015,0,25,14,31,22,18,23,39,1,36,6,16,45,43,41,17,34,47,12,9,3,24,10,32,13,35,28,42,5,48,49,40,46,21,30,20,44,37,38,29,19,27,8,26,4,2,11,33,7,15,
403,21.80349636077881,82503.00236,63519.858000000015,0,25,14,31,22,18,23,39,1,36,6,16,45,43,41,17,34,47,12,9,3,24,10,32,13,35,28,42,5,48,49,40,46,21,30,20,44,37,38,29,19,27,8,26,4,2,11,33,7,15,
404,21.84149432182312,82883.33073333334,63519.858000000015,0,25,14,31,22,18,23,39,1,36,6,16,45,43,41,17,34,47,12,9,3,24,10,32,13,35,28,42,5,48,49,40,46,21,30,20,44,37,38,29,19,27,8,26,4,2,11,33,7,15,
405,21.87953281402588,80005.26654666668,63519.858000000015,0,25,14,31,22,18,23,39,1,36,6,16,45,43,41,17,34,47,12,9,3,24,10,32,13,35,28,42,5,48,49,40,46,21,30,20,44,37,38,29,19,27,8,26,4,2,11,33,7,15,
406,21.91857147216797,81854.82908000001,63519.858000000015,0,25,14,31,22,18,23,39,1,36,6,16,45,43,41,17,34,47,12,9,3,24,10,32,13,35,28,42,5,48,49,40,46,21,30,20,44,37,38,29,19,27,8,26,4,2,11,33,7,15,
407,21.956586599349976,81683.25582666667,63519.858000000015,0,25,14,31,22,18,23,39,1,36,6,16,45,43,41,17,34,47,12,9,3,24,10,32,13,35,28,42,5,48,49,40,46,21,30,20,44,37,38,29,19,27,8,26,4,2,11,33,7,15,
408,21.99158501625061,80879.57566666667,63519.858000000015,0,25,14,31,22,18,23,39,1,36,6,16,45,43,41,17,34,47,12,9,3,24,10,32,13,35,28,42,5,48,49,40,46,21,30,20,44,37,38,29,19,27,8,26,4,2,11,33,7,15,
409,22.027636766433716,81653.87636000001,63519.858000000015,0,25,14,31,22,18,23,39,1,36,6,16,45,43,41,17,34,47,12,9,3,24,10,32,13,35,28,42,5,48,49,40,46,21,30,20,44,37,38,29,19,27,8,26,4,2,11,33,7,15,
410,22.06464695930481,78833.32665333334,63519.858000000015,0,25,14,31,22,18,23,39,1,36,6,16,45,43,41,17,34,47,12,9,3,24,10,32,13,35,28,42,5,48,49,40,46,21,30,20,44,37,38,29,19,27,8,26,4,2,11,33,7,15,
411,22.104685306549072,80610.71758666668,63519.858000000015,0,25,14,31,22,18,23,39,1,36,6,16,45,43,41,17,34,47,12,9,3,24,10,32,13,35,28,42,5,48,49,40,46,21,30,20,44,37,38,29,19,27,8,26,4,2,11,33,7,15,
412,22.14072275161743,81782.82505333335,63519.858000000015,0,25,14,31,22,18,23,39,1,36,6,16,45,43,41,17,34,47,12,9,3,24,10,32,13,35,28,42,5,48,49,40,46,21,30,20,44,37,38,29,19,27,8,26,4,2,11,33,7,15,
413,22.177714109420776,85805.21726666666,63519.858000000015,0,25,14,31,22,18,23,39,1,36,6,16,45,43,41,17,34,47,12,9,3,24,10,32,13,35,28,42,5,48,49,40,46,21,30,20,44,37,38,29,19,27,8,26,4,2,11,33,7,15,
414,22.215731859207153,82475.22868,63519.858000000015,0,25,14,31,22,18,23,39,1,36,6,16,45,43,41,17,34,47,12,9,3,24,10,32,13,35,28,42,5,48,49,40,46,21,30,20,44,37,38,29,19,27,8,26,4,2,11,33,7,15,
415,22.25476574897766,80601.06837333334,63519.858000000015,0,25,14,31,22,18,23,39,1,36,6,16,45,43,41,17,34,47,12,9,3,24,10,32,13,35,28,42,5,48,49,40,46,21,30,20,44,37,38,29,19,27,8,26,4,2,11,33,7,15,
416,22.292802572250366,85345.63968,63519.858000000015,0,25,14,31,22,18,23,39,1,36,6,16,45,43,41,17,34,47,12,9,3,24,10,32,13,35,28,42,5,48,49,40,46,21,30,20,44,37,38,29,19,27,8,26,4,2,11,33,7,15,
417,22.329801321029663,81596.15968000001,63519.858000000015,0,25,14,31,22,18,23,39,1,36,6,16,45,43,41,17,34,47,12,9,3,24,10,32,13,35,28,42,5,48,49,40,46,21,30,20,44,37,38,29,19,27,8,26,4,2,11,33,7,15,
418,22.365802764892578,82779.5687466667,63519.858000000015,0,25,14,31,22,18,23,39,1,36,6,16,45,43,41,17,34,47,12,9,3,24,10,32,13,35,28,42,5,48,49,40,46,21,30,20,44,37,38,29,19,27,8,26,4,2,11,33,7,15,
419,22.403796672821045,82820.12829333334,63519.858000000015,0,25,14,31,22,18,23,39,1,36,6,16,45,43,41,17,34,47,12,9,3,24,10,32,13,35,28,42,5,48,49,40,46,21,30,20,44,37,38,29,19,27,8,26,4,2,11,33,7,15,
420,22.4417941570282,82423.26440000001,63519.858000000015,0,25,14,31,22,18,23,39,1,36,6,16,45,43,41,17,34,47,12,9,3,24,10,32,13,35,28,42,5,48,49,40,46,21,30,20,44,37,38,29,19,27,8,26,4,2,11,33,7,15,
421,22.4808349609375,90252.8196,63519.858000000015,0,25,14,31,22,18,23,39,1,36,6,16,45,43,41,17,34,47,12,9,3,24,10,32,13,35,28,42,5,48,49,40,46,21,30,20,44,37,38,29,19,27,8,26,4,2,11,33,7,15,
422,22.516797304153442,87983.01333333335,63519.858000000015,0,25,14,31,22,18,23,39,1,36,6,16,45,43,41,17,34,47,12,9,3,24,10,32,13,35,28,42,5,48,49,40,46,21,30,20,44,37,38,29,19,27,8,26,4,2,11,33,7,15,
423,22.556796073913574,88956.64672,63519.858000000015,0,25,14,31,22,18,23,39,1,36,6,16,45,43,41,17,34,47,12,9,3,24,10,32,13,35,28,42,5,48,49,40,46,21,30,20,44,37,38,29,19,27,8,26,4,2,11,33,7,15,
424,22.594794034957886,93052.71016000002,63519.858000000015,0,25,14,31,22,18,23,39,1,36,6,16,45,43,41,17,34,47,12,9,3,24,10,32,13,35,28,42,5,48,49,40,46,21,30,20,44,37,38,29,19,27,8,26,4,2,11,33,7,15,
425,22.63279962539673,92162.99701333334,63519.858000000015,0,25,14,31,22,18,23,39,1,36,6,16,45,43,41,17,34,47,12,9,3,24,10,32,13,35,28,42,5,48,49,40,46,21,30,20,44,37,38,29,19,27,8,26,4,2,11,33,7,15,
426,22.671830415725708,91961.56690666667,63519.858000000015,0,25,14,31,22,18,23,39,1,36,6,16,45,43,41,17,34,47,12,9,3,24,10,32,13,35,28,42,5,48,49,40,46,21,30,20,44,37,38,29,19,27,8,26,4,2,11,33,7,15,
427,22.709797620773315,87521.69010666666,63519.858000000015,0,25,14,31,22,18,23,39,1,36,6,16,45,43,41,17,34,47,12,9,3,24,10,32,13,35,28,42,5,48,49,40,46,21,30,20,44,37,38,29,19,27,8,26,4,2,11,33,7,15,
428,22.74784779548645,86034.91624,63519.858000000015,0,25,14,31,22,18,23,39,1,36,6,16,45,43,41,17,34,47,12,9,3,24,10,32,13,35,28,42,5,48,49,40,46,21,30,20,44,37,38,29,19,27,8,26,4,2,11,33,7,15,
429,22.786804914474487,88849.49341333333,63519.858000000015,0,25,14,31,22,18,23,39,1,36,6,16,45,43,41,17,34,47,12,9,3,24,10,32,13,35,28,42,5,48,49,40,46,21,30,20,44,37,38,29,19,27,8,26,4,2,11,33,7,15,
430,22.823808908462524,85690.02266666667,63519.858000000015,0,25,14,31,22,18,23,39,1,36,6,16,45,43,41,17,34,47,12,9,3,24,10,32,13,35,28,42,5,48,49,40,46,21,30,20,44,37,38,29,19,27,8,26,4,2,11,33,7,15,
431,22.859771490097046,80292.49954666667,63519.858000000015,0,25,14,31,22,18,23,39,1,36,6,16,45,43,41,17,34,47,12,9,3,24,10,32,13,35,28,42,5,48,49,40,46,21,30,20,44,37,38,29,19,27,8,26,4,2,11,33,7,15,
432,22.89777135848999,80347.95386666666,63519.858000000015,0,25,14,31,22,18,23,39,1,36,6,16,45,43,41,17,34,47,12,9,3,24,10,32,13,35,28,42,5,48,49,40,46,21,30,20,44,37,38,29,19,27,8,26,4,2,11,33,7,15,
433,22.935766220092773,79816.56376,63519.858000000015,0,25,14,31,22,18,23,39,1,36,6,16,45,43,41,17,34,47,12,9,3,24,10,32,13,35,28,42,5,48,49,40,46,21,30,20,44,37,38,29,19,27,8,26,4,2,11,33,7,15,
434,22.97176218032837,80514.62706666667,63519.858000000015,0,25,14,31,22,18,23,39,1,36,6,16,45,43,41,17,34,47,12,9,3,24,10,32,13,35,28,42,5,48,49,40,46,21,30,20,44,37,38,29,19,27,8,26,4,2,11,33,7,15,
435,23.012802362442017,76372.88704,63519.858000000015,0,25,14,31,22,18,23,39,1,36,6,16,45,43,41,17,34,47,12,9,3,24,10,32,13,35,28,42,5,48,49,40,46,21,30,20,44,37,38,29,19,27,8,26,4,2,11,33,7,15,
436,23.049838304519653,77922.07706666666,63519.858000000015,0,25,14,31,22,18,23,39,1,36,6,16,45,43,41,17,34,47,12,9,3,24,10,32,13,35,28,42,5,48,49,40,46,21,30,20,44,37,38,29,19,27,8,26,4,2,11,33,7,15,
437,23.087844371795654,77821.44898666667,63519.858000000015,0,25,14,31,22,18,23,39,1,36,6,16,45,43,41,17,34,47,12,9,3,24,10,32,13,35,28,42,5,48,49,40,46,21,30,20,44,37,38,29,19,27,8,26,4,2,11,33,7,15,
438,23.125876665115356,76096.57224000001,63519.858000000015,0,25,14,31,22,18,23,39,1,36,6,16,45,43,41,17,34,47,12,9,3,24,10,32,13,35,28,42,5,48,49,40,46,21,30,20,44,37,38,29,19,27,8,26,4,2,11,33,7,15,
439,23.166890621185303,76405.71298666667,63519.858000000015,0,25,14,31,22,18,23,39,1,36,6,16,45,43,41,17,34,47,12,9,3,24,10,32,13,35,28,42,5,48,49,40,46,21,30,20,44,37,38,29,19,27,8,26,4,2,11,33,7,15,
440,23.206897020339966,77257.53632,63519.858000000015,0,25,14,31,22,18,23,39,1,36,6,16,45,43,41,17,34,47,12,9,3,24,10,32,13,35,28,42,5,48,49,40,46,21,30,20,44,37,38,29,19,27,8,26,4,2,11,33,7,15,
441,23.246936321258545,76938.79581333334,63519.858000000015,0,25,14,31,22,18,23,39,1,36,6,16,45,43,41,17,34,47,12,9,3,24,10,32,13,35,28,42,5,48,49,40,46,21,30,20,44,37,38,29,19,27,8,26,4,2,11,33,7,15,
442,23.28394627571106,78012.07397333335,63519.858000000015,0,25,14,31,22,18,23,39,1,36,6,16,45,43,41,17,34,47,12,9,3,24,10,32,13,35,28,42,5,48,49,40,46,21,30,20,44,37,38,29,19,27,8,26,4,2,11,33,7,15,
443,23.319957971572876,78377.20290666669,63519.858000000015,0,25,14,31,22,18,23,39,1,36,6,16,45,43,41,17,34,47,12,9,3,24,10,32,13,35,28,42,5,48,49,40,46,21,30,20,44,37,38,29,19,27,8,26,4,2,11,33,7,15,
444,23.35591721534729,79133.36130666667,63519.858000000015,0,25,14,31,22,18,23,39,1,36,6,16,45,43,41,17,34,47,12,9,3,24,10,32,13,35,28,42,5,48,49,40,46,21,30,20,44,37,38,29,19,27,8,26,4,2,11,33,7,15,
445,23.393913984298706,81675.46162666667,63519.858000000015,0,25,14,31,22,18,23,39,1,36,6,16,45,43,41,17,34,47,12,9,3,24,10,32,13,35,28,42,5,48,49,40,46,21,30,20,44,37,38,29,19,27,8,26,4,2,11,33,7,15,
446,23.431950092315674,76816.59447999999,63519.858000000015,0,25,14,31,22,18,23,39,1,36,6,16,45,43,41,17,34,47,12,9,3,24,10,32,13,35,28,42,5,48,49,40,46,21,30,20,44,37,38,29,19,27,8,26,4,2,11,33,7,15,
447,23.470895528793335,80668.99322666667,63519.858000000015,0,25,14,31,22,18,23,39,1,36,6,16,45,43,41,17,34,47,12,9,3,24,10,32,13,35,28,42,5,48,49,40,46,21,30,20,44,37,38,29,19,27,8,26,4,2,11,33,7,15,
448,23.509902715682983,82791.41330666668,63519.858000000015,0,25,14,31,22,18,23,39,1,36,6,16,45,43,41,17,34,47,12,9,3,24,10,32,13,35,28,42,5,48,49,40,46,21,30,20,44,37,38,29,19,27,8,26,4,2,11,33,7,15,
449,23.545899868011475,82312.02357333335,63519.858000000015,0,25,14,31,22,18,23,39,1,36,6,16,45,43,41,17,34,47,12,9,3,24,10,32,13,35,28,42,5,48,49,40,46,21,30,20,44,37,38,29,19,27,8,26,4,2,11,33,7,15,
450,23.586898803710938,81655.19048000002,63519.858000000015,0,25,14,31,22,18,23,39,1,36,6,16,45,43,41,17,34,47,12,9,3,24,10,32,13,35,28,42,5,48,49,40,46,21,30,20,44,37,38,29,19,27,8,26,4,2,11,33,7,15,
451,23.624897718429565,81156.01837333334,63519.858000000015,0,25,14,31,22,18,23,39,1,36,6,16,45,43,41,17,34,47,12,9,3,24,10,32,13,35,28,42,5,48,49,40,46,21,30,20,44,37,38,29,19,27,8,26,4,2,11,33,7,15,
452,23.664896965026855,79901.68237333334,63519.858000000015,0,25,14,31,22,18,23,39,1,36,6,16,45,43,41,17,34,47,12,9,3,24,10,32,13,35,28,42,5,48,49,40,46,21,30,20,44,37,38,29,19,27,8,26,4,2,11,33,7,15,
453,23.707895517349243,78434.14458666669,63519.858000000015,0,25,14,31,22,18,23,39,1,36,6,16,45,43,41,17,34,47,12,9,3,24,10,32,13,35,28,42,5,48,49,40,46,21,30,20,44,37,38,29,19,27,8,26,4,2,11,33,7,15,
454,23.74893546104431,78363.72365333335,63519.858000000015,0,25,14,31,22,18,23,39,1,36,6,16,45,43,41,17,34,47,12,9,3,24,10,32,13,35,28,42,5,48,49,40,46,21,30,20,44,37,38,29,19,27,8,26,4,2,11,33,7,15,
455,23.791884183883667,76003.59184000001,63519.858000000015,0,25,14,31,22,18,23,39,1,36,6,16,45,43,41,17,34,47,12,9,3,24,10,32,13,35,28,42,5,48,49,40,46,21,30,20,44,37,38,29,19,27,8,26,4,2,11,33,7,15,
456,23.8318829536438,74763.30368000001,63519.858000000015,0,25,14,31,22,18,23,39,1,36,6,16,45,43,41,17,34,47,12,9,3,24,10,32,13,35,28,42,5,48,49,40,46,21,30,20,44,37,38,29,19,27,8,26,4,2,11,33,7,15,
457,23.86987280845642,77384.60794666667,63519.858000000015,0,25,14,31,22,18,23,39,1,36,6,16,45,43,41,17,34,47,12,9,3,24,10,32,13,35,28,42,5,48,49,40,46,21,30,20,44,37,38,29,19,27,8,26,4,2,11,33,7,15,
458,23.91087245941162,76233.72282666668,63519.858000000015,0,25,14,31,22,18,23,39,1,36,6,16,45,43,41,17,34,47,12,9,3,24,10,32,13,35,28,42,5,48,49,40,46,21,30,20,44,37,38,29,19,27,8,26,4,2,11,33,7,15,
459,23.95190715789795,78840.44365333335,63519.858000000015,0,25,14,31,22,18,23,39,1,36,6,16,45,43,41,17,34,47,12,9,3,24,10,32,13,35,28,42,5,48,49,40,46,21,30,20,44,37,38,29,19,27,8,26,4,2,11,33,7,15,
460,23.98990559577942,80394.93056000002,63519.858000000015,0,25,14,31,22,18,23,39,1,36,6,16,45,43,41,17,34,47,12,9,3,24,10,32,13,35,28,42,5,48,49,40,46,21,30,20,44,37,38,29,19,27,8,26,4,2,11,33,7,15,
461,24.02890706062317,76969.65189333334,63301.93800000002,0,25,14,31,22,18,23,39,1,36,6,16,45,43,41,17,34,47,12,9,3,24,10,32,13,42,35,28,5,48,49,40,46,21,30,20,44,37,38,29,19,27,8,26,4,2,11,33,7,15,
462,24.069909811019897,76080.58770666669,63301.93800000002,0,25,14,31,22,18,23,39,1,36,6,16,45,43,41,17,34,47,12,9,3,24,10,32,13,42,35,28,5,48,49,40,46,21,30,20,44,37,38,29,19,27,8,26,4,2,11,33,7,15,
463,24.109864473342896,78480.90272000001,63301.93800000002,0,25,14,31,22,18,23,39,1,36,6,16,45,43,41,17,34,47,12,9,3,24,10,32,13,42,35,28,5,48,49,40,46,21,30,20,44,37,38,29,19,27,8,26,4,2,11,33,7,15,
464,24.14686632156372,78003.18136000002,63301.93800000002,0,25,14,31,22,18,23,39,1,36,6,16,45,43,41,17,34,47,12,9,3,24,10,32,13,42,35,28,5,48,49,40,46,21,30,20,44,37,38,29,19,27,8,26,4,2,11,33,7,15,
465,24.183906078338623,77458.28029333333,63301.93800000002,0,25,14,31,22,18,23,39,1,36,6,16,45,43,41,17,34,47,12,9,3,24,10,32,13,42,35,28,5,48,49,40,46,21,30,20,44,37,38,29,19,27,8,26,4,2,11,33,7,15,
466,24.220916509628296,76346.15501333332,63301.93800000002,0,25,14,31,22,18,23,39,1,36,6,16,45,43,41,17,34,47,12,9,3,24,10,32,13,42,35,28,5,48,49,40,46,21,30,20,44,37,38,29,19,27,8,26,4,2,11,33,7,15,
467,24.25891637802124,74577.59317333331,63301.93800000002,0,25,14,31,22,18,23,39,1,36,6,16,45,43,41,17,34,47,12,9,3,24,10,32,13,42,35,28,5,48,49,40,46,21,30,20,44,37,38,29,19,27,8,26,4,2,11,33,7,15,
468,24.294965982437134,73970.39517333335,63301.93800000002,0,25,14,31,22,18,23,39,1,36,6,16,45,43,41,17,34,47,12,9,3,24,10,32,13,42,35,28,5,48,49,40,46,21,30,20,44,37,38,29,19,27,8,26,4,2,11,33,7,15,
469,24.330971717834473,75427.36586666669,63301.93800000002,0,25,14,31,22,18,23,39,1,36,6,16,45,43,41,17,34,47,12,9,3,24,10,32,13,42,35,28,5,48,49,40,46,21,30,20,44,37,38,29,19,27,8,26,4,2,11,33,7,15,
470,24.37096881866455,78173.36664000001,63301.93800000002,0,25,14,31,22,18,23,39,1,36,6,16,45,43,41,17,34,47,12,9,3,24,10,32,13,42,35,28,5,48,49,40,46,21,30,20,44,37,38,29,19,27,8,26,4,2,11,33,7,15,
471,24.408965826034546,76511.98904000001,63301.93800000002,0,25,14,31,22,18,23,39,1,36,6,16,45,43,41,17,34,47,12,9,3,24,10,32,13,42,35,28,5,48,49,40,46,21,30,20,44,37,38,29,19,27,8,26,4,2,11,33,7,15,
472,24.451966762542725,79346.41669333335,63301.93800000002,0,25,14,31,22,18,23,39,1,36,6,16,45,43,41,17,34,47,12,9,3,24,10,32,13,42,35,28,5,48,49,40,46,21,30,20,44,37,38,29,19,27,8,26,4,2,11,33,7,15,
473,24.49199414253235,77530.68914666667,63113.98000000001,0,25,14,31,22,12,9,3,18,23,39,1,36,6,16,45,43,41,17,34,47,24,10,32,13,42,35,28,5,48,49,40,46,21,30,20,44,37,38,29,19,27,8,26,4,2,11,33,7,15,
474,24.531004905700684,75043.35898666669,63113.98000000001,0,25,14,31,22,12,9,3,18,23,39,1,36,6,16,45,43,41,17,34,47,24,10,32,13,42,35,28,5,48,49,40,46,21,30,20,44,37,38,29,19,27,8,26,4,2,11,33,7,15,
475,24.567955017089844,73781.97413333335,63113.98000000001,0,25,14,31,22,12,9,3,18,23,39,1,36,6,16,45,43,41,17,34,47,24,10,32,13,42,35,28,5,48,49,40,46,21,30,20,44,37,38,29,19,27,8,26,4,2,11,33,7,15,
476,24.603920459747314,75102.08226666666,63113.98000000001,0,25,14,31,22,12,9,3,18,23,39,1,36,6,16,45,43,41,17,34,47,24,10,32,13,42,35,28,5,48,49,40,46,21,30,20,44,37,38,29,19,27,8,26,4,2,11,33,7,15,
477,24.638932943344116,76505.76384,63113.98000000001,0,25,14,31,22,12,9,3,18,23,39,1,36,6,16,45,43,41,17,34,47,24,10,32,13,42,35,28,5,48,49,40,46,21,30,20,44,37,38,29,19,27,8,26,4,2,11,33,7,15,
478,24.678953886032104,72782.87901333334,63020.11800000002,0,25,14,31,22,12,34,47,18,23,39,1,36,6,16,45,43,41,17,9,3,24,10,32,13,42,35,28,5,48,49,40,46,21,30,20,44,37,38,29,19,27,8,26,4,2,11,33,7,15,
479,24.716951847076416,73820.31005333333,63020.11800000002,0,25,14,31,22,12,34,47,18,23,39,1,36,6,16,45,43,41,17,9,3,24,10,32,13,42,35,28,5,48,49,40,46,21,30,20,44,37,38,29,19,27,8,26,4,2,11,33,7,15,
480,24.75400161743164,74525.11557333334,63020.11800000002,0,25,14,31,22,12,34,47,18,23,39,1,36,6,16,45,43,41,17,9,3,24,10,32,13,42,35,28,5,48,49,40,46,21,30,20,44,37,38,29,19,27,8,26,4,2,11,33,7,15,
481,24.791961431503296,73977.45954666667,62279.81800000001,0,25,14,31,22,12,9,47,18,23,39,1,36,6,16,45,43,41,17,34,3,24,10,32,13,42,35,28,5,48,49,40,46,21,30,20,44,37,38,29,19,27,8,26,4,2,11,33,7,15,
482,24.828974723815918,74134.72509333334,62279.81800000001,0,25,14,31,22,12,9,47,18,23,39,1,36,6,16,45,43,41,17,34,3,24,10,32,13,42,35,28,5,48,49,40,46,21,30,20,44,37,38,29,19,27,8,26,4,2,11,33,7,15,
483,24.86797332763672,80024.66970666667,62279.81800000001,0,25,14,31,22,12,9,47,18,23,39,1,36,6,16,45,43,41,17,34,3,24,10,32,13,42,35,28,5,48,49,40,46,21,30,20,44,37,38,29,19,27,8,26,4,2,11,33,7,15,
484,24.905998945236206,78092.37738666667,62269.148000000016,0,25,14,31,22,12,34,47,9,18,23,39,1,36,6,16,45,43,41,17,3,24,10,32,13,42,35,28,5,48,49,40,46,21,30,20,44,37,38,29,19,27,8,26,4,2,11,33,7,15,
485,24.949002027511597,74734.42058666669,62269.148000000016,0,25,14,31,22,12,34,47,9,18,23,39,1,36,6,16,45,43,41,17,3,24,10,32,13,42,35,28,5,48,49,40,46,21,30,20,44,37,38,29,19,27,8,26,4,2,11,33,7,15,
486,24.988039016723633,77858.15178666667,62044.74800000001,0,25,14,31,22,12,47,34,9,18,23,39,1,36,6,16,45,43,41,17,3,24,10,32,13,42,35,28,5,48,49,40,46,21,30,20,44,37,38,29,19,27,8,26,4,2,11,33,7,15,
487,25.02507781982422,78624.86114666666,62044.74800000001,0,25,14,31,22,12,47,34,9,18,23,39,1,36,6,16,45,43,41,17,3,24,10,32,13,42,35,28,5,48,49,40,46,21,30,20,44,37,38,29,19,27,8,26,4,2,11,33,7,15,
488,25.063079833984375,77418.10770666663,61728.838,0,25,14,31,22,12,9,47,34,18,23,39,1,36,6,16,45,43,41,17,3,24,10,32,13,42,35,28,5,48,49,40,46,21,30,20,44,37,38,29,19,27,8,26,4,2,11,33,7,15,
489,25.103124618530273,80521.08949333332,61728.838,0,25,14,31,22,12,9,47,34,18,23,39,1,36,6,16,45,43,41,17,3,24,10,32,13,42,35,28,5,48,49,40,46,21,30,20,44,37,38,29,19,27,8,26,4,2,11,33,7,15,
490,25.140164613723755,81771.75453333333,61728.838,0,25,14,31,22,12,9,47,34,18,23,39,1,36,6,16,45,43,41,17,3,24,10,32,13,42,35,28,5,48,49,40,46,21,30,20,44,37,38,29,19,27,8,26,4,2,11,33,7,15,
491,25.17916488647461,84527.49037333333,61728.838,0,25,14,31,22,12,9,47,34,18,23,39,1,36,6,16,45,43,41,17,3,24,10,32,13,42,35,28,5,48,49,40,46,21,30,20,44,37,38,29,19,27,8,26,4,2,11,33,7,15,
492,25.216127395629883,78701.20181333333,61728.838,0,25,14,31,22,12,9,47,34,18,23,39,1,36,6,16,45,43,41,17,3,24,10,32,13,42,35,28,5,48,49,40,46,21,30,20,44,37,38,29,19,27,8,26,4,2,11,33,7,15,
493,25.253120183944702,77743.84312,61728.838,0,25,14,31,22,12,9,47,34,18,23,39,1,36,6,16,45,43,41,17,3,24,10,32,13,42,35,28,5,48,49,40,46,21,30,20,44,37,38,29,19,27,8,26,4,2,11,33,7,15,
494,25.290087461471558,75690.48658666665,61728.838,0,25,14,31,22,12,9,47,34,18,23,39,1,36,6,16,45,43,41,17,3,24,10,32,13,42,35,28,5,48,49,40,46,21,30,20,44,37,38,29,19,27,8,26,4,2,11,33,7,15,
495,25.327129125595093,80719.16650666665,61728.838,0,25,14,31,22,12,9,47,34,18,23,39,1,36,6,16,45,43,41,17,3,24,10,32,13,42,35,28,5,48,49,40,46,21,30,20,44,37,38,29,19,27,8,26,4,2,11,33,7,15,
496,25.363139152526855,81887.66575999999,61728.838,0,25,14,31,22,12,9,47,34,18,23,39,1,36,6,16,45,43,41,17,3,24,10,32,13,42,35,28,5,48,49,40,46,21,30,20,44,37,38,29,19,27,8,26,4,2,11,33,7,15,
497,25.40016460418701,82206.08095999999,61728.838,0,25,14,31,22,12,9,47,34,18,23,39,1,36,6,16,45,43,41,17,3,24,10,32,13,42,35,28,5,48,49,40,46,21,30,20,44,37,38,29,19,27,8,26,4,2,11,33,7,15,
498,25.438169717788696,77740.78509333332,61728.838,0,25,14,31,22,12,9,47,34,18,23,39,1,36,6,16,45,43,41,17,3,24,10,32,13,42,35,28,5,48,49,40,46,21,30,20,44,37,38,29,19,27,8,26,4,2,11,33,7,15,
499,25.47617197036743,77196.02509333333,61728.838,0,25,14,31,22,12,9,47,34,18,23,39,1,36,6,16,45,43,41,17,3,24,10,32,13,42,35,28,5,48,49,40,46,21,30,20,44,37,38,29,19,27,8,26,4,2,11,33,7,15,
500,25.51616907119751,78055.97069333334,61728.838,0,25,14,31,22,12,9,47,34,18,23,39,1,36,6,16,45,43,41,17,3,24,10,32,13,42,35,28,5,48,49,40,46,21,30,20,44,37,38,29,19,27,8,26,4,2,11,33,7,15,
501,25.55617094039917,74992.87162666667,61728.838,0,25,14,31,22,12,9,47,34,18,23,39,1,36,6,16,45,43,41,17,3,24,10,32,13,42,35,28,5,48,49,40,46,21,30,20,44,37,38,29,19,27,8,26,4,2,11,33,7,15,
502,25.592169046401978,77479.09309333333,61728.838,0,25,14,31,22,12,9,47,34,18,23,39,1,36,6,16,45,43,41,17,3,24,10,32,13,42,35,28,5,48,49,40,46,21,30,20,44,37,38,29,19,27,8,26,4,2,11,33,7,15,
503,25.631208658218384,80080.78269333333,61728.838,0,25,14,31,22,12,9,47,34,18,23,39,1,36,6,16,45,43,41,17,3,24,10,32,13,42,35,28,5,48,49,40,46,21,30,20,44,37,38,29,19,27,8,26,4,2,11,33,7,15,
504,25.670219898223877,76478.80688,61728.838,0,25,14,31,22,12,9,47,34,18,23,39,1,36,6,16,45,43,41,17,3,24,10,32,13,42,35,28,5,48,49,40,46,21,30,20,44,37,38,29,19,27,8,26,4,2,11,33,7,15,
505,25.706221103668213,77539.29746666666,61728.838,0,25,14,31,22,12,9,47,34,18,23,39,1,36,6,16,45,43,41,17,3,24,10,32,13,42,35,28,5,48,49,40,46,21,30,20,44,37,38,29,19,27,8,26,4,2,11,33,7,15,
506,25.744221687316895,76240.51973333332,61728.838,0,25,14,31,22,12,9,47,34,18,23,39,1,36,6,16,45,43,41,17,3,24,10,32,13,42,35,28,5,48,49,40,46,21,30,20,44,37,38,29,19,27,8,26,4,2,11,33,7,15,
507,25.781216144561768,79239.1456,61728.838,0,25,14,31,22,12,9,47,34,18,23,39,1,36,6,16,45,43,41,17,3,24,10,32,13,42,35,28,5,48,49,40,46,21,30,20,44,37,38,29,19,27,8,26,4,2,11,33,7,15,
508,25.820254802703857,79602.04202666666,61728.838,0,25,14,31,22,12,9,47,34,18,23,39,1,36,6,16,45,43,41,17,3,24,10,32,13,42,35,28,5,48,49,40,46,21,30,20,44,37,38,29,19,27,8,26,4,2,11,33,7,15,
509,25.859212636947632,79408.44229333333,61728.838,0,25,14,31,22,12,9,47,34,18,23,39,1,36,6,16,45,43,41,17,3,24,10,32,13,42,35,28,5,48,49,40,46,21,30,20,44,37,38,29,19,27,8,26,4,2,11,33,7,15,
510,25.897245168685913,80303.15439999998,61728.838,0,25,14,31,22,12,9,47,34,18,23,39,1,36,6,16,45,43,41,17,3,24,10,32,13,42,35,28,5,48,49,40,46,21,30,20,44,37,38,29,19,27,8,26,4,2,11,33,7,15,
511,25.939281702041626,75614.33029333332,61728.838,0,25,14,31,22,12,9,47,34,18,23,39,1,36,6,16,45,43,41,17,3,24,10,32,13,42,35,28,5,48,49,40,46,21,30,20,44,37,38,29,19,27,8,26,4,2,11,33,7,15,
512,25.97832226753235,73421.76920000001,61728.838,0,25,14,31,22,12,9,47,34,18,23,39,1,36,6,16,45,43,41,17,3,24,10,32,13,42,35,28,5,48,49,40,46,21,30,20,44,37,38,29,19,27,8,26,4,2,11,33,7,15,
513,26.015285968780518,82236.27895999998,61728.838,0,25,14,31,22,12,9,47,34,18,23,39,1,36,6,16,45,43,41,17,3,24,10,32,13,42,35,28,5,48,49,40,46,21,30,20,44,37,38,29,19,27,8,26,4,2,11,33,7,15,
514,26.057246208190918,80551.16693333333,61728.838,0,25,14,31,22,12,9,47,34,18,23,39,1,36,6,16,45,43,41,17,3,24,10,32,13,42,35,28,5,48,49,40,46,21,30,20,44,37,38,29,19,27,8,26,4,2,11,33,7,15,
515,26.09628415107727,77869.72525333334,61728.838,0,25,14,31,22,12,9,47,34,18,23,39,1,36,6,16,45,43,41,17,3,24,10,32,13,42,35,28,5,48,49,40,46,21,30,20,44,37,38,29,19,27,8,26,4,2,11,33,7,15,
516,26.13233494758606,75753.96616,61728.838,0,25,14,31,22,12,9,47,34,18,23,39,1,36,6,16,45,43,41,17,3,24,10,32,13,42,35,28,5,48,49,40,46,21,30,20,44,37,38,29,19,27,8,26,4,2,11,33,7,15,
517,26.169374465942383,79922.31458666665,61728.838,0,25,14,31,22,12,9,47,34,18,23,39,1,36,6,16,45,43,41,17,3,24,10,32,13,42,35,28,5,48,49,40,46,21,30,20,44,37,38,29,19,27,8,26,4,2,11,33,7,15,
518,26.20638918876648,77390.20725333333,61728.838,0,25,14,31,22,12,9,47,34,18,23,39,1,36,6,16,45,43,41,17,3,24,10,32,13,42,35,28,5,48,49,40,46,21,30,20,44,37,38,29,19,27,8,26,4,2,11,33,7,15,
519,26.2444326877594,75459.64584,61728.838,0,25,14,31,22,12,9,47,34,18,23,39,1,36,6,16,45,43,41,17,3,24,10,32,13,42,35,28,5,48,49,40,46,21,30,20,44,37,38,29,19,27,8,26,4,2,11,33,7,15,
520,26.283425092697144,77075.00808,61728.838,0,25,14,31,22,12,9,47,34,18,23,39,1,36,6,16,45,43,41,17,3,24,10,32,13,42,35,28,5,48,49,40,46,21,30,20,44,37,38,29,19,27,8,26,4,2,11,33,7,15,
521,26.322388172149658,78245.35618666666,61728.838,0,25,14,31,22,12,9,47,34,18,23,39,1,36,6,16,45,43,41,17,3,24,10,32,13,42,35,28,5,48,49,40,46,21,30,20,44,37,38,29,19,27,8,26,4,2,11,33,7,15,
522,26.36041569709778,79425.72306666666,61728.838,0,25,14,31,22,12,9,47,34,18,23,39,1,36,6,16,45,43,41,17,3,24,10,32,13,42,35,28,5,48,49,40,46,21,30,20,44,37,38,29,19,27,8,26,4,2,11,33,7,15,
523,26.396416187286377,76143.71546666666,61728.838,0,25,14,31,22,12,9,47,34,18,23,39,1,36,6,16,45,43,41,17,3,24,10,32,13,42,35,28,5,48,49,40,46,21,30,20,44,37,38,29,19,27,8,26,4,2,11,33,7,15,
524,26.433415174484253,75326.88842666666,61728.838,0,25,14,31,22,12,9,47,34,18,23,39,1,36,6,16,45,43,41,17,3,24,10,32,13,42,35,28,5,48,49,40,46,21,30,20,44,37,38,29,19,27,8,26,4,2,11,33,7,15,
525,26.47341799736023,76764.71434666665,61728.838,0,25,14,31,22,12,9,47,34,18,23,39,1,36,6,16,45,43,41,17,3,24,10,32,13,42,35,28,5,48,49,40,46,21,30,20,44,37,38,29,19,27,8,26,4,2,11,33,7,15,
526,26.509467363357544,73893.01085333333,61728.838,0,25,14,31,22,12,9,47,34,18,23,39,1,36,6,16,45,43,41,17,3,24,10,32,13,42,35,28,5,48,49,40,46,21,30,20,44,37,38,29,19,27,8,26,4,2,11,33,7,15,
527,26.547475337982178,75835.56941333333,61728.838,0,25,14,31,22,12,9,47,34,18,23,39,1,36,6,16,45,43,41,17,3,24,10,32,13,42,35,28,5,48,49,40,46,21,30,20,44,37,38,29,19,27,8,26,4,2,11,33,7,15,
528,26.586475610733032,77142.38322666664,61728.838,0,25,14,31,22,12,9,47,34,18,23,39,1,36,6,16,45,43,41,17,3,24,10,32,13,42,35,28,5,48,49,40,46,21,30,20,44,37,38,29,19,27,8,26,4,2,11,33,7,15,
529,26.626439809799194,77009.51008,61728.838,0,25,14,31,22,12,9,47,34,18,23,39,1,36,6,16,45,43,41,17,3,24,10,32,13,42,35,28,5,48,49,40,46,21,30,20,44,37,38,29,19,27,8,26,4,2,11,33,7,15,
530,26.665438890457153,75743.98943999998,61728.838,0,25,14,31,22,12,9,47,34,18,23,39,1,36,6,16,45,43,41,17,3,24,10,32,13,42,35,28,5,48,49,40,46,21,30,20,44,37,38,29,19,27,8,26,4,2,11,33,7,15,
531,26.70344042778015,75845.62085333334,61728.838,0,25,14,31,22,12,9,47,34,18,23,39,1,36,6,16,45,43,41,17,3,24,10,32,13,42,35,28,5,48,49,40,46,21,30,20,44,37,38,29,19,27,8,26,4,2,11,33,7,15,
532,26.7404043674469,76366.25389333333,61728.838,0,25,14,31,22,12,9,47,34,18,23,39,1,36,6,16,45,43,41,17,3,24,10,32,13,42,35,28,5,48,49,40,46,21,30,20,44,37,38,29,19,27,8,26,4,2,11,33,7,15,
533,26.780407667160034,82343.50928,61728.838,0,25,14,31,22,12,9,47,34,18,23,39,1,36,6,16,45,43,41,17,3,24,10,32,13,42,35,28,5,48,49,40,46,21,30,20,44,37,38,29,19,27,8,26,4,2,11,33,7,15,
534,26.81943917274475,80550.62053333333,61728.838,0,25,14,31,22,12,9,47,34,18,23,39,1,36,6,16,45,43,41,17,3,24,10,32,13,42,35,28,5,48,49,40,46,21,30,20,44,37,38,29,19,27,8,26,4,2,11,33,7,15,
535,26.858471393585205,87607.13578666667,61728.838,0,25,14,31,22,12,9,47,34,18,23,39,1,36,6,16,45,43,41,17,3,24,10,32,13,42,35,28,5,48,49,40,46,21,30,20,44,37,38,29,19,27,8,26,4,2,11,33,7,15,
536,26.897510766983032,79671.64946666667,61728.838,0,25,14,31,22,12,9,47,34,18,23,39,1,36,6,16,45,43,41,17,3,24,10,32,13,42,35,28,5,48,49,40,46,21,30,20,44,37,38,29,19,27,8,26,4,2,11,33,7,15,
537,26.935489654541016,79322.95141333333,61728.838,0,25,14,31,22,12,9,47,34,18,23,39,1,36,6,16,45,43,41,17,3,24,10,32,13,42,35,28,5,48,49,40,46,21,30,20,44,37,38,29,19,27,8,26,4,2,11,33,7,15,
538,26.972493410110474,78868.29050666666,61728.838,0,25,14,31,22,12,9,47,34,18,23,39,1,36,6,16,45,43,41,17,3,24,10,32,13,42,35,28,5,48,49,40,46,21,30,20,44,37,38,29,19,27,8,26,4,2,11,33,7,15,
539,27.008496046066284,81701.33791999999,61728.838,0,25,14,31,22,12,9,47,34,18,23,39,1,36,6,16,45,43,41,17,3,24,10,32,13,42,35,28,5,48,49,40,46,21,30,20,44,37,38,29,19,27,8,26,4,2,11,33,7,15,
540,27.046530723571777,82211.46471999999,61728.838,0,25,14,31,22,12,9,47,34,18,23,39,1,36,6,16,45,43,41,17,3,24,10,32,13,42,35,28,5,48,49,40,46,21,30,20,44,37,38,29,19,27,8,26,4,2,11,33,7,15,
541,27.083528995513916,80543.63698666665,61728.838,0,25,14,31,22,12,9,47,34,18,23,39,1,36,6,16,45,43,41,17,3,24,10,32,13,42,35,28,5,48,49,40,46,21,30,20,44,37,38,29,19,27,8,26,4,2,11,33,7,15,
542,27.120567798614502,78103.60581333331,61728.838,0,25,14,31,22,12,9,47,34,18,23,39,1,36,6,16,45,43,41,17,3,24,10,32,13,42,35,28,5,48,49,40,46,21,30,20,44,37,38,29,19,27,8,26,4,2,11,33,7,15,
543,27.15853500366211,77002.52634666667,61728.838,0,25,14,31,22,12,9,47,34,18,23,39,1,36,6,16,45,43,41,17,3,24,10,32,13,42,35,28,5,48,49,40,46,21,30,20,44,37,38,29,19,27,8,26,4,2,11,33,7,15,
544,27.19749641418457,80453.76792,61728.838,0,25,14,31,22,12,9,47,34,18,23,39,1,36,6,16,45,43,41,17,3,24,10,32,13,42,35,28,5,48,49,40,46,21,30,20,44,37,38,29,19,27,8,26,4,2,11,33,7,15,
545,27.236459016799927,79595.31429333333,61728.838,0,25,14,31,22,12,9,47,34,18,23,39,1,36,6,16,45,43,41,17,3,24,10,32,13,42,35,28,5,48,49,40,46,21,30,20,44,37,38,29,19,27,8,26,4,2,11,33,7,15,
546,27.27444362640381,82193.77712000001,61728.838,0,25,14,31,22,12,9,47,34,18,23,39,1,36,6,16,45,43,41,17,3,24,10,32,13,42,35,28,5,48,49,40,46,21,30,20,44,37,38,29,19,27,8,26,4,2,11,33,7,15,
547,27.312493801116943,79684.44296,61728.838,0,25,14,31,22,12,9,47,34,18,23,39,1,36,6,16,45,43,41,17,3,24,10,32,13,42,35,28,5,48,49,40,46,21,30,20,44,37,38,29,19,27,8,26,4,2,11,33,7,15,
548,27.35045313835144,83693.27189333332,61728.838,0,25,14,31,22,12,9,47,34,18,23,39,1,36,6,16,45,43,41,17,3,24,10,32,13,42,35,28,5,48,49,40,46,21,30,20,44,37,38,29,19,27,8,26,4,2,11,33,7,15,
549,27.388502597808838,83112.26224000001,61728.838,0,25,14,31,22,12,9,47,34,18,23,39,1,36,6,16,45,43,41,17,3,24,10,32,13,42,35,28,5,48,49,40,46,21,30,20,44,37,38,29,19,27,8,26,4,2,11,33,7,15,
550,27.425540447235107,80704.75994666666,61728.838,0,25,14,31,22,12,9,47,34,18,23,39,1,36,6,16,45,43,41,17,3,24,10,32,13,42,35,28,5,48,49,40,46,21,30,20,44,37,38,29,19,27,8,26,4,2,11,33,7,15,
551,27.46157455444336,79487.04970666667,61728.838,0,25,14,31,22,12,9,47,34,18,23,39,1,36,6,16,45,43,41,17,3,24,10,32,13,42,35,28,5,48,49,40,46,21,30,20,44,37,38,29,19,27,8,26,4,2,11,33,7,15,
552,27.497610330581665,83951.1452,61728.838,0,25,14,31,22,12,9,47,34,18,23,39,1,36,6,16,45,43,41,17,3,24,10,32,13,42,35,28,5,48,49,40,46,21,30,20,44,37,38,29,19,27,8,26,4,2,11,33,7,15,
553,27.536568880081177,80315.73242666665,61728.838,0,25,14,31,22,12,9,47,34,18,23,39,1,36,6,16,45,43,41,17,3,24,10,32,13,42,35,28,5,48,49,40,46,21,30,20,44,37,38,29,19,27,8,26,4,2,11,33,7,15,
554,27.575534343719482,78797.00930666666,61728.838,0,25,14,31,22,12,9,47,34,18,23,39,1,36,6,16,45,43,41,17,3,24,10,32,13,42,35,28,5,48,49,40,46,21,30,20,44,37,38,29,19,27,8,26,4,2,11,33,7,15,
555,27.61453366279602,76507.75157333333,61728.838,0,25,14,31,22,12,9,47,34,18,23,39,1,36,6,16,45,43,41,17,3,24,10,32,13,42,35,28,5,48,49,40,46,21,30,20,44,37,38,29,19,27,8,26,4,2,11,33,7,15,
556,27.65254521369934,78424.59512,61728.838,0,25,14,31,22,12,9,47,34,18,23,39,1,36,6,16,45,43,41,17,3,24,10,32,13,42,35,28,5,48,49,40,46,21,30,20,44,37,38,29,19,27,8,26,4,2,11,33,7,15,
557,27.690542936325073,78355.73775999999,61728.838,0,25,14,31,22,12,9,47,34,18,23,39,1,36,6,16,45,43,41,17,3,24,10,32,13,42,35,28,5,48,49,40,46,21,30,20,44,37,38,29,19,27,8,26,4,2,11,33,7,15,
558,27.728546619415283,77809.47944,61728.838,0,25,14,31,22,12,9,47,34,18,23,39,1,36,6,16,45,43,41,17,3,24,10,32,13,42,35,28,5,48,49,40,46,21,30,20,44,37,38,29,19,27,8,26,4,2,11,33,7,15,
559,27.77155590057373,79993.9244,61728.838,0,25,14,31,22,12,9,47,34,18,23,39,1,36,6,16,45,43,41,17,3,24,10,32,13,42,35,28,5,48,49,40,46,21,30,20,44,37,38,29,19,27,8,26,4,2,11,33,7,15,
560,27.810603857040405,78679.39039999999,61728.838,0,25,14,31,22,12,9,47,34,18,23,39,1,36,6,16,45,43,41,17,3,24,10,32,13,42,35,28,5,48,49,40,46,21,30,20,44,37,38,29,19,27,8,26,4,2,11,33,7,15,
561,27.848607778549194,76686.99989333333,61728.838,0,25,14,31,22,12,9,47,34,18,23,39,1,36,6,16,45,43,41,17,3,24,10,32,13,42,35,28,5,48,49,40,46,21,30,20,44,37,38,29,19,27,8,26,4,2,11,33,7,15,
562,27.886610507965088,75812.00578666668,61728.838,0,25,14,31,22,12,9,47,34,18,23,39,1,36,6,16,45,43,41,17,3,24,10,32,13,42,35,28,5,48,49,40,46,21,30,20,44,37,38,29,19,27,8,26,4,2,11,33,7,15,
563,27.925570726394653,74942.07346666667,61728.838,0,25,14,31,22,12,9,47,34,18,23,39,1,36,6,16,45,43,41,17,3,24,10,32,13,42,35,28,5,48,49,40,46,21,30,20,44,37,38,29,19,27,8,26,4,2,11,33,7,15,
564,27.961570262908936,79152.90079999999,61728.838,0,25,14,31,22,12,9,47,34,18,23,39,1,36,6,16,45,43,41,17,3,24,10,32,13,42,35,28,5,48,49,40,46,21,30,20,44,37,38,29,19,27,8,26,4,2,11,33,7,15,
565,27.99952745437622,76254.25613333333,61728.838,0,25,14,31,22,12,9,47,34,18,23,39,1,36,6,16,45,43,41,17,3,24,10,32,13,42,35,28,5,48,49,40,46,21,30,20,44,37,38,29,19,27,8,26,4,2,11,33,7,15,
566,28.03748655319214,79384.08664,61728.838,0,25,14,31,22,12,9,47,34,18,23,39,1,36,6,16,45,43,41,17,3,24,10,32,13,42,35,28,5,48,49,40,46,21,30,20,44,37,38,29,19,27,8,26,4,2,11,33,7,15,
567,28.076475858688354,80832.18149333332,61728.838,0,25,14,31,22,12,9,47,34,18,23,39,1,36,6,16,45,43,41,17,3,24,10,32,13,42,35,28,5,48,49,40,46,21,30,20,44,37,38,29,19,27,8,26,4,2,11,33,7,15,
568,28.114447832107544,82371.63925333334,61728.838,0,25,14,31,22,12,9,47,34,18,23,39,1,36,6,16,45,43,41,17,3,24,10,32,13,42,35,28,5,48,49,40,46,21,30,20,44,37,38,29,19,27,8,26,4,2,11,33,7,15,
569,28.150485038757324,82689.5872,61728.838,0,25,14,31,22,12,9,47,34,18,23,39,1,36,6,16,45,43,41,17,3,24,10,32,13,42,35,28,5,48,49,40,46,21,30,20,44,37,38,29,19,27,8,26,4,2,11,33,7,15,
570,28.18848705291748,81874.05213333332,61728.838,0,25,14,31,22,12,9,47,34,18,23,39,1,36,6,16,45,43,41,17,3,24,10,32,13,42,35,28,5,48,49,40,46,21,30,20,44,37,38,29,19,27,8,26,4,2,11,33,7,15,
571,28.224491357803345,79200.44103999999,61728.838,0,25,14,31,22,12,9,47,34,18,23,39,1,36,6,16,45,43,41,17,3,24,10,32,13,42,35,28,5,48,49,40,46,21,30,20,44,37,38,29,19,27,8,26,4,2,11,33,7,15,
572,28.26253080368042,76184.09999999999,61728.838,0,25,14,31,22,12,9,47,34,18,23,39,1,36,6,16,45,43,41,17,3,24,10,32,13,42,35,28,5,48,49,40,46,21,30,20,44,37,38,29,19,27,8,26,4,2,11,33,7,15,
573,28.299582481384277,76480.60170666665,61728.838,0,25,14,31,22,12,9,47,34,18,23,39,1,36,6,16,45,43,41,17,3,24,10,32,13,42,35,28,5,48,49,40,46,21,30,20,44,37,38,29,19,27,8,26,4,2,11,33,7,15,
574,28.336541414260864,76346.43647999997,61728.838,0,25,14,31,22,12,9,47,34,18,23,39,1,36,6,16,45,43,41,17,3,24,10,32,13,42,35,28,5,48,49,40,46,21,30,20,44,37,38,29,19,27,8,26,4,2,11,33,7,15,
575,28.372538089752197,77547.39410666664,61728.838,0,25,14,31,22,12,9,47,34,18,23,39,1,36,6,16,45,43,41,17,3,24,10,32,13,42,35,28,5,48,49,40,46,21,30,20,44,37,38,29,19,27,8,26,4,2,11,33,7,15,
576,28.41050124168396,79988.99405333331,61728.838,0,25,14,31,22,12,9,47,34,18,23,39,1,36,6,16,45,43,41,17,3,24,10,32,13,42,35,28,5,48,49,40,46,21,30,20,44,37,38,29,19,27,8,26,4,2,11,33,7,15,
577,28.448550939559937,79852.91954666666,61728.838,0,25,14,31,22,12,9,47,34,18,23,39,1,36,6,16,45,43,41,17,3,24,10,32,13,42,35,28,5,48,49,40,46,21,30,20,44,37,38,29,19,27,8,26,4,2,11,33,7,15,
578,28.48754906654358,81819.86850666665,61728.838,0,25,14,31,22,12,9,47,34,18,23,39,1,36,6,16,45,43,41,17,3,24,10,32,13,42,35,28,5,48,49,40,46,21,30,20,44,37,38,29,19,27,8,26,4,2,11,33,7,15,
579,28.525511980056763,77561.84821333333,61728.838,0,25,14,31,22,12,9,47,34,18,23,39,1,36,6,16,45,43,41,17,3,24,10,32,13,42,35,28,5,48,49,40,46,21,30,20,44,37,38,29,19,27,8,26,4,2,11,33,7,15,
580,28.566513299942017,83385.08032000001,61728.838,0,25,14,31,22,12,9,47,34,18,23,39,1,36,6,16,45,43,41,17,3,24,10,32,13,42,35,28,5,48,49,40,46,21,30,20,44,37,38,29,19,27,8,26,4,2,11,33,7,15,
581,28.607516765594482,77088.40128,61728.838,0,25,14,31,22,12,9,47,34,18,23,39,1,36,6,16,45,43,41,17,3,24,10,32,13,42,35,28,5,48,49,40,46,21,30,20,44,37,38,29,19,27,8,26,4,2,11,33,7,15,
582,28.64356231689453,79349.50178666667,61728.838,0,25,14,31,22,12,9,47,34,18,23,39,1,36,6,16,45,43,41,17,3,24,10,32,13,42,35,28,5,48,49,40,46,21,30,20,44,37,38,29,19,27,8,26,4,2,11,33,7,15,
583,28.681513786315918,77044.83623999999,61728.838,0,25,14,31,22,12,9,47,34,18,23,39,1,36,6,16,45,43,41,17,3,24,10,32,13,42,35,28,5,48,49,40,46,21,30,20,44,37,38,29,19,27,8,26,4,2,11,33,7,15,
584,28.720512628555298,80809.55946666667,61728.838,0,25,14,31,22,12,9,47,34,18,23,39,1,36,6,16,45,43,41,17,3,24,10,32,13,42,35,28,5,48,49,40,46,21,30,20,44,37,38,29,19,27,8,26,4,2,11,33,7,15,
585,28.759551525115967,81591.42319999999,61728.838,0,25,14,31,22,12,9,47,34,18,23,39,1,36,6,16,45,43,41,17,3,24,10,32,13,42,35,28,5,48,49,40,46,21,30,20,44,37,38,29,19,27,8,26,4,2,11,33,7,15,
586,28.797553300857544,83151.0868,61728.838,0,25,14,31,22,12,9,47,34,18,23,39,1,36,6,16,45,43,41,17,3,24,10,32,13,42,35,28,5,48,49,40,46,21,30,20,44,37,38,29,19,27,8,26,4,2,11,33,7,15,
587,28.833550214767456,79051.19157333332,61728.838,0,25,14,31,22,12,9,47,34,18,23,39,1,36,6,16,45,43,41,17,3,24,10,32,13,42,35,28,5,48,49,40,46,21,30,20,44,37,38,29,19,27,8,26,4,2,11,33,7,15,
588,28.871541500091553,78841.18527999999,61728.838,0,25,14,31,22,12,9,47,34,18,23,39,1,36,6,16,45,43,41,17,3,24,10,32,13,42,35,28,5,48,49,40,46,21,30,20,44,37,38,29,19,27,8,26,4,2,11,33,7,15,
589,28.909498929977417,81190.88821333331,61728.838,0,25,14,31,22,12,9,47,34,18,23,39,1,36,6,16,45,43,41,17,3,24,10,32,13,42,35,28,5,48,49,40,46,21,30,20,44,37,38,29,19,27,8,26,4,2,11,33,7,15,
590,28.94750142097473,80717.33365333332,61728.838,0,25,14,31,22,12,9,47,34,18,23,39,1,36,6,16,45,43,41,17,3,24,10,32,13,42,35,28,5,48,49,40,46,21,30,20,44,37,38,29,19,27,8,26,4,2,11,33,7,15,
591,28.987512588500977,79126.85085333335,61728.838,0,25,14,31,22,12,9,47,34,18,23,39,1,36,6,16,45,43,41,17,3,24,10,32,13,42,35,28,5,48,49,40,46,21,30,20,44,37,38,29,19,27,8,26,4,2,11,33,7,15,
592,29.023539304733276,77638.73872,61728.838,0,25,14,31,22,12,9,47,34,18,23,39,1,36,6,16,45,43,41,17,3,24,10,32,13,42,35,28,5,48,49,40,46,21,30,20,44,37,38,29,19,27,8,26,4,2,11,33,7,15,
593,29.059590101242065,76972.70621333334,61728.838,0,25,14,31,22,12,9,47,34,18,23,39,1,36,6,16,45,43,41,17,3,24,10,32,13,42,35,28,5,48,49,40,46,21,30,20,44,37,38,29,19,27,8,26,4,2,11,33,7,15,
594,29.096633195877075,77543.68970666667,61728.838,0,25,14,31,22,12,9,47,34,18,23,39,1,36,6,16,45,43,41,17,3,24,10,32,13,42,35,28,5,48,49,40,46,21,30,20,44,37,38,29,19,27,8,26,4,2,11,33,7,15,
595,29.133631229400635,79385.19608000001,61728.838,0,25,14,31,22,12,9,47,34,18,23,39,1,36,6,16,45,43,41,17,3,24,10,32,13,42,35,28,5,48,49,40,46,21,30,20,44,37,38,29,19,27,8,26,4,2,11,33,7,15,
596,29.17163395881653,78654.70744,61728.838,0,25,14,31,22,12,9,47,34,18,23,39,1,36,6,16,45,43,41,17,3,24,10,32,13,42,35,28,5,48,49,40,46,21,30,20,44,37,38,29,19,27,8,26,4,2,11,33,7,15,
597,29.209595918655396,79087.57114666665,61728.838,0,25,14,31,22,12,9,47,34,18,23,39,1,36,6,16,45,43,41,17,3,24,10,32,13,42,35,28,5,48,49,40,46,21,30,20,44,37,38,29,19,27,8,26,4,2,11,33,7,15,
598,29.24659490585327,77548.23381333334,61728.838,0,25,14,31,22,12,9,47,34,18,23,39,1,36,6,16,45,43,41,17,3,24,10,32,13,42,35,28,5,48,49,40,46,21,30,20,44,37,38,29,19,27,8,26,4,2,11,33,7,15,
599,31.84059476852417,78525.01210666666,61728.838,0,25,14,31,22,12,9,47,34,18,23,39,1,36,6,16,45,43,41,17,3,24,10,32,13,42,35,28,5,48,49,40,46,21,30,20,44,37,38,29,19,27,8,26,4,2,11,33,7,15,
600,31.878596305847168,82976.29527999999,61311.798,0,25,14,31,22,12,9,47,34,18,23,39,1,36,6,16,45,43,41,17,3,24,10,32,13,42,35,28,5,48,49,40,46,21,30,20,44,37,38,29,19,27,8,7,33,11,2,4,26,15,
601,31.917636156082153,85362.77626666668,61311.798,0,25,14,31,22,12,9,47,34,18,23,39,1,36,6,16,45,43,41,17,3,24,10,32,13,42,35,28,5,48,49,40,46,21,30,20,44,37,38,29,19,27,8,7,33,11,2,4,26,15,
602,31.95465087890625,82827.57512000002,61311.798,0,25,14,31,22,12,9,47,34,18,23,39,1,36,6,16,45,43,41,17,3,24,10,32,13,42,35,28,5,48,49,40,46,21,30,20,44,37,38,29,19,27,8,7,33,11,2,4,26,15,
603,31.993653059005737,80078.78373333334,61311.798,0,25,14,31,22,12,9,47,34,18,23,39,1,36,6,16,45,43,41,17,3,24,10,32,13,42,35,28,5,48,49,40,46,21,30,20,44,37,38,29,19,27,8,7,33,11,2,4,26,15,
604,32.029650926589966,80349.13034666667,61311.798,0,25,14,31,22,12,9,47,34,18,23,39,1,36,6,16,45,43,41,17,3,24,10,32,13,42,35,28,5,48,49,40,46,21,30,20,44,37,38,29,19,27,8,7,33,11,2,4,26,15,
605,32.06664705276489,82849.47861333334,61311.798,0,25,14,31,22,12,9,47,34,18,23,39,1,36,6,16,45,43,41,17,3,24,10,32,13,42,35,28,5,48,49,40,46,21,30,20,44,37,38,29,19,27,8,7,33,11,2,4,26,15,
606,32.10560441017151,81554.65392000001,61311.798,0,25,14,31,22,12,9,47,34,18,23,39,1,36,6,16,45,43,41,17,3,24,10,32,13,42,35,28,5,48,49,40,46,21,30,20,44,37,38,29,19,27,8,7,33,11,2,4,26,15,
607,32.142603397369385,82364.59216,61311.798,0,25,14,31,22,12,9,47,34,18,23,39,1,36,6,16,45,43,41,17,3,24,10,32,13,42,35,28,5,48,49,40,46,21,30,20,44,37,38,29,19,27,8,7,33,11,2,4,26,15,
608,32.180654764175415,81981.12229333333,61311.798,0,25,14,31,22,12,9,47,34,18,23,39,1,36,6,16,45,43,41,17,3,24,10,32,13,42,35,28,5,48,49,40,46,21,30,20,44,37,38,29,19,27,8,7,33,11,2,4,26,15,
609,32.21865797042847,80701.5412,61311.798,0,25,14,31,22,12,9,47,34,18,23,39,1,36,6,16,45,43,41,17,3,24,10,32,13,42,35,28,5,48,49,40,46,21,30,20,44,37,38,29,19,27,8,7,33,11,2,4,26,15,
610,32.254616260528564,80322.92168,61311.798,0,25,14,31,22,12,9,47,34,18,23,39,1,36,6,16,45,43,41,17,3,24,10,32,13,42,35,28,5,48,49,40,46,21,30,20,44,37,38,29,19,27,8,7,33,11,2,4,26,15,
611,32.291576862335205,80001.77082666666,61311.798,0,25,14,31,22,12,9,47,34,18,23,39,1,36,6,16,45,43,41,17,3,24,10,32,13,42,35,28,5,48,49,40,46,21,30,20,44,37,38,29,19,27,8,7,33,11,2,4,26,15,
612,32.3305766582489,81127.45794666668,61311.798,0,25,14,31,22,12,9,47,34,18,23,39,1,36,6,16,45,43,41,17,3,24,10,32,13,42,35,28,5,48,49,40,46,21,30,20,44,37,38,29,19,27,8,7,33,11,2,4,26,15,
613,32.36757755279541,79728.48005333335,61311.798,0,25,14,31,22,12,9,47,34,18,23,39,1,36,6,16,45,43,41,17,3,24,10,32,13,42,35,28,5,48,49,40,46,21,30,20,44,37,38,29,19,27,8,7,33,11,2,4,26,15,
614,32.40461206436157,79091.41381333335,61311.798,0,25,14,31,22,12,9,47,34,18,23,39,1,36,6,16,45,43,41,17,3,24,10,32,13,42,35,28,5,48,49,40,46,21,30,20,44,37,38,29,19,27,8,7,33,11,2,4,26,15,
615,32.442607164382935,79946.65605333334,61311.798,0,25,14,31,22,12,9,47,34,18,23,39,1,36,6,16,45,43,41,17,3,24,10,32,13,42,35,28,5,48,49,40,46,21,30,20,44,37,38,29,19,27,8,7,33,11,2,4,26,15,
616,32.480645418167114,78489.51082666666,61311.798,0,25,14,31,22,12,9,47,34,18,23,39,1,36,6,16,45,43,41,17,3,24,10,32,13,42,35,28,5,48,49,40,46,21,30,20,44,37,38,29,19,27,8,7,33,11,2,4,26,15,
617,32.51961064338684,79827.24194666666,61311.798,0,25,14,31,22,12,9,47,34,18,23,39,1,36,6,16,45,43,41,17,3,24,10,32,13,42,35,28,5,48,49,40,46,21,30,20,44,37,38,29,19,27,8,7,33,11,2,4,26,15,
618,32.555659770965576,78741.84125333335,61311.798,0,25,14,31,22,12,9,47,34,18,23,39,1,36,6,16,45,43,41,17,3,24,10,32,13,42,35,28,5,48,49,40,46,21,30,20,44,37,38,29,19,27,8,7,33,11,2,4,26,15,
619,32.59365940093994,78102.58984000002,61311.798,0,25,14,31,22,12,9,47,34,18,23,39,1,36,6,16,45,43,41,17,3,24,10,32,13,42,35,28,5,48,49,40,46,21,30,20,44,37,38,29,19,27,8,7,33,11,2,4,26,15,
620,32.63162708282471,77192.40589333333,61311.798,0,25,14,31,22,12,9,47,34,18,23,39,1,36,6,16,45,43,41,17,3,24,10,32,13,42,35,28,5,48,49,40,46,21,30,20,44,37,38,29,19,27,8,7,33,11,2,4,26,15,
621,32.6696412563324,77738.33373333332,61311.798,0,25,14,31,22,12,9,47,34,18,23,39,1,36,6,16,45,43,41,17,3,24,10,32,13,42,35,28,5,48,49,40,46,21,30,20,44,37,38,29,19,27,8,7,33,11,2,4,26,15,
622,32.708603382110596,77166.87122666667,61311.798,0,25,14,31,22,12,9,47,34,18,23,39,1,36,6,16,45,43,41,17,3,24,10,32,13,42,35,28,5,48,49,40,46,21,30,20,44,37,38,29,19,27,8,7,33,11,2,4,26,15,
623,32.746601819992065,77061.31610666668,61311.798,0,25,14,31,22,12,9,47,34,18,23,39,1,36,6,16,45,43,41,17,3,24,10,32,13,42,35,28,5,48,49,40,46,21,30,20,44,37,38,29,19,27,8,7,33,11,2,4,26,15,
624,32.785606145858765,76356.08853333334,61311.798,0,25,14,31,22,12,9,47,34,18,23,39,1,36,6,16,45,43,41,17,3,24,10,32,13,42,35,28,5,48,49,40,46,21,30,20,44,37,38,29,19,27,8,7,33,11,2,4,26,15,
625,32.823617696762085,78908.67501333334,61235.22800000001,0,26,25,14,31,22,12,9,47,34,18,23,39,1,36,6,16,45,43,41,17,3,24,10,32,13,42,35,28,5,48,49,40,46,21,30,20,44,37,38,29,19,27,8,7,33,11,2,4,15,
626,32.863654375076294,79206.24352,61235.22800000001,0,26,25,14,31,22,12,9,47,34,18,23,39,1,36,6,16,45,43,41,17,3,24,10,32,13,42,35,28,5,48,49,40,46,21,30,20,44,37,38,29,19,27,8,7,33,11,2,4,15,
627,32.90570402145386,75839.178,61235.22800000001,0,26,25,14,31,22,12,9,47,34,18,23,39,1,36,6,16,45,43,41,17,3,24,10,32,13,42,35,28,5,48,49,40,46,21,30,20,44,37,38,29,19,27,8,7,33,11,2,4,15,
628,32.94570446014404,75934.06381333336,61235.22800000001,0,26,25,14,31,22,12,9,47,34,18,23,39,1,36,6,16,45,43,41,17,3,24,10,32,13,42,35,28,5,48,49,40,46,21,30,20,44,37,38,29,19,27,8,7,33,11,2,4,15,
629,32.986706495285034,83315.10177333334,61235.22800000001,0,26,25,14,31,22,12,9,47,34,18,23,39,1,36,6,16,45,43,41,17,3,24,10,32,13,42,35,28,5,48,49,40,46,21,30,20,44,37,38,29,19,27,8,7,33,11,2,4,15,
630,33.024720191955566,76479.17841333333,61235.22800000001,0,26,25,14,31,22,12,9,47,34,18,23,39,1,36,6,16,45,43,41,17,3,24,10,32,13,42,35,28,5,48,49,40,46,21,30,20,44,37,38,29,19,27,8,7,33,11,2,4,15,
631,33.061684131622314,76658.86989333334,61235.22800000001,0,26,25,14,31,22,12,9,47,34,18,23,39,1,36,6,16,45,43,41,17,3,24,10,32,13,42,35,28,5,48,49,40,46,21,30,20,44,37,38,29,19,27,8,7,33,11,2,4,15,
632,33.10064458847046,72745.24816,60674.61800000001,0,15,26,25,14,31,22,12,9,47,34,18,23,39,1,36,6,16,45,43,41,17,3,24,10,32,13,42,35,28,5,48,49,40,46,21,30,20,44,37,38,29,19,27,8,7,33,11,2,4,
633,33.140682220458984,77014.39960000002,60674.61800000001,0,15,26,25,14,31,22,12,9,47,34,18,23,39,1,36,6,16,45,43,41,17,3,24,10,32,13,42,35,28,5,48,49,40,46,21,30,20,44,37,38,29,19,27,8,7,33,11,2,4,
634,33.179683685302734,76207.26701333334,60674.61800000001,0,15,26,25,14,31,22,12,9,47,34,18,23,39,1,36,6,16,45,43,41,17,3,24,10,32,13,42,35,28,5,48,49,40,46,21,30,20,44,37,38,29,19,27,8,7,33,11,2,4,
635,33.221718311309814,78691.69770666667,60674.61800000001,0,15,26,25,14,31,22,12,9,47,34,18,23,39,1,36,6,16,45,43,41,17,3,24,10,32,13,42,35,28,5,48,49,40,46,21,30,20,44,37,38,29,19,27,8,7,33,11,2,4,
636,33.26267886161804,76857.85445333335,60674.61800000001,0,15,26,25,14,31,22,12,9,47,34,18,23,39,1,36,6,16,45,43,41,17,3,24,10,32,13,42,35,28,5,48,49,40,46,21,30,20,44,37,38,29,19,27,8,7,33,11,2,4,
637,33.30069017410278,75965.37146666668,60674.61800000001,0,15,26,25,14,31,22,12,9,47,34,18,23,39,1,36,6,16,45,43,41,17,3,24,10,32,13,42,35,28,5,48,49,40,46,21,30,20,44,37,38,29,19,27,8,7,33,11,2,4,
638,33.34069800376892,79057.99064000002,60674.61800000001,0,15,26,25,14,31,22,12,9,47,34,18,23,39,1,36,6,16,45,43,41,17,3,24,10,32,13,42,35,28,5,48,49,40,46,21,30,20,44,37,38,29,19,27,8,7,33,11,2,4,
639,33.37874507904053,74361.15058666667,60674.61800000001,0,15,26,25,14,31,22,12,9,47,34,18,23,39,1,36,6,16,45,43,41,17,3,24,10,32,13,42,35,28,5,48,49,40,46,21,30,20,44,37,38,29,19,27,8,7,33,11,2,4,
640,33.417747259140015,74971.50576000001,60674.61800000001,0,15,26,25,14,31,22,12,9,47,34,18,23,39,1,36,6,16,45,43,41,17,3,24,10,32,13,42,35,28,5,48,49,40,46,21,30,20,44,37,38,29,19,27,8,7,33,11,2,4,
641,33.457749366760254,74669.75368,60674.61800000001,0,15,26,25,14,31,22,12,9,47,34,18,23,39,1,36,6,16,45,43,41,17,3,24,10,32,13,42,35,28,5,48,49,40,46,21,30,20,44,37,38,29,19,27,8,7,33,11,2,4,
642,33.49470901489258,73905.22266666667,60674.61800000001,0,15,26,25,14,31,22,12,9,47,34,18,23,39,1,36,6,16,45,43,41,17,3,24,10,32,13,42,35,28,5,48,49,40,46,21,30,20,44,37,38,29,19,27,8,7,33,11,2,4,
643,33.53170680999756,74465.44754666668,60674.61800000001,0,15,26,25,14,31,22,12,9,47,34,18,23,39,1,36,6,16,45,43,41,17,3,24,10,32,13,42,35,28,5,48,49,40,46,21,30,20,44,37,38,29,19,27,8,7,33,11,2,4,
644,33.567667961120605,72088.24746666667,60674.61800000001,0,15,26,25,14,31,22,12,9,47,34,18,23,39,1,36,6,16,45,43,41,17,3,24,10,32,13,42,35,28,5,48,49,40,46,21,30,20,44,37,38,29,19,27,8,7,33,11,2,4,
645,33.60667037963867,72738.36562666665,60674.61800000001,0,15,26,25,14,31,22,12,9,47,34,18,23,39,1,36,6,16,45,43,41,17,3,24,10,32,13,42,35,28,5,48,49,40,46,21,30,20,44,37,38,29,19,27,8,7,33,11,2,4,
646,33.644716024398804,72148.78514666666,60674.61800000001,0,15,26,25,14,31,22,12,9,47,34,18,23,39,1,36,6,16,45,43,41,17,3,24,10,32,13,42,35,28,5,48,49,40,46,21,30,20,44,37,38,29,19,27,8,7,33,11,2,4,
647,33.6827507019043,71344.15904,60674.61800000001,0,15,26,25,14,31,22,12,9,47,34,18,23,39,1,36,6,16,45,43,41,17,3,24,10,32,13,42,35,28,5,48,49,40,46,21,30,20,44,37,38,29,19,27,8,7,33,11,2,4,
648,33.71974778175354,71024.7216,60674.61800000001,0,15,26,25,14,31,22,12,9,47,34,18,23,39,1,36,6,16,45,43,41,17,3,24,10,32,13,42,35,28,5,48,49,40,46,21,30,20,44,37,38,29,19,27,8,7,33,11,2,4,
649,33.75873613357544,77224.19256,60674.61800000001,0,15,26,25,14,31,22,12,9,47,34,18,23,39,1,36,6,16,45,43,41,17,3,24,10,32,13,42,35,28,5,48,49,40,46,21,30,20,44,37,38,29,19,27,8,7,33,11,2,4,
650,33.796773195266724,77057.05648,60674.61800000001,0,15,26,25,14,31,22,12,9,47,34,18,23,39,1,36,6,16,45,43,41,17,3,24,10,32,13,42,35,28,5,48,49,40,46,21,30,20,44,37,38,29,19,27,8,7,33,11,2,4,
651,33.834778785705566,73066.69338666667,60674.61800000001,0,15,26,25,14,31,22,12,9,47,34,18,23,39,1,36,6,16,45,43,41,17,3,24,10,32,13,42,35,28,5,48,49,40,46,21,30,20,44,37,38,29,19,27,8,7,33,11,2,4,
652,33.872817039489746,72884.12850666666,60674.61800000001,0,15,26,25,14,31,22,12,9,47,34,18,23,39,1,36,6,16,45,43,41,17,3,24,10,32,13,42,35,28,5,48,49,40,46,21,30,20,44,37,38,29,19,27,8,7,33,11,2,4,
653,33.91081476211548,73490.66794666667,60674.61800000001,0,15,26,25,14,31,22,12,9,47,34,18,23,39,1,36,6,16,45,43,41,17,3,24,10,32,13,42,35,28,5,48,49,40,46,21,30,20,44,37,38,29,19,27,8,7,33,11,2,4,
654,33.948813676834106,72248.34458666667,60674.61800000001,0,15,26,25,14,31,22,12,9,47,34,18,23,39,1,36,6,16,45,43,41,17,3,24,10,32,13,42,35,28,5,48,49,40,46,21,30,20,44,37,38,29,19,27,8,7,33,11,2,4,
655,33.98685264587402,74797.93365333334,60674.61800000001,0,15,26,25,14,31,22,12,9,47,34,18,23,39,1,36,6,16,45,43,41,17,3,24,10,32,13,42,35,28,5,48,49,40,46,21,30,20,44,37,38,29,19,27,8,7,33,11,2,4,
656,34.02685046195984,74099.28664,60674.61800000001,0,15,26,25,14,31,22,12,9,47,34,18,23,39,1,36,6,16,45,43,41,17,3,24,10,32,13,42,35,28,5,48,49,40,46,21,30,20,44,37,38,29,19,27,8,7,33,11,2,4,
657,34.06489133834839,75941.14906666667,60674.61800000001,0,15,26,25,14,31,22,12,9,47,34,18,23,39,1,36,6,16,45,43,41,17,3,24,10,32,13,42,35,28,5,48,49,40,46,21,30,20,44,37,38,29,19,27,8,7,33,11,2,4,
658,34.10293126106262,75632.57717333332,60674.61800000001,0,15,26,25,14,31,22,12,9,47,34,18,23,39,1,36,6,16,45,43,41,17,3,24,10,32,13,42,35,28,5,48,49,40,46,21,30,20,44,37,38,29,19,27,8,7,33,11,2,4,
659,34.13892960548401,76444.34498666668,60674.61800000001,0,15,26,25,14,31,22,12,9,47,34,18,23,39,1,36,6,16,45,43,41,17,3,24,10,32,13,42,35,28,5,48,49,40,46,21,30,20,44,37,38,29,19,27,8,7,33,11,2,4,
660,34.177979946136475,69902.54920000001,60674.61800000001,0,15,26,25,14,31,22,12,9,47,34,18,23,39,1,36,6,16,45,43,41,17,3,24,10,32,13,42,35,28,5,48,49,40,46,21,30,20,44,37,38,29,19,27,8,7,33,11,2,4,
661,34.216005086898804,72476.14143999999,60674.61800000001,0,15,26,25,14,31,22,12,9,47,34,18,23,39,1,36,6,16,45,43,41,17,3,24,10,32,13,42,35,28,5,48,49,40,46,21,30,20,44,37,38,29,19,27,8,7,33,11,2,4,
662,34.254000425338745,72324.66909333333,60674.61800000001,0,15,26,25,14,31,22,12,9,47,34,18,23,39,1,36,6,16,45,43,41,17,3,24,10,32,13,42,35,28,5,48,49,40,46,21,30,20,44,37,38,29,19,27,8,7,33,11,2,4,
663,34.29100298881531,74275.58679999999,60674.61800000001,0,15,26,25,14,31,22,12,9,47,34,18,23,39,1,36,6,16,45,43,41,17,3,24,10,32,13,42,35,28,5,48,49,40,46,21,30,20,44,37,38,29,19,27,8,7,33,11,2,4,
664,34.32700777053833,70473.65538666665,60674.61800000001,0,15,26,25,14,31,22,12,9,47,34,18,23,39,1,36,6,16,45,43,41,17,3,24,10,32,13,42,35,28,5,48,49,40,46,21,30,20,44,37,38,29,19,27,8,7,33,11,2,4,
665,34.36404609680176,72531.10933333334,60674.61800000001,0,15,26,25,14,31,22,12,9,47,34,18,23,39,1,36,6,16,45,43,41,17,3,24,10,32,13,42,35,28,5,48,49,40,46,21,30,20,44,37,38,29,19,27,8,7,33,11,2,4,
666,34.402082204818726,71777.0036,60674.61800000001,0,15,26,25,14,31,22,12,9,47,34,18,23,39,1,36,6,16,45,43,41,17,3,24,10,32,13,42,35,28,5,48,49,40,46,21,30,20,44,37,38,29,19,27,8,7,33,11,2,4,
667,34.43811273574829,71102.75725333334,60674.61800000001,0,15,26,25,14,31,22,12,9,47,34,18,23,39,1,36,6,16,45,43,41,17,3,24,10,32,13,42,35,28,5,48,49,40,46,21,30,20,44,37,38,29,19,27,8,7,33,11,2,4,
668,34.47511839866638,72923.58184,60674.61800000001,0,15,26,25,14,31,22,12,9,47,34,18,23,39,1,36,6,16,45,43,41,17,3,24,10,32,13,42,35,28,5,48,49,40,46,21,30,20,44,37,38,29,19,27,8,7,33,11,2,4,
669,34.51211357116699,71846.36368000001,60674.61800000001,0,15,26,25,14,31,22,12,9,47,34,18,23,39,1,36,6,16,45,43,41,17,3,24,10,32,13,42,35,28,5,48,49,40,46,21,30,20,44,37,38,29,19,27,8,7,33,11,2,4,
670,34.55007767677307,71999.95850666668,60674.61800000001,0,15,26,25,14,31,22,12,9,47,34,18,23,39,1,36,6,16,45,43,41,17,3,24,10,32,13,42,35,28,5,48,49,40,46,21,30,20,44,37,38,29,19,27,8,7,33,11,2,4,
671,34.59113073348999,72213.91605333333,60674.61800000001,0,15,26,25,14,31,22,12,9,47,34,18,23,39,1,36,6,16,45,43,41,17,3,24,10,32,13,42,35,28,5,48,49,40,46,21,30,20,44,37,38,29,19,27,8,7,33,11,2,4,
672,34.62916946411133,73325.13882666668,60674.61800000001,0,15,26,25,14,31,22,12,9,47,34,18,23,39,1,36,6,16,45,43,41,17,3,24,10,32,13,42,35,28,5,48,49,40,46,21,30,20,44,37,38,29,19,27,8,7,33,11,2,4,
673,34.66813349723816,74841.87008000001,60674.61800000001,0,15,26,25,14,31,22,12,9,47,34,18,23,39,1,36,6,16,45,43,41,17,3,24,10,32,13,42,35,28,5,48,49,40,46,21,30,20,44,37,38,29,19,27,8,7,33,11,2,4,
674,34.70716738700867,75119.54005333334,60674.61800000001,0,15,26,25,14,31,22,12,9,47,34,18,23,39,1,36,6,16,45,43,41,17,3,24,10,32,13,42,35,28,5,48,49,40,46,21,30,20,44,37,38,29,19,27,8,7,33,11,2,4,
675,34.74713110923767,74566.81522666667,60674.61800000001,0,15,26,25,14,31,22,12,9,47,34,18,23,39,1,36,6,16,45,43,41,17,3,24,10,32,13,42,35,28,5,48,49,40,46,21,30,20,44,37,38,29,19,27,8,7,33,11,2,4,
676,34.78514075279236,76818.43386666667,60674.61800000001,0,15,26,25,14,31,22,12,9,47,34,18,23,39,1,36,6,16,45,43,41,17,3,24,10,32,13,42,35,28,5,48,49,40,46,21,30,20,44,37,38,29,19,27,8,7,33,11,2,4,
677,34.82219219207764,77919.77469333333,60674.61800000001,0,15,26,25,14,31,22,12,9,47,34,18,23,39,1,36,6,16,45,43,41,17,3,24,10,32,13,42,35,28,5,48,49,40,46,21,30,20,44,37,38,29,19,27,8,7,33,11,2,4,
678,34.85919523239136,75006.51642666667,60674.61800000001,0,15,26,25,14,31,22,12,9,47,34,18,23,39,1,36,6,16,45,43,41,17,3,24,10,32,13,42,35,28,5,48,49,40,46,21,30,20,44,37,38,29,19,27,8,7,33,11,2,4,
679,34.89619493484497,77777.63618666667,60674.61800000001,0,15,26,25,14,31,22,12,9,47,34,18,23,39,1,36,6,16,45,43,41,17,3,24,10,32,13,42,35,28,5,48,49,40,46,21,30,20,44,37,38,29,19,27,8,7,33,11,2,4,
680,34.933157444000244,79057.04541333334,60674.61800000001,0,15,26,25,14,31,22,12,9,47,34,18,23,39,1,36,6,16,45,43,41,17,3,24,10,32,13,42,35,28,5,48,49,40,46,21,30,20,44,37,38,29,19,27,8,7,33,11,2,4,
681,34.96821069717407,76442.50898666667,60674.61800000001,0,15,26,25,14,31,22,12,9,47,34,18,23,39,1,36,6,16,45,43,41,17,3,24,10,32,13,42,35,28,5,48,49,40,46,21,30,20,44,37,38,29,19,27,8,7,33,11,2,4,
682,35.004220724105835,75187.91565333333,60674.61800000001,0,15,26,25,14,31,22,12,9,47,34,18,23,39,1,36,6,16,45,43,41,17,3,24,10,32,13,42,35,28,5,48,49,40,46,21,30,20,44,37,38,29,19,27,8,7,33,11,2,4,
683,35.04318642616272,74781.41234666666,60674.61800000001,0,15,26,25,14,31,22,12,9,47,34,18,23,39,1,36,6,16,45,43,41,17,3,24,10,32,13,42,35,28,5,48,49,40,46,21,30,20,44,37,38,29,19,27,8,7,33,11,2,4,
684,35.081151247024536,73978.14288,60674.61800000001,0,15,26,25,14,31,22,12,9,47,34,18,23,39,1,36,6,16,45,43,41,17,3,24,10,32,13,42,35,28,5,48,49,40,46,21,30,20,44,37,38,29,19,27,8,7,33,11,2,4,
685,35.12015247344971,75019.12655999999,60674.61800000001,0,15,26,25,14,31,22,12,9,47,34,18,23,39,1,36,6,16,45,43,41,17,3,24,10,32,13,42,35,28,5,48,49,40,46,21,30,20,44,37,38,29,19,27,8,7,33,11,2,4,
686,35.16116738319397,73980.02671999998,60674.61800000001,0,15,26,25,14,31,22,12,9,47,34,18,23,39,1,36,6,16,45,43,41,17,3,24,10,32,13,42,35,28,5,48,49,40,46,21,30,20,44,37,38,29,19,27,8,7,33,11,2,4,
687,35.20020151138306,75686.75562666665,60674.61800000001,0,15,26,25,14,31,22,12,9,47,34,18,23,39,1,36,6,16,45,43,41,17,3,24,10,32,13,42,35,28,5,48,49,40,46,21,30,20,44,37,38,29,19,27,8,7,33,11,2,4,
688,35.23620009422302,77284.63368,60674.61800000001,0,15,26,25,14,31,22,12,9,47,34,18,23,39,1,36,6,16,45,43,41,17,3,24,10,32,13,42,35,28,5,48,49,40,46,21,30,20,44,37,38,29,19,27,8,7,33,11,2,4,
689,35.275214433670044,78820.22021333332,60674.61800000001,0,15,26,25,14,31,22,12,9,47,34,18,23,39,1,36,6,16,45,43,41,17,3,24,10,32,13,42,35,28,5,48,49,40,46,21,30,20,44,37,38,29,19,27,8,7,33,11,2,4,
690,35.31217408180237,77761.10954666666,60674.61800000001,0,15,26,25,14,31,22,12,9,47,34,18,23,39,1,36,6,16,45,43,41,17,3,24,10,32,13,42,35,28,5,48,49,40,46,21,30,20,44,37,38,29,19,27,8,7,33,11,2,4,
691,35.35112023353577,75198.56135999999,60674.61800000001,0,15,26,25,14,31,22,12,9,47,34,18,23,39,1,36,6,16,45,43,41,17,3,24,10,32,13,42,35,28,5,48,49,40,46,21,30,20,44,37,38,29,19,27,8,7,33,11,2,4,
692,35.387118339538574,72676.33917333333,60674.61800000001,0,15,26,25,14,31,22,12,9,47,34,18,23,39,1,36,6,16,45,43,41,17,3,24,10,32,13,42,35,28,5,48,49,40,46,21,30,20,44,37,38,29,19,27,8,7,33,11,2,4,
693,35.42511487007141,71810.24007999999,60674.61800000001,0,15,26,25,14,31,22,12,9,47,34,18,23,39,1,36,6,16,45,43,41,17,3,24,10,32,13,42,35,28,5,48,49,40,46,21,30,20,44,37,38,29,19,27,8,7,33,11,2,4,
694,35.4611554145813,71036.28282666665,60674.61800000001,0,15,26,25,14,31,22,12,9,47,34,18,23,39,1,36,6,16,45,43,41,17,3,24,10,32,13,42,35,28,5,48,49,40,46,21,30,20,44,37,38,29,19,27,8,7,33,11,2,4,
695,35.50011897087097,71986.27453333332,60674.61800000001,0,15,26,25,14,31,22,12,9,47,34,18,23,39,1,36,6,16,45,43,41,17,3,24,10,32,13,42,35,28,5,48,49,40,46,21,30,20,44,37,38,29,19,27,8,7,33,11,2,4,
696,35.53611731529236,73336.02746666667,60674.61800000001,0,15,26,25,14,31,22,12,9,47,34,18,23,39,1,36,6,16,45,43,41,17,3,24,10,32,13,42,35,28,5,48,49,40,46,21,30,20,44,37,38,29,19,27,8,7,33,11,2,4,
697,35.574105978012085,74657.60741333333,60674.61800000001,0,15,26,25,14,31,22,12,9,47,34,18,23,39,1,36,6,16,45,43,41,17,3,24,10,32,13,42,35,28,5,48,49,40,46,21,30,20,44,37,38,29,19,27,8,7,33,11,2,4,
698,35.61310410499573,76580.60914666667,60674.61800000001,0,15,26,25,14,31,22,12,9,47,34,18,23,39,1,36,6,16,45,43,41,17,3,24,10,32,13,42,35,28,5,48,49,40,46,21,30,20,44,37,38,29,19,27,8,7,33,11,2,4,
699,35.65014290809631,77547.75133333333,60674.61800000001,0,15,26,25,14,31,22,12,9,47,34,18,23,39,1,36,6,16,45,43,41,17,3,24,10,32,13,42,35,28,5,48,49,40,46,21,30,20,44,37,38,29,19,27,8,7,33,11,2,4,
700,35.688140869140625,75623.22506666667,60674.61800000001,0,15,26,25,14,31,22,12,9,47,34,18,23,39,1,36,6,16,45,43,41,17,3,24,10,32,13,42,35,28,5,48,49,40,46,21,30,20,44,37,38,29,19,27,8,7,33,11,2,4,
701,35.726104736328125,74613.96399999999,60674.61800000001,0,15,26,25,14,31,22,12,9,47,34,18,23,39,1,36,6,16,45,43,41,17,3,24,10,32,13,42,35,28,5,48,49,40,46,21,30,20,44,37,38,29,19,27,8,7,33,11,2,4,
702,35.76415228843689,76829.59810666667,60674.61800000001,0,15,26,25,14,31,22,12,9,47,34,18,23,39,1,36,6,16,45,43,41,17,3,24,10,32,13,42,35,28,5,48,49,40,46,21,30,20,44,37,38,29,19,27,8,7,33,11,2,4,
703,35.8011577129364,77369.38477333334,60674.61800000001,0,15,26,25,14,31,22,12,9,47,34,18,23,39,1,36,6,16,45,43,41,17,3,24,10,32,13,42,35,28,5,48,49,40,46,21,30,20,44,37,38,29,19,27,8,7,33,11,2,4,
704,35.83811688423157,75575.62794666667,60674.61800000001,0,15,26,25,14,31,22,12,9,47,34,18,23,39,1,36,6,16,45,43,41,17,3,24,10,32,13,42,35,28,5,48,49,40,46,21,30,20,44,37,38,29,19,27,8,7,33,11,2,4,
705,35.87612199783325,75812.27341333333,60674.61800000001,0,15,26,25,14,31,22,12,9,47,34,18,23,39,1,36,6,16,45,43,41,17,3,24,10,32,13,42,35,28,5,48,49,40,46,21,30,20,44,37,38,29,19,27,8,7,33,11,2,4,
706,35.91512417793274,75882.99664,60674.61800000001,0,15,26,25,14,31,22,12,9,47,34,18,23,39,1,36,6,16,45,43,41,17,3,24,10,32,13,42,35,28,5,48,49,40,46,21,30,20,44,37,38,29,19,27,8,7,33,11,2,4,
707,35.953089237213135,81306.54730666669,60674.61800000001,0,15,26,25,14,31,22,12,9,47,34,18,23,39,1,36,6,16,45,43,41,17,3,24,10,32,13,42,35,28,5,48,49,40,46,21,30,20,44,37,38,29,19,27,8,7,33,11,2,4,
708,35.99108624458313,82350.53562666666,60674.61800000001,0,15,26,25,14,31,22,12,9,47,34,18,23,39,1,36,6,16,45,43,41,17,3,24,10,32,13,42,35,28,5,48,49,40,46,21,30,20,44,37,38,29,19,27,8,7,33,11,2,4,
709,36.02908420562744,76907.81234666667,60674.61800000001,0,15,26,25,14,31,22,12,9,47,34,18,23,39,1,36,6,16,45,43,41,17,3,24,10,32,13,42,35,28,5,48,49,40,46,21,30,20,44,37,38,29,19,27,8,7,33,11,2,4,
710,36.06611895561218,76981.91413333335,60674.61800000001,0,15,26,25,14,31,22,12,9,47,34,18,23,39,1,36,6,16,45,43,41,17,3,24,10,32,13,42,35,28,5,48,49,40,46,21,30,20,44,37,38,29,19,27,8,7,33,11,2,4,
711,36.10612177848816,76514.26613333334,60634.63800000002,0,4,25,14,31,22,12,9,47,34,18,23,39,1,36,6,16,45,43,41,17,3,24,10,32,13,42,35,28,5,48,49,40,46,21,30,20,44,37,38,29,19,27,8,7,33,11,2,15,26,
712,36.147083044052124,73803.44389333333,60634.63800000002,0,4,25,14,31,22,12,9,47,34,18,23,39,1,36,6,16,45,43,41,17,3,24,10,32,13,42,35,28,5,48,49,40,46,21,30,20,44,37,38,29,19,27,8,7,33,11,2,15,26,
713,36.184083223342896,76683.08759999998,60632.85800000002,0,4,26,25,14,31,22,12,9,47,34,18,23,39,1,36,6,16,45,43,41,17,3,24,10,32,13,42,35,28,5,48,49,40,46,21,30,20,44,37,38,29,19,27,8,7,33,11,2,15,
714,36.22409224510193,73337.79538666665,60632.85800000002,0,4,26,25,14,31,22,12,9,47,34,18,23,39,1,36,6,16,45,43,41,17,3,24,10,32,13,42,35,28,5,48,49,40,46,21,30,20,44,37,38,29,19,27,8,7,33,11,2,15,
715,36.26309514045715,73740.64200000002,60632.85800000002,0,4,26,25,14,31,22,12,9,47,34,18,23,39,1,36,6,16,45,43,41,17,3,24,10,32,13,42,35,28,5,48,49,40,46,21,30,20,44,37,38,29,19,27,8,7,33,11,2,15,
716,36.30109429359436,72189.65517333333,60632.85800000002,0,4,26,25,14,31,22,12,9,47,34,18,23,39,1,36,6,16,45,43,41,17,3,24,10,32,13,42,35,28,5,48,49,40,46,21,30,20,44,37,38,29,19,27,8,7,33,11,2,15,
717,36.33809423446655,74701.01634666667,60632.85800000002,0,4,26,25,14,31,22,12,9,47,34,18,23,39,1,36,6,16,45,43,41,17,3,24,10,32,13,42,35,28,5,48,49,40,46,21,30,20,44,37,38,29,19,27,8,7,33,11,2,15,
718,36.375104665756226,69598.07213333333,60632.85800000002,0,4,26,25,14,31,22,12,9,47,34,18,23,39,1,36,6,16,45,43,41,17,3,24,10,32,13,42,35,28,5,48,49,40,46,21,30,20,44,37,38,29,19,27,8,7,33,11,2,15,
719,36.41510343551636,69843.23533333334,60632.85800000002,0,4,26,25,14,31,22,12,9,47,34,18,23,39,1,36,6,16,45,43,41,17,3,24,10,32,13,42,35,28,5,48,49,40,46,21,30,20,44,37,38,29,19,27,8,7,33,11,2,15,
720,36.45213794708252,70766.72880000001,60632.85800000002,0,4,26,25,14,31,22,12,9,47,34,18,23,39,1,36,6,16,45,43,41,17,3,24,10,32,13,42,35,28,5,48,49,40,46,21,30,20,44,37,38,29,19,27,8,7,33,11,2,15,
721,36.49014091491699,71733.87864000002,60632.85800000002,0,4,26,25,14,31,22,12,9,47,34,18,23,39,1,36,6,16,45,43,41,17,3,24,10,32,13,42,35,28,5,48,49,40,46,21,30,20,44,37,38,29,19,27,8,7,33,11,2,15,
722,36.52813363075256,74295.79517333335,60632.85800000002,0,4,26,25,14,31,22,12,9,47,34,18,23,39,1,36,6,16,45,43,41,17,3,24,10,32,13,42,35,28,5,48,49,40,46,21,30,20,44,37,38,29,19,27,8,7,33,11,2,15,
723,36.566168785095215,74834.88517333334,60632.85800000002,0,4,26,25,14,31,22,12,9,47,34,18,23,39,1,36,6,16,45,43,41,17,3,24,10,32,13,42,35,28,5,48,49,40,46,21,30,20,44,37,38,29,19,27,8,7,33,11,2,15,
724,36.60421180725098,70310.93080000002,60632.85800000002,0,4,26,25,14,31,22,12,9,47,34,18,23,39,1,36,6,16,45,43,41,17,3,24,10,32,13,42,35,28,5,48,49,40,46,21,30,20,44,37,38,29,19,27,8,7,33,11,2,15,
725,36.64221429824829,71099.96501333333,60632.85800000002,0,4,26,25,14,31,22,12,9,47,34,18,23,39,1,36,6,16,45,43,41,17,3,24,10,32,13,42,35,28,5,48,49,40,46,21,30,20,44,37,38,29,19,27,8,7,33,11,2,15,
726,36.68026685714722,70201.38648000002,60632.85800000002,0,4,26,25,14,31,22,12,9,47,34,18,23,39,1,36,6,16,45,43,41,17,3,24,10,32,13,42,35,28,5,48,49,40,46,21,30,20,44,37,38,29,19,27,8,7,33,11,2,15,
727,36.718265771865845,68661.44221333334,60632.85800000002,0,4,26,25,14,31,22,12,9,47,34,18,23,39,1,36,6,16,45,43,41,17,3,24,10,32,13,42,35,28,5,48,49,40,46,21,30,20,44,37,38,29,19,27,8,7,33,11,2,15,
728,36.7552227973938,69164.97341333335,60632.85800000002,0,4,26,25,14,31,22,12,9,47,34,18,23,39,1,36,6,16,45,43,41,17,3,24,10,32,13,42,35,28,5,48,49,40,46,21,30,20,44,37,38,29,19,27,8,7,33,11,2,15,
729,36.793182134628296,70767.85896,60632.85800000002,0,4,26,25,14,31,22,12,9,47,34,18,23,39,1,36,6,16,45,43,41,17,3,24,10,32,13,42,35,28,5,48,49,40,46,21,30,20,44,37,38,29,19,27,8,7,33,11,2,15,
730,36.83222150802612,68988.23232000001,60632.85800000002,0,4,26,25,14,31,22,12,9,47,34,18,23,39,1,36,6,16,45,43,41,17,3,24,10,32,13,42,35,28,5,48,49,40,46,21,30,20,44,37,38,29,19,27,8,7,33,11,2,15,
731,36.86822056770325,70397.03648,60632.85800000002,0,4,26,25,14,31,22,12,9,47,34,18,23,39,1,36,6,16,45,43,41,17,3,24,10,32,13,42,35,28,5,48,49,40,46,21,30,20,44,37,38,29,19,27,8,7,33,11,2,15,
732,36.90625977516174,70020.31138666667,60632.85800000002,0,4,26,25,14,31,22,12,9,47,34,18,23,39,1,36,6,16,45,43,41,17,3,24,10,32,13,42,35,28,5,48,49,40,46,21,30,20,44,37,38,29,19,27,8,7,33,11,2,15,
733,36.94327402114868,69455.80429333335,60632.85800000002,0,4,26,25,14,31,22,12,9,47,34,18,23,39,1,36,6,16,45,43,41,17,3,24,10,32,13,42,35,28,5,48,49,40,46,21,30,20,44,37,38,29,19,27,8,7,33,11,2,15,
734,36.97832417488098,70042.20816000001,60632.85800000002,0,4,26,25,14,31,22,12,9,47,34,18,23,39,1,36,6,16,45,43,41,17,3,24,10,32,13,42,35,28,5,48,49,40,46,21,30,20,44,37,38,29,19,27,8,7,33,11,2,15,
735,37.01932764053345,69589.75216000002,60632.85800000002,0,4,26,25,14,31,22,12,9,47,34,18,23,39,1,36,6,16,45,43,41,17,3,24,10,32,13,42,35,28,5,48,49,40,46,21,30,20,44,37,38,29,19,27,8,7,33,11,2,15,
736,37.05832815170288,72430.93565333335,60632.85800000002,0,4,26,25,14,31,22,12,9,47,34,18,23,39,1,36,6,16,45,43,41,17,3,24,10,32,13,42,35,28,5,48,49,40,46,21,30,20,44,37,38,29,19,27,8,7,33,11,2,15,
737,37.0973379611969,73483.68138666666,60632.85800000002,0,4,26,25,14,31,22,12,9,47,34,18,23,39,1,36,6,16,45,43,41,17,3,24,10,32,13,42,35,28,5,48,49,40,46,21,30,20,44,37,38,29,19,27,8,7,33,11,2,15,
738,37.13530349731445,72515.02032000001,60632.85800000002,0,4,26,25,14,31,22,12,9,47,34,18,23,39,1,36,6,16,45,43,41,17,3,24,10,32,13,42,35,28,5,48,49,40,46,21,30,20,44,37,38,29,19,27,8,7,33,11,2,15,
739,37.17230296134949,72856.34562666668,60632.85800000002,0,4,26,25,14,31,22,12,9,47,34,18,23,39,1,36,6,16,45,43,41,17,3,24,10,32,13,42,35,28,5,48,49,40,46,21,30,20,44,37,38,29,19,27,8,7,33,11,2,15,
740,37.209303855895996,74145.12144000002,60632.85800000002,0,4,26,25,14,31,22,12,9,47,34,18,23,39,1,36,6,16,45,43,41,17,3,24,10,32,13,42,35,28,5,48,49,40,46,21,30,20,44,37,38,29,19,27,8,7,33,11,2,15,
741,37.24930119514465,75874.64674666668,60632.85800000002,0,4,26,25,14,31,22,12,9,47,34,18,23,39,1,36,6,16,45,43,41,17,3,24,10,32,13,42,35,28,5,48,49,40,46,21,30,20,44,37,38,29,19,27,8,7,33,11,2,15,
742,37.2883038520813,76453.90997333334,60632.85800000002,0,4,26,25,14,31,22,12,9,47,34,18,23,39,1,36,6,16,45,43,41,17,3,24,10,32,13,42,35,28,5,48,49,40,46,21,30,20,44,37,38,29,19,27,8,7,33,11,2,15,
743,37.328298807144165,75599.17440000002,60632.85800000002,0,4,26,25,14,31,22,12,9,47,34,18,23,39,1,36,6,16,45,43,41,17,3,24,10,32,13,42,35,28,5,48,49,40,46,21,30,20,44,37,38,29,19,27,8,7,33,11,2,15,
744,37.37026071548462,74364.54021333333,60632.85800000002,0,4,26,25,14,31,22,12,9,47,34,18,23,39,1,36,6,16,45,43,41,17,3,24,10,32,13,42,35,28,5,48,49,40,46,21,30,20,44,37,38,29,19,27,8,7,33,11,2,15,
745,37.41026043891907,73714.49933333336,60632.85800000002,0,4,26,25,14,31,22,12,9,47,34,18,23,39,1,36,6,16,45,43,41,17,3,24,10,32,13,42,35,28,5,48,49,40,46,21,30,20,44,37,38,29,19,27,8,7,33,11,2,15,
746,37.44731044769287,75535.80066666666,60632.85800000002,0,4,26,25,14,31,22,12,9,47,34,18,23,39,1,36,6,16,45,43,41,17,3,24,10,32,13,42,35,28,5,48,49,40,46,21,30,20,44,37,38,29,19,27,8,7,33,11,2,15,
747,37.48732304573059,76751.16325333332,60632.85800000002,0,4,26,25,14,31,22,12,9,47,34,18,23,39,1,36,6,16,45,43,41,17,3,24,10,32,13,42,35,28,5,48,49,40,46,21,30,20,44,37,38,29,19,27,8,7,33,11,2,15,
748,37.52632403373718,74863.96456000001,60632.85800000002,0,4,26,25,14,31,22,12,9,47,34,18,23,39,1,36,6,16,45,43,41,17,3,24,10,32,13,42,35,28,5,48,49,40,46,21,30,20,44,37,38,29,19,27,8,7,33,11,2,15,
749,37.56428527832031,75044.17229333335,60632.85800000002,0,4,26,25,14,31,22,12,9,47,34,18,23,39,1,36,6,16,45,43,41,17,3,24,10,32,13,42,35,28,5,48,49,40,46,21,30,20,44,37,38,29,19,27,8,7,33,11,2,15,
750,37.60130453109741,78625.58189333335,60632.85800000002,0,4,26,25,14,31,22,12,9,47,34,18,23,39,1,36,6,16,45,43,41,17,3,24,10,32,13,42,35,28,5,48,49,40,46,21,30,20,44,37,38,29,19,27,8,7,33,11,2,15,
751,37.6393187046051,74701.81752000001,60632.85800000002,0,4,26,25,14,31,22,12,9,47,34,18,23,39,1,36,6,16,45,43,41,17,3,24,10,32,13,42,35,28,5,48,49,40,46,21,30,20,44,37,38,29,19,27,8,7,33,11,2,15,
752,37.67632031440735,76089.86669333334,60632.85800000002,0,4,26,25,14,31,22,12,9,47,34,18,23,39,1,36,6,16,45,43,41,17,3,24,10,32,13,42,35,28,5,48,49,40,46,21,30,20,44,37,38,29,19,27,8,7,33,11,2,15,
753,37.715370893478394,74295.29349333335,60632.85800000002,0,4,26,25,14,31,22,12,9,47,34,18,23,39,1,36,6,16,45,43,41,17,3,24,10,32,13,42,35,28,5,48,49,40,46,21,30,20,44,37,38,29,19,27,8,7,33,11,2,15,
754,37.751420974731445,72341.41290666666,60632.85800000002,0,4,26,25,14,31,22,12,9,47,34,18,23,39,1,36,6,16,45,43,41,17,3,24,10,32,13,42,35,28,5,48,49,40,46,21,30,20,44,37,38,29,19,27,8,7,33,11,2,15,
755,37.78843092918396,72759.75909333334,60632.85800000002,0,4,26,25,14,31,22,12,9,47,34,18,23,39,1,36,6,16,45,43,41,17,3,24,10,32,13,42,35,28,5,48,49,40,46,21,30,20,44,37,38,29,19,27,8,7,33,11,2,15,
756,37.82642078399658,73277.39280000002,60632.85800000002,0,4,26,25,14,31,22,12,9,47,34,18,23,39,1,36,6,16,45,43,41,17,3,24,10,32,13,42,35,28,5,48,49,40,46,21,30,20,44,37,38,29,19,27,8,7,33,11,2,15,
757,37.86246109008789,71605.94288000002,60632.85800000002,0,4,26,25,14,31,22,12,9,47,34,18,23,39,1,36,6,16,45,43,41,17,3,24,10,32,13,42,35,28,5,48,49,40,46,21,30,20,44,37,38,29,19,27,8,7,33,11,2,15,
758,37.902459383010864,72033.08168000002,60632.85800000002,0,4,26,25,14,31,22,12,9,47,34,18,23,39,1,36,6,16,45,43,41,17,3,24,10,32,13,42,35,28,5,48,49,40,46,21,30,20,44,37,38,29,19,27,8,7,33,11,2,15,
759,37.94250702857971,71888.69002666668,60632.85800000002,0,4,26,25,14,31,22,12,9,47,34,18,23,39,1,36,6,16,45,43,41,17,3,24,10,32,13,42,35,28,5,48,49,40,46,21,30,20,44,37,38,29,19,27,8,7,33,11,2,15,
760,37.97954797744751,70308.43792000003,60632.85800000002,0,4,26,25,14,31,22,12,9,47,34,18,23,39,1,36,6,16,45,43,41,17,3,24,10,32,13,42,35,28,5,48,49,40,46,21,30,20,44,37,38,29,19,27,8,7,33,11,2,15,
761,38.016578674316406,72675.79000000002,60632.85800000002,0,4,26,25,14,31,22,12,9,47,34,18,23,39,1,36,6,16,45,43,41,17,3,24,10,32,13,42,35,28,5,48,49,40,46,21,30,20,44,37,38,29,19,27,8,7,33,11,2,15,
762,38.05357766151428,72533.42544000002,60632.85800000002,0,4,26,25,14,31,22,12,9,47,34,18,23,39,1,36,6,16,45,43,41,17,3,24,10,32,13,42,35,28,5,48,49,40,46,21,30,20,44,37,38,29,19,27,8,7,33,11,2,15,
763,38.08957266807556,73836.23517333333,60632.85800000002,0,4,26,25,14,31,22,12,9,47,34,18,23,39,1,36,6,16,45,43,41,17,3,24,10,32,13,42,35,28,5,48,49,40,46,21,30,20,44,37,38,29,19,27,8,7,33,11,2,15,
764,38.12757134437561,72325.24877333335,60632.85800000002,0,4,26,25,14,31,22,12,9,47,34,18,23,39,1,36,6,16,45,43,41,17,3,24,10,32,13,42,35,28,5,48,49,40,46,21,30,20,44,37,38,29,19,27,8,7,33,11,2,15,
765,38.165568113327026,72318.03114666668,60632.85800000002,0,4,26,25,14,31,22,12,9,47,34,18,23,39,1,36,6,16,45,43,41,17,3,24,10,32,13,42,35,28,5,48,49,40,46,21,30,20,44,37,38,29,19,27,8,7,33,11,2,15,
766,38.20452880859375,74036.94624000002,60632.85800000002,0,4,26,25,14,31,22,12,9,47,34,18,23,39,1,36,6,16,45,43,41,17,3,24,10,32,13,42,35,28,5,48,49,40,46,21,30,20,44,37,38,29,19,27,8,7,33,11,2,15,
767,38.24157786369324,75106.01152000001,60632.85800000002,0,4,26,25,14,31,22,12,9,47,34,18,23,39,1,36,6,16,45,43,41,17,3,24,10,32,13,42,35,28,5,48,49,40,46,21,30,20,44,37,38,29,19,27,8,7,33,11,2,15,
768,38.278536319732666,73764.83770666666,60632.85800000002,0,4,26,25,14,31,22,12,9,47,34,18,23,39,1,36,6,16,45,43,41,17,3,24,10,32,13,42,35,28,5,48,49,40,46,21,30,20,44,37,38,29,19,27,8,7,33,11,2,15,
769,38.317500829696655,71471.57733333333,60632.85800000002,0,4,26,25,14,31,22,12,9,47,34,18,23,39,1,36,6,16,45,43,41,17,3,24,10,32,13,42,35,28,5,48,49,40,46,21,30,20,44,37,38,29,19,27,8,7,33,11,2,15,
770,38.35750198364258,71415.19736,60632.85800000002,0,4,26,25,14,31,22,12,9,47,34,18,23,39,1,36,6,16,45,43,41,17,3,24,10,32,13,42,35,28,5,48,49,40,46,21,30,20,44,37,38,29,19,27,8,7,33,11,2,15,
771,38.398497104644775,72447.51184,60632.85800000002,0,4,26,25,14,31,22,12,9,47,34,18,23,39,1,36,6,16,45,43,41,17,3,24,10,32,13,42,35,28,5,48,49,40,46,21,30,20,44,37,38,29,19,27,8,7,33,11,2,15,
772,38.442495584487915,72512.99517333334,60632.85800000002,0,4,26,25,14,31,22,12,9,47,34,18,23,39,1,36,6,16,45,43,41,17,3,24,10,32,13,42,35,28,5,48,49,40,46,21,30,20,44,37,38,29,19,27,8,7,33,11,2,15,
773,38.48249554634094,74804.24909333335,60632.85800000002,0,4,26,25,14,31,22,12,9,47,34,18,23,39,1,36,6,16,45,43,41,17,3,24,10,32,13,42,35,28,5,48,49,40,46,21,30,20,44,37,38,29,19,27,8,7,33,11,2,15,
774,38.52246332168579,72614.89088000002,60632.85800000002,0,4,26,25,14,31,22,12,9,47,34,18,23,39,1,36,6,16,45,43,41,17,3,24,10,32,13,42,35,28,5,48,49,40,46,21,30,20,44,37,38,29,19,27,8,7,33,11,2,15,
775,38.5654296875,73224.42008000003,60632.85800000002,0,4,26,25,14,31,22,12,9,47,34,18,23,39,1,36,6,16,45,43,41,17,3,24,10,32,13,42,35,28,5,48,49,40,46,21,30,20,44,37,38,29,19,27,8,7,33,11,2,15,
776,38.60542130470276,74043.99128000002,60632.85800000002,0,4,26,25,14,31,22,12,9,47,34,18,23,39,1,36,6,16,45,43,41,17,3,24,10,32,13,42,35,28,5,48,49,40,46,21,30,20,44,37,38,29,19,27,8,7,33,11,2,15,
777,38.64345026016235,75658.22032000001,60632.85800000002,0,4,26,25,14,31,22,12,9,47,34,18,23,39,1,36,6,16,45,43,41,17,3,24,10,32,13,42,35,28,5,48,49,40,46,21,30,20,44,37,38,29,19,27,8,7,33,11,2,15,
778,38.68445038795471,75912.48437333335,60632.85800000002,0,4,26,25,14,31,22,12,9,47,34,18,23,39,1,36,6,16,45,43,41,17,3,24,10,32,13,42,35,28,5,48,49,40,46,21,30,20,44,37,38,29,19,27,8,7,33,11,2,15,
779,38.731417655944824,77129.30645333335,60632.85800000002,0,4,26,25,14,31,22,12,9,47,34,18,23,39,1,36,6,16,45,43,41,17,3,24,10,32,13,42,35,28,5,48,49,40,46,21,30,20,44,37,38,29,19,27,8,7,33,11,2,15,
780,38.772376537323,77559.22557333334,60632.85800000002,0,4,26,25,14,31,22,12,9,47,34,18,23,39,1,36,6,16,45,43,41,17,3,24,10,32,13,42,35,28,5,48,49,40,46,21,30,20,44,37,38,29,19,27,8,7,33,11,2,15,
781,38.811408042907715,77340.00218666668,60632.85800000002,0,4,26,25,14,31,22,12,9,47,34,18,23,39,1,36,6,16,45,43,41,17,3,24,10,32,13,42,35,28,5,48,49,40,46,21,30,20,44,37,38,29,19,27,8,7,33,11,2,15,
782,38.84940552711487,74284.27845333335,60632.85800000002,0,4,26,25,14,31,22,12,9,47,34,18,23,39,1,36,6,16,45,43,41,17,3,24,10,32,13,42,35,28,5,48,49,40,46,21,30,20,44,37,38,29,19,27,8,7,33,11,2,15,
783,38.890437602996826,70425.09880000002,60632.85800000002,0,4,26,25,14,31,22,12,9,47,34,18,23,39,1,36,6,16,45,43,41,17,3,24,10,32,13,42,35,28,5,48,49,40,46,21,30,20,44,37,38,29,19,27,8,7,33,11,2,15,
784,38.92943716049194,71928.62277333335,60632.85800000002,0,4,26,25,14,31,22,12,9,47,34,18,23,39,1,36,6,16,45,43,41,17,3,24,10,32,13,42,35,28,5,48,49,40,46,21,30,20,44,37,38,29,19,27,8,7,33,11,2,15,
785,38.970436573028564,71980.66021333335,60632.85800000002,0,4,26,25,14,31,22,12,9,47,34,18,23,39,1,36,6,16,45,43,41,17,3,24,10,32,13,42,35,28,5,48,49,40,46,21,30,20,44,37,38,29,19,27,8,7,33,11,2,15,
786,39.01142930984497,69431.14898666668,60632.85800000002,0,4,26,25,14,31,22,12,9,47,34,18,23,39,1,36,6,16,45,43,41,17,3,24,10,32,13,42,35,28,5,48,49,40,46,21,30,20,44,37,38,29,19,27,8,7,33,11,2,15,
787,39.05046057701111,69633.00112000002,60632.85800000002,0,4,26,25,14,31,22,12,9,47,34,18,23,39,1,36,6,16,45,43,41,17,3,24,10,32,13,42,35,28,5,48,49,40,46,21,30,20,44,37,38,29,19,27,8,7,33,11,2,15,
788,39.09049963951111,70103.24765333334,60632.85800000002,0,4,26,25,14,31,22,12,9,47,34,18,23,39,1,36,6,16,45,43,41,17,3,24,10,32,13,42,35,28,5,48,49,40,46,21,30,20,44,37,38,29,19,27,8,7,33,11,2,15,
789,39.13853096961975,72447.29368,60632.85800000002,0,4,26,25,14,31,22,12,9,47,34,18,23,39,1,36,6,16,45,43,41,17,3,24,10,32,13,42,35,28,5,48,49,40,46,21,30,20,44,37,38,29,19,27,8,7,33,11,2,15,
790,39.17753028869629,74590.42295999998,60632.85800000002,0,4,26,25,14,31,22,12,9,47,34,18,23,39,1,36,6,16,45,43,41,17,3,24,10,32,13,42,35,28,5,48,49,40,46,21,30,20,44,37,38,29,19,27,8,7,33,11,2,15,
791,39.224563121795654,74284.17784,60632.85800000002,0,4,26,25,14,31,22,12,9,47,34,18,23,39,1,36,6,16,45,43,41,17,3,24,10,32,13,42,35,28,5,48,49,40,46,21,30,20,44,37,38,29,19,27,8,7,33,11,2,15,
792,39.26456356048584,73727.75405333334,60632.85800000002,0,4,26,25,14,31,22,12,9,47,34,18,23,39,1,36,6,16,45,43,41,17,3,24,10,32,13,42,35,28,5,48,49,40,46,21,30,20,44,37,38,29,19,27,8,7,33,11,2,15,
793,39.399600982666016,75243.79000000001,60632.85800000002,0,4,26,25,14,31,22,12,9,47,34,18,23,39,1,36,6,16,45,43,41,17,3,24,10,32,13,42,35,28,5,48,49,40,46,21,30,20,44,37,38,29,19,27,8,7,33,11,2,15,
794,39.43556833267212,75532.2108,60632.85800000002,0,4,26,25,14,31,22,12,9,47,34,18,23,39,1,36,6,16,45,43,41,17,3,24,10,32,13,42,35,28,5,48,49,40,46,21,30,20,44,37,38,29,19,27,8,7,33,11,2,15,
795,39.4746036529541,75442.70346666666,60632.85800000002,0,4,26,25,14,31,22,12,9,47,34,18,23,39,1,36,6,16,45,43,41,17,3,24,10,32,13,42,35,28,5,48,49,40,46,21,30,20,44,37,38,29,19,27,8,7,33,11,2,15,
796,39.5106155872345,76625.58306666667,60632.85800000002,0,4,26,25,14,31,22,12,9,47,34,18,23,39,1,36,6,16,45,43,41,17,3,24,10,32,13,42,35,28,5,48,49,40,46,21,30,20,44,37,38,29,19,27,8,7,33,11,2,15,
797,39.55066537857056,75701.28386666666,60632.85800000002,0,4,26,25,14,31,22,12,9,47,34,18,23,39,1,36,6,16,45,43,41,17,3,24,10,32,13,42,35,28,5,48,49,40,46,21,30,20,44,37,38,29,19,27,8,7,33,11,2,15,
798,39.58970355987549,74550.91624000002,60632.85800000002,0,4,26,25,14,31,22,12,9,47,34,18,23,39,1,36,6,16,45,43,41,17,3,24,10,32,13,42,35,28,5,48,49,40,46,21,30,20,44,37,38,29,19,27,8,7,33,11,2,15,
799,41.74070477485657,78802.11610666667,60545.02800000001,0,26,25,14,31,22,12,9,47,34,18,23,39,1,36,6,16,45,43,41,17,3,24,10,32,13,42,35,28,5,48,49,40,46,21,30,20,44,37,38,29,19,27,8,7,33,11,2,15,4,
800,41.77866244316101,76059.52912,59758.45800000002,0,4,26,25,14,31,22,12,9,47,34,18,23,39,1,36,6,16,45,43,41,17,3,24,10,32,13,42,35,28,5,48,49,40,46,21,30,20,44,37,38,29,8,27,19,7,33,11,2,15,
801,41.816704988479614,73819.56213333334,59594.26800000001,0,4,26,25,14,31,22,12,9,47,34,18,23,39,1,36,6,16,45,43,41,17,3,24,10,32,13,42,35,28,5,48,49,40,46,21,30,20,44,37,38,29,8,19,27,7,33,11,2,15,
802,41.85470485687256,72085.99592000002,59594.26800000001,0,4,26,25,14,31,22,12,9,47,34,18,23,39,1,36,6,16,45,43,41,17,3,24,10,32,13,42,35,28,5,48,49,40,46,21,30,20,44,37,38,29,8,19,27,7,33,11,2,15,
803,41.891703367233276,69831.76400000002,59594.26800000001,0,4,26,25,14,31,22,12,9,47,34,18,23,39,1,36,6,16,45,43,41,17,3,24,10,32,13,42,35,28,5,48,49,40,46,21,30,20,44,37,38,29,8,19,27,7,33,11,2,15,
804,41.92870807647705,70200.21410666667,59594.26800000001,0,4,26,25,14,31,22,12,9,47,34,18,23,39,1,36,6,16,45,43,41,17,3,24,10,32,13,42,35,28,5,48,49,40,46,21,30,20,44,37,38,29,8,19,27,7,33,11,2,15,
805,41.96770739555359,69656.22944000002,59594.26800000001,0,4,26,25,14,31,22,12,9,47,34,18,23,39,1,36,6,16,45,43,41,17,3,24,10,32,13,42,35,28,5,48,49,40,46,21,30,20,44,37,38,29,8,19,27,7,33,11,2,15,
806,42.00373649597168,69485.21424000003,59594.26800000001,0,4,26,25,14,31,22,12,9,47,34,18,23,39,1,36,6,16,45,43,41,17,3,24,10,32,13,42,35,28,5,48,49,40,46,21,30,20,44,37,38,29,8,19,27,7,33,11,2,15,
807,42.041778564453125,70831.58162666668,59594.26800000001,0,4,26,25,14,31,22,12,9,47,34,18,23,39,1,36,6,16,45,43,41,17,3,24,10,32,13,42,35,28,5,48,49,40,46,21,30,20,44,37,38,29,8,19,27,7,33,11,2,15,
808,42.078824043273926,71129.80370666667,59594.26800000001,0,4,26,25,14,31,22,12,9,47,34,18,23,39,1,36,6,16,45,43,41,17,3,24,10,32,13,42,35,28,5,48,49,40,46,21,30,20,44,37,38,29,8,19,27,7,33,11,2,15,
809,42.11678338050842,70189.74504,59594.26800000001,0,4,26,25,14,31,22,12,9,47,34,18,23,39,1,36,6,16,45,43,41,17,3,24,10,32,13,42,35,28,5,48,49,40,46,21,30,20,44,37,38,29,8,19,27,7,33,11,2,15,
810,42.1557834148407,70266.50277333334,59594.26800000001,0,4,26,25,14,31,22,12,9,47,34,18,23,39,1,36,6,16,45,43,41,17,3,24,10,32,13,42,35,28,5,48,49,40,46,21,30,20,44,37,38,29,8,19,27,7,33,11,2,15,
811,42.191739320755005,71367.72274666667,59594.26800000001,0,4,26,25,14,31,22,12,9,47,34,18,23,39,1,36,6,16,45,43,41,17,3,24,10,32,13,42,35,28,5,48,49,40,46,21,30,20,44,37,38,29,8,19,27,7,33,11,2,15,
812,42.22879934310913,70705.86704,59594.26800000001,0,4,26,25,14,31,22,12,9,47,34,18,23,39,1,36,6,16,45,43,41,17,3,24,10,32,13,42,35,28,5,48,49,40,46,21,30,20,44,37,38,29,8,19,27,7,33,11,2,15,
813,42.26480007171631,70119.46738666667,59594.26800000001,0,4,26,25,14,31,22,12,9,47,34,18,23,39,1,36,6,16,45,43,41,17,3,24,10,32,13,42,35,28,5,48,49,40,46,21,30,20,44,37,38,29,8,19,27,7,33,11,2,15,
814,42.3038444519043,69690.80168,59594.26800000001,0,4,26,25,14,31,22,12,9,47,34,18,23,39,1,36,6,16,45,43,41,17,3,24,10,32,13,42,35,28,5,48,49,40,46,21,30,20,44,37,38,29,8,19,27,7,33,11,2,15,
815,42.356839179992676,70328.29669333335,59594.26800000001,0,4,26,25,14,31,22,12,9,47,34,18,23,39,1,36,6,16,45,43,41,17,3,24,10,32,13,42,35,28,5,48,49,40,46,21,30,20,44,37,38,29,8,19,27,7,33,11,2,15,
816,42.39480113983154,68917.12866666667,59594.26800000001,0,4,26,25,14,31,22,12,9,47,34,18,23,39,1,36,6,16,45,43,41,17,3,24,10,32,13,42,35,28,5,48,49,40,46,21,30,20,44,37,38,29,8,19,27,7,33,11,2,15,
817,42.43080282211304,71258.22360000001,59594.26800000001,0,4,26,25,14,31,22,12,9,47,34,18,23,39,1,36,6,16,45,43,41,17,3,24,10,32,13,42,35,28,5,48,49,40,46,21,30,20,44,37,38,29,8,19,27,7,33,11,2,15,
818,42.46775770187378,72721.96624000002,59594.26800000001,0,4,26,25,14,31,22,12,9,47,34,18,23,39,1,36,6,16,45,43,41,17,3,24,10,32,13,42,35,28,5,48,49,40,46,21,30,20,44,37,38,29,8,19,27,7,33,11,2,15,
819,42.50871825218201,71940.50789333334,59594.26800000001,0,4,26,25,14,31,22,12,9,47,34,18,23,39,1,36,6,16,45,43,41,17,3,24,10,32,13,42,35,28,5,48,49,40,46,21,30,20,44,37,38,29,8,19,27,7,33,11,2,15,
820,42.5447678565979,71048.94618666667,59594.26800000001,0,4,26,25,14,31,22,12,9,47,34,18,23,39,1,36,6,16,45,43,41,17,3,24,10,32,13,42,35,28,5,48,49,40,46,21,30,20,44,37,38,29,8,19,27,7,33,11,2,15,
821,42.58173060417175,69852.16658666667,59594.26800000001,0,4,26,25,14,31,22,12,9,47,34,18,23,39,1,36,6,16,45,43,41,17,3,24,10,32,13,42,35,28,5,48,49,40,46,21,30,20,44,37,38,29,8,19,27,7,33,11,2,15,
822,42.61872935295105,69633.74984,59594.26800000001,0,4,26,25,14,31,22,12,9,47,34,18,23,39,1,36,6,16,45,43,41,17,3,24,10,32,13,42,35,28,5,48,49,40,46,21,30,20,44,37,38,29,8,19,27,7,33,11,2,15,
823,42.65676307678223,69765.98770666668,59594.26800000001,0,4,26,25,14,31,22,12,9,47,34,18,23,39,1,36,6,16,45,43,41,17,3,24,10,32,13,42,35,28,5,48,49,40,46,21,30,20,44,37,38,29,8,19,27,7,33,11,2,15,
824,42.69276189804077,72941.87477333336,59594.26800000001,0,4,26,25,14,31,22,12,9,47,34,18,23,39,1,36,6,16,45,43,41,17,3,24,10,32,13,42,35,28,5,48,49,40,46,21,30,20,44,37,38,29,8,19,27,7,33,11,2,15,
825,42.72979426383972,73890.96784000001,59594.26800000001,0,4,26,25,14,31,22,12,9,47,34,18,23,39,1,36,6,16,45,43,41,17,3,24,10,32,13,42,35,28,5,48,49,40,46,21,30,20,44,37,38,29,8,19,27,7,33,11,2,15,
826,42.76980447769165,72665.00376,59594.26800000001,0,4,26,25,14,31,22,12,9,47,34,18,23,39,1,36,6,16,45,43,41,17,3,24,10,32,13,42,35,28,5,48,49,40,46,21,30,20,44,37,38,29,8,19,27,7,33,11,2,15,
827,42.80685567855835,74425.50808000001,59594.26800000001,0,4,26,25,14,31,22,12,9,47,34,18,23,39,1,36,6,16,45,43,41,17,3,24,10,32,13,42,35,28,5,48,49,40,46,21,30,20,44,37,38,29,8,19,27,7,33,11,2,15,
828,42.84385299682617,75114.49928000002,59594.26800000001,0,4,26,25,14,31,22,12,9,47,34,18,23,39,1,36,6,16,45,43,41,17,3,24,10,32,13,42,35,28,5,48,49,40,46,21,30,20,44,37,38,29,8,19,27,7,33,11,2,15,
829,42.882813930511475,73707.34221333335,59594.26800000001,0,4,26,25,14,31,22,12,9,47,34,18,23,39,1,36,6,16,45,43,41,17,3,24,10,32,13,42,35,28,5,48,49,40,46,21,30,20,44,37,38,29,8,19,27,7,33,11,2,15,
830,42.91981625556946,75413.17648000001,59594.26800000001,0,4,26,25,14,31,22,12,9,47,34,18,23,39,1,36,6,16,45,43,41,17,3,24,10,32,13,42,35,28,5,48,49,40,46,21,30,20,44,37,38,29,8,19,27,7,33,11,2,15,
831,42.95981979370117,77321.90120000001,59594.26800000001,0,4,26,25,14,31,22,12,9,47,34,18,23,39,1,36,6,16,45,43,41,17,3,24,10,32,13,42,35,28,5,48,49,40,46,21,30,20,44,37,38,29,8,19,27,7,33,11,2,15,
832,42.99685740470886,75524.09050666669,59594.26800000001,0,4,26,25,14,31,22,12,9,47,34,18,23,39,1,36,6,16,45,43,41,17,3,24,10,32,13,42,35,28,5,48,49,40,46,21,30,20,44,37,38,29,8,19,27,7,33,11,2,15,
833,43.03384876251221,74141.59597333334,59594.26800000001,0,4,26,25,14,31,22,12,9,47,34,18,23,39,1,36,6,16,45,43,41,17,3,24,10,32,13,42,35,28,5,48,49,40,46,21,30,20,44,37,38,29,8,19,27,7,33,11,2,15,
834,43.072847843170166,73927.1024266667,59594.26800000001,0,4,26,25,14,31,22,12,9,47,34,18,23,39,1,36,6,16,45,43,41,17,3,24,10,32,13,42,35,28,5,48,49,40,46,21,30,20,44,37,38,29,8,19,27,7,33,11,2,15,
835,43.11384296417236,70841.882,59594.26800000001,0,4,26,25,14,31,22,12,9,47,34,18,23,39,1,36,6,16,45,43,41,17,3,24,10,32,13,42,35,28,5,48,49,40,46,21,30,20,44,37,38,29,8,19,27,7,33,11,2,15,
836,43.1508412361145,73730.64906666668,59594.26800000001,0,4,26,25,14,31,22,12,9,47,34,18,23,39,1,36,6,16,45,43,41,17,3,24,10,32,13,42,35,28,5,48,49,40,46,21,30,20,44,37,38,29,8,19,27,7,33,11,2,15,
837,43.187832832336426,73343.11890666668,59594.26800000001,0,4,26,25,14,31,22,12,9,47,34,18,23,39,1,36,6,16,45,43,41,17,3,24,10,32,13,42,35,28,5,48,49,40,46,21,30,20,44,37,38,29,8,19,27,7,33,11,2,15,
838,43.22679781913757,74550.54053333336,59594.26800000001,0,4,26,25,14,31,22,12,9,47,34,18,23,39,1,36,6,16,45,43,41,17,3,24,10,32,13,42,35,28,5,48,49,40,46,21,30,20,44,37,38,29,8,19,27,7,33,11,2,15,
839,43.26583385467529,75572.8404,59594.26800000001,0,4,26,25,14,31,22,12,9,47,34,18,23,39,1,36,6,16,45,43,41,17,3,24,10,32,13,42,35,28,5,48,49,40,46,21,30,20,44,37,38,29,8,19,27,7,33,11,2,15,
840,43.302834033966064,73622.06261333336,59594.26800000001,0,4,26,25,14,31,22,12,9,47,34,18,23,39,1,36,6,16,45,43,41,17,3,24,10,32,13,42,35,28,5,48,49,40,46,21,30,20,44,37,38,29,8,19,27,7,33,11,2,15,
841,43.340837717056274,73212.98592000002,59594.26800000001,0,4,26,25,14,31,22,12,9,47,34,18,23,39,1,36,6,16,45,43,41,17,3,24,10,32,13,42,35,28,5,48,49,40,46,21,30,20,44,37,38,29,8,19,27,7,33,11,2,15,
842,43.378891468048096,74812.05845333335,59594.26800000001,0,4,26,25,14,31,22,12,9,47,34,18,23,39,1,36,6,16,45,43,41,17,3,24,10,32,13,42,35,28,5,48,49,40,46,21,30,20,44,37,38,29,8,19,27,7,33,11,2,15,
843,43.41790580749512,76362.6808,59506.438,0,26,25,14,31,22,12,9,47,34,18,23,39,1,36,6,16,45,43,41,17,3,24,10,32,13,42,35,28,5,48,49,40,46,21,30,20,44,37,38,29,8,19,27,7,33,11,2,15,4,
844,43.45590591430664,77437.18983999999,59506.438,0,26,25,14,31,22,12,9,47,34,18,23,39,1,36,6,16,45,43,41,17,3,24,10,32,13,42,35,28,5,48,49,40,46,21,30,20,44,37,38,29,8,19,27,7,33,11,2,15,4,
845,43.495866775512695,77167.81538666665,59506.438,0,26,25,14,31,22,12,9,47,34,18,23,39,1,36,6,16,45,43,41,17,3,24,10,32,13,42,35,28,5,48,49,40,46,21,30,20,44,37,38,29,8,19,27,7,33,11,2,15,4,
846,43.53586769104004,72436.36053333334,59506.438,0,26,25,14,31,22,12,9,47,34,18,23,39,1,36,6,16,45,43,41,17,3,24,10,32,13,42,35,28,5,48,49,40,46,21,30,20,44,37,38,29,8,19,27,7,33,11,2,15,4,
847,43.573877811431885,73137.11970666666,59506.438,0,26,25,14,31,22,12,9,47,34,18,23,39,1,36,6,16,45,43,41,17,3,24,10,32,13,42,35,28,5,48,49,40,46,21,30,20,44,37,38,29,8,19,27,7,33,11,2,15,4,
848,43.61289048194885,70490.17824,59506.438,0,26,25,14,31,22,12,9,47,34,18,23,39,1,36,6,16,45,43,41,17,3,24,10,32,13,42,35,28,5,48,49,40,46,21,30,20,44,37,38,29,8,19,27,7,33,11,2,15,4,
849,43.653902769088745,70114.80429333333,59506.438,0,26,25,14,31,22,12,9,47,34,18,23,39,1,36,6,16,45,43,41,17,3,24,10,32,13,42,35,28,5,48,49,40,46,21,30,20,44,37,38,29,8,19,27,7,33,11,2,15,4,
850,43.69294047355652,70653.64509333334,59506.438,0,26,25,14,31,22,12,9,47,34,18,23,39,1,36,6,16,45,43,41,17,3,24,10,32,13,42,35,28,5,48,49,40,46,21,30,20,44,37,38,29,8,19,27,7,33,11,2,15,4,
851,43.73094081878662,67709.69053333333,59506.438,0,26,25,14,31,22,12,9,47,34,18,23,39,1,36,6,16,45,43,41,17,3,24,10,32,13,42,35,28,5,48,49,40,46,21,30,20,44,37,38,29,8,19,27,7,33,11,2,15,4,
852,43.7669472694397,69479.50797333333,59506.438,0,26,25,14,31,22,12,9,47,34,18,23,39,1,36,6,16,45,43,41,17,3,24,10,32,13,42,35,28,5,48,49,40,46,21,30,20,44,37,38,29,8,19,27,7,33,11,2,15,4,
853,43.802898645401,69210.95242666667,59506.438,0,26,25,14,31,22,12,9,47,34,18,23,39,1,36,6,16,45,43,41,17,3,24,10,32,13,42,35,28,5,48,49,40,46,21,30,20,44,37,38,29,8,19,27,7,33,11,2,15,4,
854,43.83986020088196,71409.42077333333,59506.438,0,26,25,14,31,22,12,9,47,34,18,23,39,1,36,6,16,45,43,41,17,3,24,10,32,13,42,35,28,5,48,49,40,46,21,30,20,44,37,38,29,8,19,27,7,33,11,2,15,4,
855,43.87585949897766,71160.19143999998,59506.438,0,26,25,14,31,22,12,9,47,34,18,23,39,1,36,6,16,45,43,41,17,3,24,10,32,13,42,35,28,5,48,49,40,46,21,30,20,44,37,38,29,8,19,27,7,33,11,2,15,4,
856,43.912869453430176,73085.22506666665,59506.438,0,26,25,14,31,22,12,9,47,34,18,23,39,1,36,6,16,45,43,41,17,3,24,10,32,13,42,35,28,5,48,49,40,46,21,30,20,44,37,38,29,8,19,27,7,33,11,2,15,4,
857,43.950873374938965,71375.34821333333,59506.438,0,26,25,14,31,22,12,9,47,34,18,23,39,1,36,6,16,45,43,41,17,3,24,10,32,13,42,35,28,5,48,49,40,46,21,30,20,44,37,38,29,8,19,27,7,33,11,2,15,4,
858,43.98883366584778,69826.11618666667,59506.438,0,26,25,14,31,22,12,9,47,34,18,23,39,1,36,6,16,45,43,41,17,3,24,10,32,13,42,35,28,5,48,49,40,46,21,30,20,44,37,38,29,8,19,27,7,33,11,2,15,4,
859,44.02384328842163,73729.78786666665,59506.438,0,26,25,14,31,22,12,9,47,34,18,23,39,1,36,6,16,45,43,41,17,3,24,10,32,13,42,35,28,5,48,49,40,46,21,30,20,44,37,38,29,8,19,27,7,33,11,2,15,4,
860,44.06282925605774,70960.48082666667,59506.438,0,26,25,14,31,22,12,9,47,34,18,23,39,1,36,6,16,45,43,41,17,3,24,10,32,13,42,35,28,5,48,49,40,46,21,30,20,44,37,38,29,8,19,27,7,33,11,2,15,4,
861,44.09982776641846,72536.67877333335,59506.438,0,26,25,14,31,22,12,9,47,34,18,23,39,1,36,6,16,45,43,41,17,3,24,10,32,13,42,35,28,5,48,49,40,46,21,30,20,44,37,38,29,8,19,27,7,33,11,2,15,4,
862,44.13782596588135,68965.17752000001,59506.438,0,26,25,14,31,22,12,9,47,34,18,23,39,1,36,6,16,45,43,41,17,3,24,10,32,13,42,35,28,5,48,49,40,46,21,30,20,44,37,38,29,8,19,27,7,33,11,2,15,4,
863,44.17586421966553,69509.24232,59506.438,0,26,25,14,31,22,12,9,47,34,18,23,39,1,36,6,16,45,43,41,17,3,24,10,32,13,42,35,28,5,48,49,40,46,21,30,20,44,37,38,29,8,19,27,7,33,11,2,15,4,
864,44.21387696266174,71360.88050666667,59506.438,0,26,25,14,31,22,12,9,47,34,18,23,39,1,36,6,16,45,43,41,17,3,24,10,32,13,42,35,28,5,48,49,40,46,21,30,20,44,37,38,29,8,19,27,7,33,11,2,15,4,
865,44.25383687019348,72395.78005333334,59506.438,0,26,25,14,31,22,12,9,47,34,18,23,39,1,36,6,16,45,43,41,17,3,24,10,32,13,42,35,28,5,48,49,40,46,21,30,20,44,37,38,29,8,19,27,7,33,11,2,15,4,
866,44.290889739990234,69971.75098666667,59506.438,0,26,25,14,31,22,12,9,47,34,18,23,39,1,36,6,16,45,43,41,17,3,24,10,32,13,42,35,28,5,48,49,40,46,21,30,20,44,37,38,29,8,19,27,7,33,11,2,15,4,
867,44.32888841629028,69261.03402666668,59506.438,0,26,25,14,31,22,12,9,47,34,18,23,39,1,36,6,16,45,43,41,17,3,24,10,32,13,42,35,28,5,48,49,40,46,21,30,20,44,37,38,29,8,19,27,7,33,11,2,15,4,
868,44.365920305252075,70912.71759999999,59506.438,0,26,25,14,31,22,12,9,47,34,18,23,39,1,36,6,16,45,43,41,17,3,24,10,32,13,42,35,28,5,48,49,40,46,21,30,20,44,37,38,29,8,19,27,7,33,11,2,15,4,
869,44.40292716026306,73090.96032,59506.438,0,26,25,14,31,22,12,9,47,34,18,23,39,1,36,6,16,45,43,41,17,3,24,10,32,13,42,35,28,5,48,49,40,46,21,30,20,44,37,38,29,8,19,27,7,33,11,2,15,4,
870,44.44292449951172,70987.47616,59506.438,0,26,25,14,31,22,12,9,47,34,18,23,39,1,36,6,16,45,43,41,17,3,24,10,32,13,42,35,28,5,48,49,40,46,21,30,20,44,37,38,29,8,19,27,7,33,11,2,15,4,
871,44.47988295555115,73013.21552,59506.438,0,26,25,14,31,22,12,9,47,34,18,23,39,1,36,6,16,45,43,41,17,3,24,10,32,13,42,35,28,5,48,49,40,46,21,30,20,44,37,38,29,8,19,27,7,33,11,2,15,4,
872,44.51688241958618,72463.67631999998,59506.438,0,26,25,14,31,22,12,9,47,34,18,23,39,1,36,6,16,45,43,41,17,3,24,10,32,13,42,35,28,5,48,49,40,46,21,30,20,44,37,38,29,8,19,27,7,33,11,2,15,4,
873,44.555872201919556,73844.75058666666,59506.438,0,26,25,14,31,22,12,9,47,34,18,23,39,1,36,6,16,45,43,41,17,3,24,10,32,13,42,35,28,5,48,49,40,46,21,30,20,44,37,38,29,8,19,27,7,33,11,2,15,4,
874,44.59487342834473,71507.41751999999,59506.438,0,26,25,14,31,22,12,9,47,34,18,23,39,1,36,6,16,45,43,41,17,3,24,10,32,13,42,35,28,5,48,49,40,46,21,30,20,44,37,38,29,8,19,27,7,33,11,2,15,4,
875,44.632906913757324,75602.90677333334,59506.438,0,26,25,14,31,22,12,9,47,34,18,23,39,1,36,6,16,45,43,41,17,3,24,10,32,13,42,35,28,5,48,49,40,46,21,30,20,44,37,38,29,8,19,27,7,33,11,2,15,4,
876,44.668909311294556,73565.68365333333,59506.438,0,26,25,14,31,22,12,9,47,34,18,23,39,1,36,6,16,45,43,41,17,3,24,10,32,13,42,35,28,5,48,49,40,46,21,30,20,44,37,38,29,8,19,27,7,33,11,2,15,4,
877,44.70696425437927,73392.3364,59506.438,0,26,25,14,31,22,12,9,47,34,18,23,39,1,36,6,16,45,43,41,17,3,24,10,32,13,42,35,28,5,48,49,40,46,21,30,20,44,37,38,29,8,19,27,7,33,11,2,15,4,
878,44.74396777153015,74502.56226666666,59506.438,0,26,25,14,31,22,12,9,47,34,18,23,39,1,36,6,16,45,43,41,17,3,24,10,32,13,42,35,28,5,48,49,40,46,21,30,20,44,37,38,29,8,19,27,7,33,11,2,15,4,
879,44.784971475601196,71980.89829333333,59506.438,0,26,25,14,31,22,12,9,47,34,18,23,39,1,36,6,16,45,43,41,17,3,24,10,32,13,42,35,28,5,48,49,40,46,21,30,20,44,37,38,29,8,19,27,7,33,11,2,15,4,
880,44.82398581504822,74039.01616,59506.438,0,26,25,14,31,22,12,9,47,34,18,23,39,1,36,6,16,45,43,41,17,3,24,10,32,13,42,35,28,5,48,49,40,46,21,30,20,44,37,38,29,8,19,27,7,33,11,2,15,4,
881,44.86002469062805,72481.62797333334,59506.438,0,26,25,14,31,22,12,9,47,34,18,23,39,1,36,6,16,45,43,41,17,3,24,10,32,13,42,35,28,5,48,49,40,46,21,30,20,44,37,38,29,8,19,27,7,33,11,2,15,4,
882,44.897987842559814,70362.72544000001,59506.438,0,26,25,14,31,22,12,9,47,34,18,23,39,1,36,6,16,45,43,41,17,3,24,10,32,13,42,35,28,5,48,49,40,46,21,30,20,44,37,38,29,8,19,27,7,33,11,2,15,4,
883,44.93498516082764,72025.49114666667,59506.438,0,26,25,14,31,22,12,9,47,34,18,23,39,1,36,6,16,45,43,41,17,3,24,10,32,13,42,35,28,5,48,49,40,46,21,30,20,44,37,38,29,8,19,27,7,33,11,2,15,4,
884,44.97402262687683,73364.53245333333,59506.438,0,26,25,14,31,22,12,9,47,34,18,23,39,1,36,6,16,45,43,41,17,3,24,10,32,13,42,35,28,5,48,49,40,46,21,30,20,44,37,38,29,8,19,27,7,33,11,2,15,4,
885,45.01403284072876,73075.99530666666,59506.438,0,26,25,14,31,22,12,9,47,34,18,23,39,1,36,6,16,45,43,41,17,3,24,10,32,13,42,35,28,5,48,49,40,46,21,30,20,44,37,38,29,8,19,27,7,33,11,2,15,4,
886,45.05299425125122,72908.82381333332,59506.438,0,26,25,14,31,22,12,9,47,34,18,23,39,1,36,6,16,45,43,41,17,3,24,10,32,13,42,35,28,5,48,49,40,46,21,30,20,44,37,38,29,8,19,27,7,33,11,2,15,4,
887,45.09098267555237,73264.03477333333,59506.438,0,26,25,14,31,22,12,9,47,34,18,23,39,1,36,6,16,45,43,41,17,3,24,10,32,13,42,35,28,5,48,49,40,46,21,30,20,44,37,38,29,8,19,27,7,33,11,2,15,4,
888,45.13094782829285,73407.60208000001,59506.438,0,26,25,14,31,22,12,9,47,34,18,23,39,1,36,6,16,45,43,41,17,3,24,10,32,13,42,35,28,5,48,49,40,46,21,30,20,44,37,38,29,8,19,27,7,33,11,2,15,4,
889,45.16699695587158,72537.50293333334,59506.438,0,26,25,14,31,22,12,9,47,34,18,23,39,1,36,6,16,45,43,41,17,3,24,10,32,13,42,35,28,5,48,49,40,46,21,30,20,44,37,38,29,8,19,27,7,33,11,2,15,4,
890,45.2050347328186,73447.43317333334,59506.438,0,26,25,14,31,22,12,9,47,34,18,23,39,1,36,6,16,45,43,41,17,3,24,10,32,13,42,35,28,5,48,49,40,46,21,30,20,44,37,38,29,8,19,27,7,33,11,2,15,4,
891,45.241029500961304,73157.45160000001,59506.438,0,26,25,14,31,22,12,9,47,34,18,23,39,1,36,6,16,45,43,41,17,3,24,10,32,13,42,35,28,5,48,49,40,46,21,30,20,44,37,38,29,8,19,27,7,33,11,2,15,4,
892,45.276028633117676,74435.97845333333,59506.438,0,26,25,14,31,22,12,9,47,34,18,23,39,1,36,6,16,45,43,41,17,3,24,10,32,13,42,35,28,5,48,49,40,46,21,30,20,44,37,38,29,8,19,27,7,33,11,2,15,4,
893,45.31402635574341,72230.71813333336,59506.438,0,26,25,14,31,22,12,9,47,34,18,23,39,1,36,6,16,45,43,41,17,3,24,10,32,13,42,35,28,5,48,49,40,46,21,30,20,44,37,38,29,8,19,27,7,33,11,2,15,4,
894,45.35407614707947,69877.5088,59506.438,0,26,25,14,31,22,12,9,47,34,18,23,39,1,36,6,16,45,43,41,17,3,24,10,32,13,42,35,28,5,48,49,40,46,21,30,20,44,37,38,29,8,19,27,7,33,11,2,15,4,
895,45.3921115398407,70083.30864,59506.438,0,26,25,14,31,22,12,9,47,34,18,23,39,1,36,6,16,45,43,41,17,3,24,10,32,13,42,35,28,5,48,49,40,46,21,30,20,44,37,38,29,8,19,27,7,33,11,2,15,4,
896,45.430073976516724,70607.67530666667,59506.438,0,26,25,14,31,22,12,9,47,34,18,23,39,1,36,6,16,45,43,41,17,3,24,10,32,13,42,35,28,5,48,49,40,46,21,30,20,44,37,38,29,8,19,27,7,33,11,2,15,4,
897,45.46612501144409,72361.02026666666,59506.438,0,26,25,14,31,22,12,9,47,34,18,23,39,1,36,6,16,45,43,41,17,3,24,10,32,13,42,35,28,5,48,49,40,46,21,30,20,44,37,38,29,8,19,27,7,33,11,2,15,4,
898,45.50508713722229,72894.45927999998,59506.438,0,26,25,14,31,22,12,9,47,34,18,23,39,1,36,6,16,45,43,41,17,3,24,10,32,13,42,35,28,5,48,49,40,46,21,30,20,44,37,38,29,8,19,27,7,33,11,2,15,4,
899,45.543097496032715,74061.42093333333,59506.438,0,26,25,14,31,22,12,9,47,34,18,23,39,1,36,6,16,45,43,41,17,3,24,10,32,13,42,35,28,5,48,49,40,46,21,30,20,44,37,38,29,8,19,27,7,33,11,2,15,4,
900,45.581098318099976,73369.62733333334,59506.438,0,26,25,14,31,22,12,9,47,34,18,23,39,1,36,6,16,45,43,41,17,3,24,10,32,13,42,35,28,5,48,49,40,46,21,30,20,44,37,38,29,8,19,27,7,33,11,2,15,4,
901,45.61909461021423,71509.31664000002,59506.438,0,26,25,14,31,22,12,9,47,34,18,23,39,1,36,6,16,45,43,41,17,3,24,10,32,13,42,35,28,5,48,49,40,46,21,30,20,44,37,38,29,8,19,27,7,33,11,2,15,4,
902,45.655131340026855,70698.34165333334,59506.438,0,26,25,14,31,22,12,9,47,34,18,23,39,1,36,6,16,45,43,41,17,3,24,10,32,13,42,35,28,5,48,49,40,46,21,30,20,44,37,38,29,8,19,27,7,33,11,2,15,4,
903,45.69116973876953,71745.17104,59506.438,0,26,25,14,31,22,12,9,47,34,18,23,39,1,36,6,16,45,43,41,17,3,24,10,32,13,42,35,28,5,48,49,40,46,21,30,20,44,37,38,29,8,19,27,7,33,11,2,15,4,
904,45.7291316986084,73418.42848,59506.438,0,26,25,14,31,22,12,9,47,34,18,23,39,1,36,6,16,45,43,41,17,3,24,10,32,13,42,35,28,5,48,49,40,46,21,30,20,44,37,38,29,8,19,27,7,33,11,2,15,4,
905,45.766185998916626,77815.20101333335,59506.438,0,26,25,14,31,22,12,9,47,34,18,23,39,1,36,6,16,45,43,41,17,3,24,10,32,13,42,35,28,5,48,49,40,46,21,30,20,44,37,38,29,8,19,27,7,33,11,2,15,4,
906,45.804144620895386,74565.48840000002,59506.438,0,26,25,14,31,22,12,9,47,34,18,23,39,1,36,6,16,45,43,41,17,3,24,10,32,13,42,35,28,5,48,49,40,46,21,30,20,44,37,38,29,8,19,27,7,33,11,2,15,4,
907,45.841177225112915,73442.93664,59506.438,0,26,25,14,31,22,12,9,47,34,18,23,39,1,36,6,16,45,43,41,17,3,24,10,32,13,42,35,28,5,48,49,40,46,21,30,20,44,37,38,29,8,19,27,7,33,11,2,15,4,
908,45.8791286945343,72017.11608,59506.438,0,26,25,14,31,22,12,9,47,34,18,23,39,1,36,6,16,45,43,41,17,3,24,10,32,13,42,35,28,5,48,49,40,46,21,30,20,44,37,38,29,8,19,27,7,33,11,2,15,4,
909,45.91808462142944,73339.91352,59506.438,0,26,25,14,31,22,12,9,47,34,18,23,39,1,36,6,16,45,43,41,17,3,24,10,32,13,42,35,28,5,48,49,40,46,21,30,20,44,37,38,29,8,19,27,7,33,11,2,15,4,
910,45.95612406730652,72078.68032,59506.438,0,26,25,14,31,22,12,9,47,34,18,23,39,1,36,6,16,45,43,41,17,3,24,10,32,13,42,35,28,5,48,49,40,46,21,30,20,44,37,38,29,8,19,27,7,33,11,2,15,4,
911,45.99516749382019,72306.91402666668,59506.438,0,26,25,14,31,22,12,9,47,34,18,23,39,1,36,6,16,45,43,41,17,3,24,10,32,13,42,35,28,5,48,49,40,46,21,30,20,44,37,38,29,8,19,27,7,33,11,2,15,4,
912,46.03220891952515,72463.47661333335,59506.438,0,26,25,14,31,22,12,9,47,34,18,23,39,1,36,6,16,45,43,41,17,3,24,10,32,13,42,35,28,5,48,49,40,46,21,30,20,44,37,38,29,8,19,27,7,33,11,2,15,4,
913,46.069171667099,70344.98794666666,59506.438,0,26,25,14,31,22,12,9,47,34,18,23,39,1,36,6,16,45,43,41,17,3,24,10,32,13,42,35,28,5,48,49,40,46,21,30,20,44,37,38,29,8,19,27,7,33,11,2,15,4,
914,46.10718631744385,71955.32336,59506.438,0,26,25,14,31,22,12,9,47,34,18,23,39,1,36,6,16,45,43,41,17,3,24,10,32,13,42,35,28,5,48,49,40,46,21,30,20,44,37,38,29,8,19,27,7,33,11,2,15,4,
915,46.144184589385986,73389.17872,59506.438,0,26,25,14,31,22,12,9,47,34,18,23,39,1,36,6,16,45,43,41,17,3,24,10,32,13,42,35,28,5,48,49,40,46,21,30,20,44,37,38,29,8,19,27,7,33,11,2,15,4,
916,46.18023419380188,72415.69842666667,59506.438,0,26,25,14,31,22,12,9,47,34,18,23,39,1,36,6,16,45,43,41,17,3,24,10,32,13,42,35,28,5,48,49,40,46,21,30,20,44,37,38,29,8,19,27,7,33,11,2,15,4,
917,46.21627068519592,73308.39554666667,59506.438,0,26,25,14,31,22,12,9,47,34,18,23,39,1,36,6,16,45,43,41,17,3,24,10,32,13,42,35,28,5,48,49,40,46,21,30,20,44,37,38,29,8,19,27,7,33,11,2,15,4,
918,46.25526738166809,73956.71136,59506.438,0,26,25,14,31,22,12,9,47,34,18,23,39,1,36,6,16,45,43,41,17,3,24,10,32,13,42,35,28,5,48,49,40,46,21,30,20,44,37,38,29,8,19,27,7,33,11,2,15,4,
919,46.29226613044739,74024.94016,59506.438,0,26,25,14,31,22,12,9,47,34,18,23,39,1,36,6,16,45,43,41,17,3,24,10,32,13,42,35,28,5,48,49,40,46,21,30,20,44,37,38,29,8,19,27,7,33,11,2,15,4,
920,46.33026671409607,70927.48933333333,59506.438,0,26,25,14,31,22,12,9,47,34,18,23,39,1,36,6,16,45,43,41,17,3,24,10,32,13,42,35,28,5,48,49,40,46,21,30,20,44,37,38,29,8,19,27,7,33,11,2,15,4,
921,46.367268085479736,71256.65197333334,59506.438,0,26,25,14,31,22,12,9,47,34,18,23,39,1,36,6,16,45,43,41,17,3,24,10,32,13,42,35,28,5,48,49,40,46,21,30,20,44,37,38,29,8,19,27,7,33,11,2,15,4,
922,46.40526723861694,70751.16842666667,59506.438,0,26,25,14,31,22,12,9,47,34,18,23,39,1,36,6,16,45,43,41,17,3,24,10,32,13,42,35,28,5,48,49,40,46,21,30,20,44,37,38,29,8,19,27,7,33,11,2,15,4,
923,46.443267822265625,72135.75973333335,59506.438,0,26,25,14,31,22,12,9,47,34,18,23,39,1,36,6,16,45,43,41,17,3,24,10,32,13,42,35,28,5,48,49,40,46,21,30,20,44,37,38,29,8,19,27,7,33,11,2,15,4,
924,46.4833025932312,70944.32813333334,59506.438,0,26,25,14,31,22,12,9,47,34,18,23,39,1,36,6,16,45,43,41,17,3,24,10,32,13,42,35,28,5,48,49,40,46,21,30,20,44,37,38,29,8,19,27,7,33,11,2,15,4,
925,46.52031636238098,70837.44077333334,59506.438,0,26,25,14,31,22,12,9,47,34,18,23,39,1,36,6,16,45,43,41,17,3,24,10,32,13,42,35,28,5,48,49,40,46,21,30,20,44,37,38,29,8,19,27,7,33,11,2,15,4,
926,46.55732774734497,70698.61031999999,59506.438,0,26,25,14,31,22,12,9,47,34,18,23,39,1,36,6,16,45,43,41,17,3,24,10,32,13,42,35,28,5,48,49,40,46,21,30,20,44,37,38,29,8,19,27,7,33,11,2,15,4,
927,46.59732508659363,70255.41005333333,59506.438,0,26,25,14,31,22,12,9,47,34,18,23,39,1,36,6,16,45,43,41,17,3,24,10,32,13,42,35,28,5,48,49,40,46,21,30,20,44,37,38,29,8,19,27,7,33,11,2,15,4,
928,46.63433074951172,70597.31842666666,59506.438,0,26,25,14,31,22,12,9,47,34,18,23,39,1,36,6,16,45,43,41,17,3,24,10,32,13,42,35,28,5,48,49,40,46,21,30,20,44,37,38,29,8,19,27,7,33,11,2,15,4,
929,46.673290729522705,70722.34352,59506.438,0,26,25,14,31,22,12,9,47,34,18,23,39,1,36,6,16,45,43,41,17,3,24,10,32,13,42,35,28,5,48,49,40,46,21,30,20,44,37,38,29,8,19,27,7,33,11,2,15,4,
930,46.71129012107849,73408.49432,59506.438,0,26,25,14,31,22,12,9,47,34,18,23,39,1,36,6,16,45,43,41,17,3,24,10,32,13,42,35,28,5,48,49,40,46,21,30,20,44,37,38,29,8,19,27,7,33,11,2,15,4,
931,46.74734115600586,71718.98869333332,59506.438,0,26,25,14,31,22,12,9,47,34,18,23,39,1,36,6,16,45,43,41,17,3,24,10,32,13,42,35,28,5,48,49,40,46,21,30,20,44,37,38,29,8,19,27,7,33,11,2,15,4,
932,46.78532814979553,72288.31447999999,59506.438,0,26,25,14,31,22,12,9,47,34,18,23,39,1,36,6,16,45,43,41,17,3,24,10,32,13,42,35,28,5,48,49,40,46,21,30,20,44,37,38,29,8,19,27,7,33,11,2,15,4,
933,46.821327686309814,75068.06218666665,59506.438,0,26,25,14,31,22,12,9,47,34,18,23,39,1,36,6,16,45,43,41,17,3,24,10,32,13,42,35,28,5,48,49,40,46,21,30,20,44,37,38,29,8,19,27,7,33,11,2,15,4,
934,46.85736322402954,75217.55154666665,59506.438,0,26,25,14,31,22,12,9,47,34,18,23,39,1,36,6,16,45,43,41,17,3,24,10,32,13,42,35,28,5,48,49,40,46,21,30,20,44,37,38,29,8,19,27,7,33,11,2,15,4,
935,46.89537763595581,73931.43754666667,59506.438,0,26,25,14,31,22,12,9,47,34,18,23,39,1,36,6,16,45,43,41,17,3,24,10,32,13,42,35,28,5,48,49,40,46,21,30,20,44,37,38,29,8,19,27,7,33,11,2,15,4,
936,46.933419704437256,74658.01082666666,59506.438,0,26,25,14,31,22,12,9,47,34,18,23,39,1,36,6,16,45,43,41,17,3,24,10,32,13,42,35,28,5,48,49,40,46,21,30,20,44,37,38,29,8,19,27,7,33,11,2,15,4,
937,46.97246050834656,73575.83133333334,59506.438,0,26,25,14,31,22,12,9,47,34,18,23,39,1,36,6,16,45,43,41,17,3,24,10,32,13,42,35,28,5,48,49,40,46,21,30,20,44,37,38,29,8,19,27,7,33,11,2,15,4,
938,47.00751066207886,70581.18613333334,59506.438,0,26,25,14,31,22,12,9,47,34,18,23,39,1,36,6,16,45,43,41,17,3,24,10,32,13,42,35,28,5,48,49,40,46,21,30,20,44,37,38,29,8,19,27,7,33,11,2,15,4,
939,47.047521114349365,71081.22693333332,59506.438,0,26,25,14,31,22,12,9,47,34,18,23,39,1,36,6,16,45,43,41,17,3,24,10,32,13,42,35,28,5,48,49,40,46,21,30,20,44,37,38,29,8,19,27,7,33,11,2,15,4,
940,47.083531856536865,68541.66637333334,59506.438,0,26,25,14,31,22,12,9,47,34,18,23,39,1,36,6,16,45,43,41,17,3,24,10,32,13,42,35,28,5,48,49,40,46,21,30,20,44,37,38,29,8,19,27,7,33,11,2,15,4,
941,47.121535539627075,68304.0756,59506.438,0,26,25,14,31,22,12,9,47,34,18,23,39,1,36,6,16,45,43,41,17,3,24,10,32,13,42,35,28,5,48,49,40,46,21,30,20,44,37,38,29,8,19,27,7,33,11,2,15,4,
942,47.15854024887085,68968.22117333334,59506.438,0,26,25,14,31,22,12,9,47,34,18,23,39,1,36,6,16,45,43,41,17,3,24,10,32,13,42,35,28,5,48,49,40,46,21,30,20,44,37,38,29,8,19,27,7,33,11,2,15,4,
943,47.195573568344116,70249.67834666665,59506.438,0,26,25,14,31,22,12,9,47,34,18,23,39,1,36,6,16,45,43,41,17,3,24,10,32,13,42,35,28,5,48,49,40,46,21,30,20,44,37,38,29,8,19,27,7,33,11,2,15,4,
944,47.233572244644165,68902.51336,59506.438,0,26,25,14,31,22,12,9,47,34,18,23,39,1,36,6,16,45,43,41,17,3,24,10,32,13,42,35,28,5,48,49,40,46,21,30,20,44,37,38,29,8,19,27,7,33,11,2,15,4,
945,47.26962232589722,69808.83882666667,59506.438,0,26,25,14,31,22,12,9,47,34,18,23,39,1,36,6,16,45,43,41,17,3,24,10,32,13,42,35,28,5,48,49,40,46,21,30,20,44,37,38,29,8,19,27,7,33,11,2,15,4,
946,47.30667519569397,69978.03408,59506.438,0,26,25,14,31,22,12,9,47,34,18,23,39,1,36,6,16,45,43,41,17,3,24,10,32,13,42,35,28,5,48,49,40,46,21,30,20,44,37,38,29,8,19,27,7,33,11,2,15,4,
947,47.34373664855957,69479.33962666665,59506.438,0,26,25,14,31,22,12,9,47,34,18,23,39,1,36,6,16,45,43,41,17,3,24,10,32,13,42,35,28,5,48,49,40,46,21,30,20,44,37,38,29,8,19,27,7,33,11,2,15,4,
948,47.38273549079895,71794.26135999999,59506.438,0,26,25,14,31,22,12,9,47,34,18,23,39,1,36,6,16,45,43,41,17,3,24,10,32,13,42,35,28,5,48,49,40,46,21,30,20,44,37,38,29,8,19,27,7,33,11,2,15,4,
949,47.419774770736694,74195.58799999999,59506.438,0,26,25,14,31,22,12,9,47,34,18,23,39,1,36,6,16,45,43,41,17,3,24,10,32,13,42,35,28,5,48,49,40,46,21,30,20,44,37,38,29,8,19,27,7,33,11,2,15,4,
950,47.454736948013306,76009.99981333333,59506.438,0,26,25,14,31,22,12,9,47,34,18,23,39,1,36,6,16,45,43,41,17,3,24,10,32,13,42,35,28,5,48,49,40,46,21,30,20,44,37,38,29,8,19,27,7,33,11,2,15,4,
951,47.49177598953247,75747.10610666666,59506.438,0,26,25,14,31,22,12,9,47,34,18,23,39,1,36,6,16,45,43,41,17,3,24,10,32,13,42,35,28,5,48,49,40,46,21,30,20,44,37,38,29,8,19,27,7,33,11,2,15,4,
952,47.52882504463196,74459.48618666666,59506.438,0,26,25,14,31,22,12,9,47,34,18,23,39,1,36,6,16,45,43,41,17,3,24,10,32,13,42,35,28,5,48,49,40,46,21,30,20,44,37,38,29,8,19,27,7,33,11,2,15,4,
953,47.56682634353638,71219.84269333334,59506.438,0,26,25,14,31,22,12,9,47,34,18,23,39,1,36,6,16,45,43,41,17,3,24,10,32,13,42,35,28,5,48,49,40,46,21,30,20,44,37,38,29,8,19,27,7,33,11,2,15,4,
954,47.6067852973938,74002.12429333334,59506.438,0,26,25,14,31,22,12,9,47,34,18,23,39,1,36,6,16,45,43,41,17,3,24,10,32,13,42,35,28,5,48,49,40,46,21,30,20,44,37,38,29,8,19,27,7,33,11,2,15,4,
955,47.645782709121704,73819.77922666667,59506.438,0,26,25,14,31,22,12,9,47,34,18,23,39,1,36,6,16,45,43,41,17,3,24,10,32,13,42,35,28,5,48,49,40,46,21,30,20,44,37,38,29,8,19,27,7,33,11,2,15,4,
956,47.683746099472046,73130.45352000001,59506.438,0,26,25,14,31,22,12,9,47,34,18,23,39,1,36,6,16,45,43,41,17,3,24,10,32,13,42,35,28,5,48,49,40,46,21,30,20,44,37,38,29,8,19,27,7,33,11,2,15,4,
957,47.720787525177,71950.30709333334,59506.438,0,26,25,14,31,22,12,9,47,34,18,23,39,1,36,6,16,45,43,41,17,3,24,10,32,13,42,35,28,5,48,49,40,46,21,30,20,44,37,38,29,8,19,27,7,33,11,2,15,4,
958,47.755826234817505,72870.86661333333,59506.438,0,26,25,14,31,22,12,9,47,34,18,23,39,1,36,6,16,45,43,41,17,3,24,10,32,13,42,35,28,5,48,49,40,46,21,30,20,44,37,38,29,8,19,27,7,33,11,2,15,4,
959,47.79187846183777,73266.50581333334,59506.438,0,26,25,14,31,22,12,9,47,34,18,23,39,1,36,6,16,45,43,41,17,3,24,10,32,13,42,35,28,5,48,49,40,46,21,30,20,44,37,38,29,8,19,27,7,33,11,2,15,4,
960,47.82987666130066,72426.79293333334,59506.438,0,26,25,14,31,22,12,9,47,34,18,23,39,1,36,6,16,45,43,41,17,3,24,10,32,13,42,35,28,5,48,49,40,46,21,30,20,44,37,38,29,8,19,27,7,33,11,2,15,4,
961,47.86587643623352,73115.82029333332,59506.438,0,26,25,14,31,22,12,9,47,34,18,23,39,1,36,6,16,45,43,41,17,3,24,10,32,13,42,35,28,5,48,49,40,46,21,30,20,44,37,38,29,8,19,27,7,33,11,2,15,4,
962,47.902907848358154,73235.03026666665,59506.438,0,26,25,14,31,22,12,9,47,34,18,23,39,1,36,6,16,45,43,41,17,3,24,10,32,13,42,35,28,5,48,49,40,46,21,30,20,44,37,38,29,8,19,27,7,33,11,2,15,4,
963,47.93892049789429,72580.39405333334,59506.438,0,26,25,14,31,22,12,9,47,34,18,23,39,1,36,6,16,45,43,41,17,3,24,10,32,13,42,35,28,5,48,49,40,46,21,30,20,44,37,38,29,8,19,27,7,33,11,2,15,4,
964,47.974878787994385,71089.01002666667,59506.438,0,26,25,14,31,22,12,9,47,34,18,23,39,1,36,6,16,45,43,41,17,3,24,10,32,13,42,35,28,5,48,49,40,46,21,30,20,44,37,38,29,8,19,27,7,33,11,2,15,4,
965,48.011879205703735,72100.92722666667,59506.438,0,26,25,14,31,22,12,9,47,34,18,23,39,1,36,6,16,45,43,41,17,3,24,10,32,13,42,35,28,5,48,49,40,46,21,30,20,44,37,38,29,8,19,27,7,33,11,2,15,4,
966,48.04988098144531,73592.02762666666,59506.438,0,26,25,14,31,22,12,9,47,34,18,23,39,1,36,6,16,45,43,41,17,3,24,10,32,13,42,35,28,5,48,49,40,46,21,30,20,44,37,38,29,8,19,27,7,33,11,2,15,4,
967,48.087883710861206,74809.9212,59506.438,0,26,25,14,31,22,12,9,47,34,18,23,39,1,36,6,16,45,43,41,17,3,24,10,32,13,42,35,28,5,48,49,40,46,21,30,20,44,37,38,29,8,19,27,7,33,11,2,15,4,
968,48.1268413066864,74006.47277333333,59506.438,0,26,25,14,31,22,12,9,47,34,18,23,39,1,36,6,16,45,43,41,17,3,24,10,32,13,42,35,28,5,48,49,40,46,21,30,20,44,37,38,29,8,19,27,7,33,11,2,15,4,
969,48.166892290115356,75803.01501333332,59506.438,0,26,25,14,31,22,12,9,47,34,18,23,39,1,36,6,16,45,43,41,17,3,24,10,32,13,42,35,28,5,48,49,40,46,21,30,20,44,37,38,29,8,19,27,7,33,11,2,15,4,
970,48.20289421081543,76609.46802666667,59506.438,0,26,25,14,31,22,12,9,47,34,18,23,39,1,36,6,16,45,43,41,17,3,24,10,32,13,42,35,28,5,48,49,40,46,21,30,20,44,37,38,29,8,19,27,7,33,11,2,15,4,
971,48.23989272117615,77311.86685333334,59506.438,0,26,25,14,31,22,12,9,47,34,18,23,39,1,36,6,16,45,43,41,17,3,24,10,32,13,42,35,28,5,48,49,40,46,21,30,20,44,37,38,29,8,19,27,7,33,11,2,15,4,
972,48.276893854141235,76867.65264,59506.438,0,26,25,14,31,22,12,9,47,34,18,23,39,1,36,6,16,45,43,41,17,3,24,10,32,13,42,35,28,5,48,49,40,46,21,30,20,44,37,38,29,8,19,27,7,33,11,2,15,4,
973,48.31393480300903,76399.94018666667,59506.438,0,26,25,14,31,22,12,9,47,34,18,23,39,1,36,6,16,45,43,41,17,3,24,10,32,13,42,35,28,5,48,49,40,46,21,30,20,44,37,38,29,8,19,27,7,33,11,2,15,4,
974,48.35093426704407,75589.94509333333,59506.438,0,26,25,14,31,22,12,9,47,34,18,23,39,1,36,6,16,45,43,41,17,3,24,10,32,13,42,35,28,5,48,49,40,46,21,30,20,44,37,38,29,8,19,27,7,33,11,2,15,4,
975,48.38691782951355,76259.58656,59506.438,0,26,25,14,31,22,12,9,47,34,18,23,39,1,36,6,16,45,43,41,17,3,24,10,32,13,42,35,28,5,48,49,40,46,21,30,20,44,37,38,29,8,19,27,7,33,11,2,15,4,
976,48.42294764518738,73672.29679999998,59506.438,0,26,25,14,31,22,12,9,47,34,18,23,39,1,36,6,16,45,43,41,17,3,24,10,32,13,42,35,28,5,48,49,40,46,21,30,20,44,37,38,29,8,19,27,7,33,11,2,15,4,
977,48.460949420928955,74305.55922666666,59506.438,0,26,25,14,31,22,12,9,47,34,18,23,39,1,36,6,16,45,43,41,17,3,24,10,32,13,42,35,28,5,48,49,40,46,21,30,20,44,37,38,29,8,19,27,7,33,11,2,15,4,
978,48.499948024749756,74300.17447999999,59506.438,0,26,25,14,31,22,12,9,47,34,18,23,39,1,36,6,16,45,43,41,17,3,24,10,32,13,42,35,28,5,48,49,40,46,21,30,20,44,37,38,29,8,19,27,7,33,11,2,15,4,
979,48.53896355628967,74908.17037333333,59506.438,0,26,25,14,31,22,12,9,47,34,18,23,39,1,36,6,16,45,43,41,17,3,24,10,32,13,42,35,28,5,48,49,40,46,21,30,20,44,37,38,29,8,19,27,7,33,11,2,15,4,
980,48.57700204849243,72444.87112,59506.438,0,26,25,14,31,22,12,9,47,34,18,23,39,1,36,6,16,45,43,41,17,3,24,10,32,13,42,35,28,5,48,49,40,46,21,30,20,44,37,38,29,8,19,27,7,33,11,2,15,4,
981,48.61300182342529,72627.86744,59506.438,0,26,25,14,31,22,12,9,47,34,18,23,39,1,36,6,16,45,43,41,17,3,24,10,32,13,42,35,28,5,48,49,40,46,21,30,20,44,37,38,29,8,19,27,7,33,11,2,15,4,
982,48.65095901489258,71519.90786666666,59506.438,0,26,25,14,31,22,12,9,47,34,18,23,39,1,36,6,16,45,43,41,17,3,24,10,32,13,42,35,28,5,48,49,40,46,21,30,20,44,37,38,29,8,19,27,7,33,11,2,15,4,
983,48.68794870376587,72446.78560000002,59506.438,0,26,25,14,31,22,12,9,47,34,18,23,39,1,36,6,16,45,43,41,17,3,24,10,32,13,42,35,28,5,48,49,40,46,21,30,20,44,37,38,29,8,19,27,7,33,11,2,15,4,
984,48.72599792480469,73748.41290666666,59506.438,0,26,25,14,31,22,12,9,47,34,18,23,39,1,36,6,16,45,43,41,17,3,24,10,32,13,42,35,28,5,48,49,40,46,21,30,20,44,37,38,29,8,19,27,7,33,11,2,15,4,
985,48.76305031776428,73066.85704,59506.438,0,26,25,14,31,22,12,9,47,34,18,23,39,1,36,6,16,45,43,41,17,3,24,10,32,13,42,35,28,5,48,49,40,46,21,30,20,44,37,38,29,8,19,27,7,33,11,2,15,4,
986,48.8010516166687,74131.75413333332,59506.438,0,26,25,14,31,22,12,9,47,34,18,23,39,1,36,6,16,45,43,41,17,3,24,10,32,13,42,35,28,5,48,49,40,46,21,30,20,44,37,38,29,8,19,27,7,33,11,2,15,4,
987,48.84004878997803,74348.71887999999,59506.438,0,26,25,14,31,22,12,9,47,34,18,23,39,1,36,6,16,45,43,41,17,3,24,10,32,13,42,35,28,5,48,49,40,46,21,30,20,44,37,38,29,8,19,27,7,33,11,2,15,4,
988,48.87705183029175,75423.87213333332,59506.438,0,26,25,14,31,22,12,9,47,34,18,23,39,1,36,6,16,45,43,41,17,3,24,10,32,13,42,35,28,5,48,49,40,46,21,30,20,44,37,38,29,8,19,27,7,33,11,2,15,4,
989,48.91605019569397,76226.84439999999,59506.438,0,26,25,14,31,22,12,9,47,34,18,23,39,1,36,6,16,45,43,41,17,3,24,10,32,13,42,35,28,5,48,49,40,46,21,30,20,44,37,38,29,8,19,27,7,33,11,2,15,4,
990,48.953102350234985,75106.63055999999,59506.438,0,26,25,14,31,22,12,9,47,34,18,23,39,1,36,6,16,45,43,41,17,3,24,10,32,13,42,35,28,5,48,49,40,46,21,30,20,44,37,38,29,8,19,27,7,33,11,2,15,4,
991,48.99106550216675,73254.53648,59506.438,0,26,25,14,31,22,12,9,47,34,18,23,39,1,36,6,16,45,43,41,17,3,24,10,32,13,42,35,28,5,48,49,40,46,21,30,20,44,37,38,29,8,19,27,7,33,11,2,15,4,
992,49.02907085418701,73506.85509333332,59506.438,0,26,25,14,31,22,12,9,47,34,18,23,39,1,36,6,16,45,43,41,17,3,24,10,32,13,42,35,28,5,48,49,40,46,21,30,20,44,37,38,29,8,19,27,7,33,11,2,15,4,
993,49.06606912612915,74499.17325333333,59506.438,0,26,25,14,31,22,12,9,47,34,18,23,39,1,36,6,16,45,43,41,17,3,24,10,32,13,42,35,28,5,48,49,40,46,21,30,20,44,37,38,29,8,19,27,7,33,11,2,15,4,
994,49.103079080581665,73277.52552000001,59506.438,0,26,25,14,31,22,12,9,47,34,18,23,39,1,36,6,16,45,43,41,17,3,24,10,32,13,42,35,28,5,48,49,40,46,21,30,20,44,37,38,29,8,19,27,7,33,11,2,15,4,
995,49.14007329940796,73224.70136,59506.438,0,26,25,14,31,22,12,9,47,34,18,23,39,1,36,6,16,45,43,41,17,3,24,10,32,13,42,35,28,5,48,49,40,46,21,30,20,44,37,38,29,8,19,27,7,33,11,2,15,4,
996,49.17707347869873,74037.53952,59506.438,0,26,25,14,31,22,12,9,47,34,18,23,39,1,36,6,16,45,43,41,17,3,24,10,32,13,42,35,28,5,48,49,40,46,21,30,20,44,37,38,29,8,19,27,7,33,11,2,15,4,
997,49.215102434158325,73325.53632,59506.438,0,26,25,14,31,22,12,9,47,34,18,23,39,1,36,6,16,45,43,41,17,3,24,10,32,13,42,35,28,5,48,49,40,46,21,30,20,44,37,38,29,8,19,27,7,33,11,2,15,4,
998,49.25411510467529,74443.76274666669,59506.438,0,26,25,14,31,22,12,9,47,34,18,23,39,1,36,6,16,45,43,41,17,3,24,10,32,13,42,35,28,5,48,49,40,46,21,30,20,44,37,38,29,8,19,27,7,33,11,2,15,4,
999,51.850106954574585,75288.30589333334,59506.438,0,26,25,14,31,22,12,9,47,34,18,23,39,1,36,6,16,45,43,41,17,3,24,10,32,13,42,35,28,5,48,49,40,46,21,30,20,44,37,38,29,8,19,27,7,33,11,2,15,4,
1000,51.8870644569397,74353.08749333334,59506.438,0,26,25,14,31,22,12,9,47,34,18,23,39,1,36,6,16,45,43,41,17,3,24,10,32,13,42,35,28,5,48,49,40,46,21,30,20,44,37,38,29,8,19,27,7,33,11,2,15,4,
1001,51.92206788063049,72844.83093333333,59506.438,0,26,25,14,31,22,12,9,47,34,18,23,39,1,36,6,16,45,43,41,17,3,24,10,32,13,42,35,28,5,48,49,40,46,21,30,20,44,37,38,29,8,19,27,7,33,11,2,15,4,
1002,51.96111750602722,74212.94413333332,59506.438,0,26,25,14,31,22,12,9,47,34,18,23,39,1,36,6,16,45,43,41,17,3,24,10,32,13,42,35,28,5,48,49,40,46,21,30,20,44,37,38,29,8,19,27,7,33,11,2,15,4,
1003,52.00012016296387,68985.79221333332,59506.438,0,26,25,14,31,22,12,9,47,34,18,23,39,1,36,6,16,45,43,41,17,3,24,10,32,13,42,35,28,5,48,49,40,46,21,30,20,44,37,38,29,8,19,27,7,33,11,2,15,4,
1004,52.037118434906006,71660.97231999999,59506.438,0,26,25,14,31,22,12,9,47,34,18,23,39,1,36,6,16,45,43,41,17,3,24,10,32,13,42,35,28,5,48,49,40,46,21,30,20,44,37,38,29,8,19,27,7,33,11,2,15,4,
1005,52.07513070106506,70703.23258666665,59506.438,0,26,25,14,31,22,12,9,47,34,18,23,39,1,36,6,16,45,43,41,17,3,24,10,32,13,42,35,28,5,48,49,40,46,21,30,20,44,37,38,29,8,19,27,7,33,11,2,15,4,
1006,52.111141204833984,73326.85578666667,59506.438,0,26,25,14,31,22,12,9,47,34,18,23,39,1,36,6,16,45,43,41,17,3,24,10,32,13,42,35,28,5,48,49,40,46,21,30,20,44,37,38,29,8,19,27,7,33,11,2,15,4,
1007,52.148154973983765,73424.60472,59506.438,0,26,25,14,31,22,12,9,47,34,18,23,39,1,36,6,16,45,43,41,17,3,24,10,32,13,42,35,28,5,48,49,40,46,21,30,20,44,37,38,29,8,19,27,7,33,11,2,15,4,
1008,52.1841516494751,74676.46224000001,59506.438,0,26,25,14,31,22,12,9,47,34,18,23,39,1,36,6,16,45,43,41,17,3,24,10,32,13,42,35,28,5,48,49,40,46,21,30,20,44,37,38,29,8,19,27,7,33,11,2,15,4,
1009,52.222201347351074,71682.66021333334,59506.438,0,26,25,14,31,22,12,9,47,34,18,23,39,1,36,6,16,45,43,41,17,3,24,10,32,13,42,35,28,5,48,49,40,46,21,30,20,44,37,38,29,8,19,27,7,33,11,2,15,4,
1010,52.26020169258118,71439.71394666666,59506.438,0,26,25,14,31,22,12,9,47,34,18,23,39,1,36,6,16,45,43,41,17,3,24,10,32,13,42,35,28,5,48,49,40,46,21,30,20,44,37,38,29,8,19,27,7,33,11,2,15,4,
1011,52.30020046234131,72795.71530666667,59506.438,0,26,25,14,31,22,12,9,47,34,18,23,39,1,36,6,16,45,43,41,17,3,24,10,32,13,42,35,28,5,48,49,40,46,21,30,20,44,37,38,29,8,19,27,7,33,11,2,15,4,
1012,52.33725309371948,69867.15973333333,59506.438,0,26,25,14,31,22,12,9,47,34,18,23,39,1,36,6,16,45,43,41,17,3,24,10,32,13,42,35,28,5,48,49,40,46,21,30,20,44,37,38,29,8,19,27,7,33,11,2,15,4,
1013,52.37430381774902,70485.65885333334,59506.438,0,26,25,14,31,22,12,9,47,34,18,23,39,1,36,6,16,45,43,41,17,3,24,10,32,13,42,35,28,5,48,49,40,46,21,30,20,44,37,38,29,8,19,27,7,33,11,2,15,4,
1014,52.41330647468567,69761.28576000001,59506.438,0,26,25,14,31,22,12,9,47,34,18,23,39,1,36,6,16,45,43,41,17,3,24,10,32,13,42,35,28,5,48,49,40,46,21,30,20,44,37,38,29,8,19,27,7,33,11,2,15,4,
1015,52.45031976699829,71100.46637333333,59506.438,0,26,25,14,31,22,12,9,47,34,18,23,39,1,36,6,16,45,43,41,17,3,24,10,32,13,42,35,28,5,48,49,40,46,21,30,20,44,37,38,29,8,19,27,7,33,11,2,15,4,
1016,52.48635935783386,71266.49245333334,59506.438,0,26,25,14,31,22,12,9,47,34,18,23,39,1,36,6,16,45,43,41,17,3,24,10,32,13,42,35,28,5,48,49,40,46,21,30,20,44,37,38,29,8,19,27,7,33,11,2,15,4,
1017,52.52432298660278,70841.50306666667,59506.438,0,26,25,14,31,22,12,9,47,34,18,23,39,1,36,6,16,45,43,41,17,3,24,10,32,13,42,35,28,5,48,49,40,46,21,30,20,44,37,38,29,8,19,27,7,33,11,2,15,4,
1018,52.562286138534546,70363.22613333334,59506.438,0,26,25,14,31,22,12,9,47,34,18,23,39,1,36,6,16,45,43,41,17,3,24,10,32,13,42,35,28,5,48,49,40,46,21,30,20,44,37,38,29,8,19,27,7,33,11,2,15,4,
1019,52.59832549095154,73648.49192,59506.438,0,26,25,14,31,22,12,9,47,34,18,23,39,1,36,6,16,45,43,41,17,3,24,10,32,13,42,35,28,5,48,49,40,46,21,30,20,44,37,38,29,8,19,27,7,33,11,2,15,4,
1020,52.637364625930786,71505.69050666668,59506.438,0,26,25,14,31,22,12,9,47,34,18,23,39,1,36,6,16,45,43,41,17,3,24,10,32,13,42,35,28,5,48,49,40,46,21,30,20,44,37,38,29,8,19,27,7,33,11,2,15,4,
1021,52.674402713775635,75117.9244,59506.438,0,26,25,14,31,22,12,9,47,34,18,23,39,1,36,6,16,45,43,41,17,3,24,10,32,13,42,35,28,5,48,49,40,46,21,30,20,44,37,38,29,8,19,27,7,33,11,2,15,4,
1022,52.71244025230408,76109.68216,59506.438,0,26,25,14,31,22,12,9,47,34,18,23,39,1,36,6,16,45,43,41,17,3,24,10,32,13,42,35,28,5,48,49,40,46,21,30,20,44,37,38,29,8,19,27,7,33,11,2,15,4,
1023,52.75049185752869,76122.00186666666,59506.438,0,26,25,14,31,22,12,9,47,34,18,23,39,1,36,6,16,45,43,41,17,3,24,10,32,13,42,35,28,5,48,49,40,46,21,30,20,44,37,38,29,8,19,27,7,33,11,2,15,4,
1024,52.788493156433105,76508.79152000001,59506.438,0,26,25,14,31,22,12,9,47,34,18,23,39,1,36,6,16,45,43,41,17,3,24,10,32,13,42,35,28,5,48,49,40,46,21,30,20,44,37,38,29,8,19,27,7,33,11,2,15,4,
1025,52.82844853401184,72639.04216000001,59506.438,0,26,25,14,31,22,12,9,47,34,18,23,39,1,36,6,16,45,43,41,17,3,24,10,32,13,42,35,28,5,48,49,40,46,21,30,20,44,37,38,29,8,19,27,7,33,11,2,15,4,
1026,52.86742067337036,72253.27781333332,59506.438,0,26,25,14,31,22,12,9,47,34,18,23,39,1,36,6,16,45,43,41,17,3,24,10,32,13,42,35,28,5,48,49,40,46,21,30,20,44,37,38,29,8,19,27,7,33,11,2,15,4,
1027,52.90741515159607,69029.28386666666,59506.438,0,26,25,14,31,22,12,9,47,34,18,23,39,1,36,6,16,45,43,41,17,3,24,10,32,13,42,35,28,5,48,49,40,46,21,30,20,44,37,38,29,8,19,27,7,33,11,2,15,4,
1028,52.94441533088684,67495.86157333331,59506.438,0,26,25,14,31,22,12,9,47,34,18,23,39,1,36,6,16,45,43,41,17,3,24,10,32,13,42,35,28,5,48,49,40,46,21,30,20,44,37,38,29,8,19,27,7,33,11,2,15,4,
1029,52.98141121864319,70397.59138666667,59506.438,0,26,25,14,31,22,12,9,47,34,18,23,39,1,36,6,16,45,43,41,17,3,24,10,32,13,42,35,28,5,48,49,40,46,21,30,20,44,37,38,29,8,19,27,7,33,11,2,15,4,
1030,53.01742100715637,70847.28685333331,59506.438,0,26,25,14,31,22,12,9,47,34,18,23,39,1,36,6,16,45,43,41,17,3,24,10,32,13,42,35,28,5,48,49,40,46,21,30,20,44,37,38,29,8,19,27,7,33,11,2,15,4,
1031,53.05542230606079,69813.31773333332,59506.438,0,26,25,14,31,22,12,9,47,34,18,23,39,1,36,6,16,45,43,41,17,3,24,10,32,13,42,35,28,5,48,49,40,46,21,30,20,44,37,38,29,8,19,27,7,33,11,2,15,4,
1032,53.093419790267944,69559.08021333332,59506.438,0,26,25,14,31,22,12,9,47,34,18,23,39,1,36,6,16,45,43,41,17,3,24,10,32,13,42,35,28,5,48,49,40,46,21,30,20,44,37,38,29,8,19,27,7,33,11,2,15,4,
1033,53.13137912750244,68803.85634666665,59506.438,0,26,25,14,31,22,12,9,47,34,18,23,39,1,36,6,16,45,43,41,17,3,24,10,32,13,42,35,28,5,48,49,40,46,21,30,20,44,37,38,29,8,19,27,7,33,11,2,15,4,
1034,53.16741371154785,70735.58183999998,59506.438,0,26,25,14,31,22,12,9,47,34,18,23,39,1,36,6,16,45,43,41,17,3,24,10,32,13,42,35,28,5,48,49,40,46,21,30,20,44,37,38,29,8,19,27,7,33,11,2,15,4,
1035,53.20445370674133,73079.83202666667,59506.438,0,26,25,14,31,22,12,9,47,34,18,23,39,1,36,6,16,45,43,41,17,3,24,10,32,13,42,35,28,5,48,49,40,46,21,30,20,44,37,38,29,8,19,27,7,33,11,2,15,4,
1036,53.242451429367065,71295.74925333333,59506.438,0,26,25,14,31,22,12,9,47,34,18,23,39,1,36,6,16,45,43,41,17,3,24,10,32,13,42,35,28,5,48,49,40,46,21,30,20,44,37,38,29,8,19,27,7,33,11,2,15,4,
1037,53.28541541099548,70368.20610666668,59506.438,0,26,25,14,31,22,12,9,47,34,18,23,39,1,36,6,16,45,43,41,17,3,24,10,32,13,42,35,28,5,48,49,40,46,21,30,20,44,37,38,29,8,19,27,7,33,11,2,15,4,
1038,53.3224196434021,70307.79298666668,59506.438,0,26,25,14,31,22,12,9,47,34,18,23,39,1,36,6,16,45,43,41,17,3,24,10,32,13,42,35,28,5,48,49,40,46,21,30,20,44,37,38,29,8,19,27,7,33,11,2,15,4,
1039,53.36047124862671,71692.04706666667,59506.438,0,26,25,14,31,22,12,9,47,34,18,23,39,1,36,6,16,45,43,41,17,3,24,10,32,13,42,35,28,5,48,49,40,46,21,30,20,44,37,38,29,8,19,27,7,33,11,2,15,4,
1040,53.39751052856445,72611.81069333333,59506.438,0,26,25,14,31,22,12,9,47,34,18,23,39,1,36,6,16,45,43,41,17,3,24,10,32,13,42,35,28,5,48,49,40,46,21,30,20,44,37,38,29,8,19,27,7,33,11,2,15,4,
1041,53.437044620513916,73189.51288,59506.438,0,26,25,14,31,22,12,9,47,34,18,23,39,1,36,6,16,45,43,41,17,3,24,10,32,13,42,35,28,5,48,49,40,46,21,30,20,44,37,38,29,8,19,27,7,33,11,2,15,4,
1042,53.475040674209595,73974.73031999999,59506.438,0,26,25,14,31,22,12,9,47,34,18,23,39,1,36,6,16,45,43,41,17,3,24,10,32,13,42,35,28,5,48,49,40,46,21,30,20,44,37,38,29,8,19,27,7,33,11,2,15,4,
1043,53.51304030418396,76009.54021333333,59506.438,0,26,25,14,31,22,12,9,47,34,18,23,39,1,36,6,16,45,43,41,17,3,24,10,32,13,42,35,28,5,48,49,40,46,21,30,20,44,37,38,29,8,19,27,7,33,11,2,15,4,
1044,53.55001425743103,77219.76458666666,59506.438,0,26,25,14,31,22,12,9,47,34,18,23,39,1,36,6,16,45,43,41,17,3,24,10,32,13,42,35,28,5,48,49,40,46,21,30,20,44,37,38,29,8,19,27,7,33,11,2,15,4,
1045,53.585973262786865,78048.69138666667,59506.438,0,26,25,14,31,22,12,9,47,34,18,23,39,1,36,6,16,45,43,41,17,3,24,10,32,13,42,35,28,5,48,49,40,46,21,30,20,44,37,38,29,8,19,27,7,33,11,2,15,4,
1046,53.62502861022949,75218.19786666665,59506.438,0,26,25,14,31,22,12,9,47,34,18,23,39,1,36,6,16,45,43,41,17,3,24,10,32,13,42,35,28,5,48,49,40,46,21,30,20,44,37,38,29,8,19,27,7,33,11,2,15,4,
1047,53.66399168968201,75762.13736000001,59506.438,0,26,25,14,31,22,12,9,47,34,18,23,39,1,36,6,16,45,43,41,17,3,24,10,32,13,42,35,28,5,48,49,40,46,21,30,20,44,37,38,29,8,19,27,7,33,11,2,15,4,
1048,53.69999384880066,74863.59837333334,59506.438,0,26,25,14,31,22,12,9,47,34,18,23,39,1,36,6,16,45,43,41,17,3,24,10,32,13,42,35,28,5,48,49,40,46,21,30,20,44,37,38,29,8,19,27,7,33,11,2,15,4,
1049,53.73995494842529,73976.69615999999,59506.438,0,26,25,14,31,22,12,9,47,34,18,23,39,1,36,6,16,45,43,41,17,3,24,10,32,13,42,35,28,5,48,49,40,46,21,30,20,44,37,38,29,8,19,27,7,33,11,2,15,4,
1050,53.778955698013306,75380.97922666666,59506.438,0,26,25,14,31,22,12,9,47,34,18,23,39,1,36,6,16,45,43,41,17,3,24,10,32,13,42,35,28,5,48,49,40,46,21,30,20,44,37,38,29,8,19,27,7,33,11,2,15,4,
1051,53.81795573234558,77899.47631999999,59506.438,0,26,25,14,31,22,12,9,47,34,18,23,39,1,36,6,16,45,43,41,17,3,24,10,32,13,42,35,28,5,48,49,40,46,21,30,20,44,37,38,29,8,19,27,7,33,11,2,15,4,
1052,53.85399532318115,75759.37325333334,59506.438,0,26,25,14,31,22,12,9,47,34,18,23,39,1,36,6,16,45,43,41,17,3,24,10,32,13,42,35,28,5,48,49,40,46,21,30,20,44,37,38,29,8,19,27,7,33,11,2,15,4,
1053,53.89195966720581,76203.93322666668,59506.438,0,26,25,14,31,22,12,9,47,34,18,23,39,1,36,6,16,45,43,41,17,3,24,10,32,13,42,35,28,5,48,49,40,46,21,30,20,44,37,38,29,8,19,27,7,33,11,2,15,4,
1054,53.9279944896698,72837.50656000002,59506.438,0,26,25,14,31,22,12,9,47,34,18,23,39,1,36,6,16,45,43,41,17,3,24,10,32,13,42,35,28,5,48,49,40,46,21,30,20,44,37,38,29,8,19,27,7,33,11,2,15,4,
1055,53.963995695114136,72413.42570666668,59506.438,0,26,25,14,31,22,12,9,47,34,18,23,39,1,36,6,16,45,43,41,17,3,24,10,32,13,42,35,28,5,48,49,40,46,21,30,20,44,37,38,29,8,19,27,7,33,11,2,15,4,
1056,54.00395607948303,73135.89976,59506.438,0,26,25,14,31,22,12,9,47,34,18,23,39,1,36,6,16,45,43,41,17,3,24,10,32,13,42,35,28,5,48,49,40,46,21,30,20,44,37,38,29,8,19,27,7,33,11,2,15,4,
1057,54.04295468330383,74012.80856000002,59506.438,0,26,25,14,31,22,12,9,47,34,18,23,39,1,36,6,16,45,43,41,17,3,24,10,32,13,42,35,28,5,48,49,40,46,21,30,20,44,37,38,29,8,19,27,7,33,11,2,15,4,
1058,54.07995319366455,75590.46810666667,59506.438,0,26,25,14,31,22,12,9,47,34,18,23,39,1,36,6,16,45,43,41,17,3,24,10,32,13,42,35,28,5,48,49,40,46,21,30,20,44,37,38,29,8,19,27,7,33,11,2,15,4,
1059,54.11794948577881,74936.16205333333,59506.438,0,26,25,14,31,22,12,9,47,34,18,23,39,1,36,6,16,45,43,41,17,3,24,10,32,13,42,35,28,5,48,49,40,46,21,30,20,44,37,38,29,8,19,27,7,33,11,2,15,4,
1060,54.15798282623291,74639.30848,59506.438,0,26,25,14,31,22,12,9,47,34,18,23,39,1,36,6,16,45,43,41,17,3,24,10,32,13,42,35,28,5,48,49,40,46,21,30,20,44,37,38,29,8,19,27,7,33,11,2,15,4,
1061,54.19599461555481,74288.98032,59506.438,0,26,25,14,31,22,12,9,47,34,18,23,39,1,36,6,16,45,43,41,17,3,24,10,32,13,42,35,28,5,48,49,40,46,21,30,20,44,37,38,29,8,19,27,7,33,11,2,15,4,
1062,54.23402643203735,73304.10192,59506.438,0,26,25,14,31,22,12,9,47,34,18,23,39,1,36,6,16,45,43,41,17,3,24,10,32,13,42,35,28,5,48,49,40,46,21,30,20,44,37,38,29,8,19,27,7,33,11,2,15,4,
1063,54.27205538749695,74966.31034666667,59506.438,0,26,25,14,31,22,12,9,47,34,18,23,39,1,36,6,16,45,43,41,17,3,24,10,32,13,42,35,28,5,48,49,40,46,21,30,20,44,37,38,29,8,19,27,7,33,11,2,15,4,
1064,54.310057401657104,74776.44168000002,59506.438,0,26,25,14,31,22,12,9,47,34,18,23,39,1,36,6,16,45,43,41,17,3,24,10,32,13,42,35,28,5,48,49,40,46,21,30,20,44,37,38,29,8,19,27,7,33,11,2,15,4,
1065,54.34905958175659,77758.09786666668,59506.438,0,26,25,14,31,22,12,9,47,34,18,23,39,1,36,6,16,45,43,41,17,3,24,10,32,13,42,35,28,5,48,49,40,46,21,30,20,44,37,38,29,8,19,27,7,33,11,2,15,4,
1066,54.38705778121948,76832.71882666669,59506.438,0,26,25,14,31,22,12,9,47,34,18,23,39,1,36,6,16,45,43,41,17,3,24,10,32,13,42,35,28,5,48,49,40,46,21,30,20,44,37,38,29,8,19,27,7,33,11,2,15,4,
1067,54.426021337509155,76033.27288000002,59506.438,0,26,25,14,31,22,12,9,47,34,18,23,39,1,36,6,16,45,43,41,17,3,24,10,32,13,42,35,28,5,48,49,40,46,21,30,20,44,37,38,29,8,19,27,7,33,11,2,15,4,
1068,54.46307182312012,74702.72938666667,59506.438,0,26,25,14,31,22,12,9,47,34,18,23,39,1,36,6,16,45,43,41,17,3,24,10,32,13,42,35,28,5,48,49,40,46,21,30,20,44,37,38,29,8,19,27,7,33,11,2,15,4,
1069,54.49902105331421,73456.62925333333,59506.438,0,26,25,14,31,22,12,9,47,34,18,23,39,1,36,6,16,45,43,41,17,3,24,10,32,13,42,35,28,5,48,49,40,46,21,30,20,44,37,38,29,8,19,27,7,33,11,2,15,4,
1070,54.535977602005005,73601.38314666667,59506.438,0,26,25,14,31,22,12,9,47,34,18,23,39,1,36,6,16,45,43,41,17,3,24,10,32,13,42,35,28,5,48,49,40,46,21,30,20,44,37,38,29,8,19,27,7,33,11,2,15,4,
1071,54.57597756385803,75337.22605333335,59506.438,0,26,25,14,31,22,12,9,47,34,18,23,39,1,36,6,16,45,43,41,17,3,24,10,32,13,42,35,28,5,48,49,40,46,21,30,20,44,37,38,29,8,19,27,7,33,11,2,15,4,
1072,54.612937211990356,75183.19432000001,59506.438,0,26,25,14,31,22,12,9,47,34,18,23,39,1,36,6,16,45,43,41,17,3,24,10,32,13,42,35,28,5,48,49,40,46,21,30,20,44,37,38,29,8,19,27,7,33,11,2,15,4,
1073,54.65198087692261,75905.41688,59506.438,0,26,25,14,31,22,12,9,47,34,18,23,39,1,36,6,16,45,43,41,17,3,24,10,32,13,42,35,28,5,48,49,40,46,21,30,20,44,37,38,29,8,19,27,7,33,11,2,15,4,
1074,54.691980600357056,75476.79165333333,59506.438,0,26,25,14,31,22,12,9,47,34,18,23,39,1,36,6,16,45,43,41,17,3,24,10,32,13,42,35,28,5,48,49,40,46,21,30,20,44,37,38,29,8,19,27,7,33,11,2,15,4,
1075,54.73097610473633,76785.22394666667,59372.06800000001,0,25,14,31,22,12,9,47,34,18,23,39,1,36,6,16,45,43,41,17,3,24,10,32,13,42,35,28,5,48,49,40,46,21,30,20,44,37,38,29,8,19,27,7,33,11,2,15,26,4,
1076,54.77000856399536,77900.61712,59372.06800000001,0,25,14,31,22,12,9,47,34,18,23,39,1,36,6,16,45,43,41,17,3,24,10,32,13,42,35,28,5,48,49,40,46,21,30,20,44,37,38,29,8,19,27,7,33,11,2,15,26,4,
1077,54.80901265144348,78015.00170666668,59372.06800000001,0,25,14,31,22,12,9,47,34,18,23,39,1,36,6,16,45,43,41,17,3,24,10,32,13,42,35,28,5,48,49,40,46,21,30,20,44,37,38,29,8,19,27,7,33,11,2,15,26,4,
1078,54.84802722930908,81144.55896000001,59372.06800000001,0,25,14,31,22,12,9,47,34,18,23,39,1,36,6,16,45,43,41,17,3,24,10,32,13,42,35,28,5,48,49,40,46,21,30,20,44,37,38,29,8,19,27,7,33,11,2,15,26,4,
1079,54.88508057594299,72601.79032,59372.06800000001,0,25,14,31,22,12,9,47,34,18,23,39,1,36,6,16,45,43,41,17,3,24,10,32,13,42,35,28,5,48,49,40,46,21,30,20,44,37,38,29,8,19,27,7,33,11,2,15,26,4,
1080,54.92107820510864,69345.10141333332,59372.06800000001,0,25,14,31,22,12,9,47,34,18,23,39,1,36,6,16,45,43,41,17,3,24,10,32,13,42,35,28,5,48,49,40,46,21,30,20,44,37,38,29,8,19,27,7,33,11,2,15,26,4,
1081,54.96207785606384,68984.37584000001,59372.06800000001,0,25,14,31,22,12,9,47,34,18,23,39,1,36,6,16,45,43,41,17,3,24,10,32,13,42,35,28,5,48,49,40,46,21,30,20,44,37,38,29,8,19,27,7,33,11,2,15,26,4,
1082,55.00005865097046,70760.89061333335,59372.06800000001,0,25,14,31,22,12,9,47,34,18,23,39,1,36,6,16,45,43,41,17,3,24,10,32,13,42,35,28,5,48,49,40,46,21,30,20,44,37,38,29,8,19,27,7,33,11,2,15,26,4,
1083,55.040099143981934,72523.41621333334,59372.06800000001,0,25,14,31,22,12,9,47,34,18,23,39,1,36,6,16,45,43,41,17,3,24,10,32,13,42,35,28,5,48,49,40,46,21,30,20,44,37,38,29,8,19,27,7,33,11,2,15,26,4,
1084,55.07611393928528,76688.78845333336,59372.06800000001,0,25,14,31,22,12,9,47,34,18,23,39,1,36,6,16,45,43,41,17,3,24,10,32,13,42,35,28,5,48,49,40,46,21,30,20,44,37,38,29,8,19,27,7,33,11,2,15,26,4,
1085,55.11607480049133,76216.34725333334,59372.06800000001,0,25,14,31,22,12,9,47,34,18,23,39,1,36,6,16,45,43,41,17,3,24,10,32,13,42,35,28,5,48,49,40,46,21,30,20,44,37,38,29,8,19,27,7,33,11,2,15,26,4,
1086,55.154069662094116,76553.29693333335,59372.06800000001,0,25,14,31,22,12,9,47,34,18,23,39,1,36,6,16,45,43,41,17,3,24,10,32,13,42,35,28,5,48,49,40,46,21,30,20,44,37,38,29,8,19,27,7,33,11,2,15,26,4,
1087,55.1921067237854,75488.56821333333,59372.06800000001,0,25,14,31,22,12,9,47,34,18,23,39,1,36,6,16,45,43,41,17,3,24,10,32,13,42,35,28,5,48,49,40,46,21,30,20,44,37,38,29,8,19,27,7,33,11,2,15,26,4,
1088,55.229105710983276,76386.01810666668,59372.06800000001,0,25,14,31,22,12,9,47,34,18,23,39,1,36,6,16,45,43,41,17,3,24,10,32,13,42,35,28,5,48,49,40,46,21,30,20,44,37,38,29,8,19,27,7,33,11,2,15,26,4,
1089,55.26606369018555,75376.47746666666,59372.06800000001,0,25,14,31,22,12,9,47,34,18,23,39,1,36,6,16,45,43,41,17,3,24,10,32,13,42,35,28,5,48,49,40,46,21,30,20,44,37,38,29,8,19,27,7,33,11,2,15,26,4,
1090,55.30406427383423,74751.64296000001,59372.06800000001,0,25,14,31,22,12,9,47,34,18,23,39,1,36,6,16,45,43,41,17,3,24,10,32,13,42,35,28,5,48,49,40,46,21,30,20,44,37,38,29,8,19,27,7,33,11,2,15,26,4,
1091,55.34110379219055,75938.99416,59372.06800000001,0,25,14,31,22,12,9,47,34,18,23,39,1,36,6,16,45,43,41,17,3,24,10,32,13,42,35,28,5,48,49,40,46,21,30,20,44,37,38,29,8,19,27,7,33,11,2,15,26,4,
1092,55.37711524963379,74562.51357333334,59372.06800000001,0,25,14,31,22,12,9,47,34,18,23,39,1,36,6,16,45,43,41,17,3,24,10,32,13,42,35,28,5,48,49,40,46,21,30,20,44,37,38,29,8,19,27,7,33,11,2,15,26,4,
1093,55.41411304473877,73346.06440000002,59372.06800000001,0,25,14,31,22,12,9,47,34,18,23,39,1,36,6,16,45,43,41,17,3,24,10,32,13,42,35,28,5,48,49,40,46,21,30,20,44,37,38,29,8,19,27,7,33,11,2,15,26,4,
1094,55.45111155509949,73735.36864000002,59372.06800000001,0,25,14,31,22,12,9,47,34,18,23,39,1,36,6,16,45,43,41,17,3,24,10,32,13,42,35,28,5,48,49,40,46,21,30,20,44,37,38,29,8,19,27,7,33,11,2,15,26,4,
1095,55.489110708236694,73227.12197333333,59372.06800000001,0,25,14,31,22,12,9,47,34,18,23,39,1,36,6,16,45,43,41,17,3,24,10,32,13,42,35,28,5,48,49,40,46,21,30,20,44,37,38,29,8,19,27,7,33,11,2,15,26,4,
1096,55.528143644332886,72669.58746666668,59372.06800000001,0,25,14,31,22,12,9,47,34,18,23,39,1,36,6,16,45,43,41,17,3,24,10,32,13,42,35,28,5,48,49,40,46,21,30,20,44,37,38,29,8,19,27,7,33,11,2,15,26,4,
1097,55.56714367866516,72791.95317333333,59372.06800000001,0,25,14,31,22,12,9,47,34,18,23,39,1,36,6,16,45,43,41,17,3,24,10,32,13,42,35,28,5,48,49,40,46,21,30,20,44,37,38,29,8,19,27,7,33,11,2,15,26,4,
1098,55.60410261154175,70786.06186666667,59372.06800000001,0,25,14,31,22,12,9,47,34,18,23,39,1,36,6,16,45,43,41,17,3,24,10,32,13,42,35,28,5,48,49,40,46,21,30,20,44,37,38,29,8,19,27,7,33,11,2,15,26,4,
1099,55.64106559753418,69556.16781333333,59372.06800000001,0,25,14,31,22,12,9,47,34,18,23,39,1,36,6,16,45,43,41,17,3,24,10,32,13,42,35,28,5,48,49,40,46,21,30,20,44,37,38,29,8,19,27,7,33,11,2,15,26,4,
1100,55.68303418159485,69656.68896,59372.06800000001,0,25,14,31,22,12,9,47,34,18,23,39,1,36,6,16,45,43,41,17,3,24,10,32,13,42,35,28,5,48,49,40,46,21,30,20,44,37,38,29,8,19,27,7,33,11,2,15,26,4,
1101,55.72003364562988,75674.97834666667,59372.06800000001,0,25,14,31,22,12,9,47,34,18,23,39,1,36,6,16,45,43,41,17,3,24,10,32,13,42,35,28,5,48,49,40,46,21,30,20,44,37,38,29,8,19,27,7,33,11,2,15,26,4,
1102,55.75799250602722,70433.41016,59372.06800000001,0,25,14,31,22,12,9,47,34,18,23,39,1,36,6,16,45,43,41,17,3,24,10,32,13,42,35,28,5,48,49,40,46,21,30,20,44,37,38,29,8,19,27,7,33,11,2,15,26,4,
1103,55.79595637321472,71072.89632,59372.06800000001,0,25,14,31,22,12,9,47,34,18,23,39,1,36,6,16,45,43,41,17,3,24,10,32,13,42,35,28,5,48,49,40,46,21,30,20,44,37,38,29,8,19,27,7,33,11,2,15,26,4,
1104,55.83195471763611,71220.04674666667,59372.06800000001,0,25,14,31,22,12,9,47,34,18,23,39,1,36,6,16,45,43,41,17,3,24,10,32,13,42,35,28,5,48,49,40,46,21,30,20,44,37,38,29,8,19,27,7,33,11,2,15,26,4,
1105,55.86895179748535,71071.84402666667,59372.06800000001,0,25,14,31,22,12,9,47,34,18,23,39,1,36,6,16,45,43,41,17,3,24,10,32,13,42,35,28,5,48,49,40,46,21,30,20,44,37,38,29,8,19,27,7,33,11,2,15,26,4,
1106,55.90695142745972,72010.08898666665,59372.06800000001,0,25,14,31,22,12,9,47,34,18,23,39,1,36,6,16,45,43,41,17,3,24,10,32,13,42,35,28,5,48,49,40,46,21,30,20,44,37,38,29,8,19,27,7,33,11,2,15,26,4,
1107,55.94498133659363,71452.39383999999,59372.06800000001,0,25,14,31,22,12,9,47,34,18,23,39,1,36,6,16,45,43,41,17,3,24,10,32,13,42,35,28,5,48,49,40,46,21,30,20,44,37,38,29,8,19,27,7,33,11,2,15,26,4,
1108,55.98294234275818,72909.38274666667,59372.06800000001,0,25,14,31,22,12,9,47,34,18,23,39,1,36,6,16,45,43,41,17,3,24,10,32,13,42,35,28,5,48,49,40,46,21,30,20,44,37,38,29,8,19,27,7,33,11,2,15,26,4,
1109,56.021939277648926,72731.92568,59372.06800000001,0,25,14,31,22,12,9,47,34,18,23,39,1,36,6,16,45,43,41,17,3,24,10,32,13,42,35,28,5,48,49,40,46,21,30,20,44,37,38,29,8,19,27,7,33,11,2,15,26,4,
1110,56.058887243270874,72568.77930666666,59372.06800000001,0,25,14,31,22,12,9,47,34,18,23,39,1,36,6,16,45,43,41,17,3,24,10,32,13,42,35,28,5,48,49,40,46,21,30,20,44,37,38,29,8,19,27,7,33,11,2,15,26,4,
1111,56.09888410568237,73994.08285333334,59372.06800000001,0,25,14,31,22,12,9,47,34,18,23,39,1,36,6,16,45,43,41,17,3,24,10,32,13,42,35,28,5,48,49,40,46,21,30,20,44,37,38,29,8,19,27,7,33,11,2,15,26,4,
1112,56.1358962059021,74499.05181333334,59372.06800000001,0,25,14,31,22,12,9,47,34,18,23,39,1,36,6,16,45,43,41,17,3,24,10,32,13,42,35,28,5,48,49,40,46,21,30,20,44,37,38,29,8,19,27,7,33,11,2,15,26,4,
1113,56.17385411262512,72123.44533333334,59372.06800000001,0,25,14,31,22,12,9,47,34,18,23,39,1,36,6,16,45,43,41,17,3,24,10,32,13,42,35,28,5,48,49,40,46,21,30,20,44,37,38,29,8,19,27,7,33,11,2,15,26,4,
1114,56.208850383758545,72340.22410666668,59372.06800000001,0,25,14,31,22,12,9,47,34,18,23,39,1,36,6,16,45,43,41,17,3,24,10,32,13,42,35,28,5,48,49,40,46,21,30,20,44,37,38,29,8,19,27,7,33,11,2,15,26,4,
1115,56.24488925933838,74076.44848,59372.06800000001,0,25,14,31,22,12,9,47,34,18,23,39,1,36,6,16,45,43,41,17,3,24,10,32,13,42,35,28,5,48,49,40,46,21,30,20,44,37,38,29,8,19,27,7,33,11,2,15,26,4,
1116,56.28088855743408,74150.87981333333,59372.06800000001,0,25,14,31,22,12,9,47,34,18,23,39,1,36,6,16,45,43,41,17,3,24,10,32,13,42,35,28,5,48,49,40,46,21,30,20,44,37,38,29,8,19,27,7,33,11,2,15,26,4,
1117,56.318848609924316,74290.79552000001,59372.06800000001,0,25,14,31,22,12,9,47,34,18,23,39,1,36,6,16,45,43,41,17,3,24,10,32,13,42,35,28,5,48,49,40,46,21,30,20,44,37,38,29,8,19,27,7,33,11,2,15,26,4,
1118,56.356849908828735,72680.72466666668,59372.06800000001,0,25,14,31,22,12,9,47,34,18,23,39,1,36,6,16,45,43,41,17,3,24,10,32,13,42,35,28,5,48,49,40,46,21,30,20,44,37,38,29,8,19,27,7,33,11,2,15,26,4,
1119,56.393847942352295,73122.54693333335,59372.06800000001,0,25,14,31,22,12,9,47,34,18,23,39,1,36,6,16,45,43,41,17,3,24,10,32,13,42,35,28,5,48,49,40,46,21,30,20,44,37,38,29,8,19,27,7,33,11,2,15,26,4,
1120,56.43288731575012,73996.39698666667,59372.06800000001,0,25,14,31,22,12,9,47,34,18,23,39,1,36,6,16,45,43,41,17,3,24,10,32,13,42,35,28,5,48,49,40,46,21,30,20,44,37,38,29,8,19,27,7,33,11,2,15,26,4,
1121,56.47088599205017,73562.13119999999,59372.06800000001,0,25,14,31,22,12,9,47,34,18,23,39,1,36,6,16,45,43,41,17,3,24,10,32,13,42,35,28,5,48,49,40,46,21,30,20,44,37,38,29,8,19,27,7,33,11,2,15,26,4,
1122,56.508923053741455,81726.17725333333,59372.06800000001,0,25,14,31,22,12,9,47,34,18,23,39,1,36,6,16,45,43,41,17,3,24,10,32,13,42,35,28,5,48,49,40,46,21,30,20,44,37,38,29,8,19,27,7,33,11,2,15,26,4,
1123,56.54888582229614,70746.41349333334,59372.06800000001,0,25,14,31,22,12,9,47,34,18,23,39,1,36,6,16,45,43,41,17,3,24,10,32,13,42,35,28,5,48,49,40,46,21,30,20,44,37,38,29,8,19,27,7,33,11,2,15,26,4,
1124,56.58693027496338,70934.87738666667,59372.06800000001,0,25,14,31,22,12,9,47,34,18,23,39,1,36,6,16,45,43,41,17,3,24,10,32,13,42,35,28,5,48,49,40,46,21,30,20,44,37,38,29,8,19,27,7,33,11,2,15,26,4,
1125,56.625930070877075,74218.02309333334,59372.06800000001,0,25,14,31,22,12,9,47,34,18,23,39,1,36,6,16,45,43,41,17,3,24,10,32,13,42,35,28,5,48,49,40,46,21,30,20,44,37,38,29,8,19,27,7,33,11,2,15,26,4,
1126,56.66296935081482,75768.47437333335,59372.06800000001,0,25,14,31,22,12,9,47,34,18,23,39,1,36,6,16,45,43,41,17,3,24,10,32,13,42,35,28,5,48,49,40,46,21,30,20,44,37,38,29,8,19,27,7,33,11,2,15,26,4,
1127,56.69997048377991,74373.51781333334,59372.06800000001,0,25,14,31,22,12,9,47,34,18,23,39,1,36,6,16,45,43,41,17,3,24,10,32,13,42,35,28,5,48,49,40,46,21,30,20,44,37,38,29,8,19,27,7,33,11,2,15,26,4,
1128,56.73498034477234,73334.88824000001,59372.06800000001,0,25,14,31,22,12,9,47,34,18,23,39,1,36,6,16,45,43,41,17,3,24,10,32,13,42,35,28,5,48,49,40,46,21,30,20,44,37,38,29,8,19,27,7,33,11,2,15,26,4,
1129,56.77103066444397,71216.59701333335,59372.06800000001,0,25,14,31,22,12,9,47,34,18,23,39,1,36,6,16,45,43,41,17,3,24,10,32,13,42,35,28,5,48,49,40,46,21,30,20,44,37,38,29,8,19,27,7,33,11,2,15,26,4,
1130,56.81108331680298,71676.72218666668,59372.06800000001,0,25,14,31,22,12,9,47,34,18,23,39,1,36,6,16,45,43,41,17,3,24,10,32,13,42,35,28,5,48,49,40,46,21,30,20,44,37,38,29,8,19,27,7,33,11,2,15,26,4,
1131,56.85003900527954,73602.62994666667,59372.06800000001,0,25,14,31,22,12,9,47,34,18,23,39,1,36,6,16,45,43,41,17,3,24,10,32,13,42,35,28,5,48,49,40,46,21,30,20,44,37,38,29,8,19,27,7,33,11,2,15,26,4,
1132,56.88608741760254,71286.09973333334,59372.06800000001,0,25,14,31,22,12,9,47,34,18,23,39,1,36,6,16,45,43,41,17,3,24,10,32,13,42,35,28,5,48,49,40,46,21,30,20,44,37,38,29,8,19,27,7,33,11,2,15,26,4,
1133,56.922048807144165,71242.38936,59372.06800000001,0,25,14,31,22,12,9,47,34,18,23,39,1,36,6,16,45,43,41,17,3,24,10,32,13,42,35,28,5,48,49,40,46,21,30,20,44,37,38,29,8,19,27,7,33,11,2,15,26,4,
1134,56.960044860839844,70958.30962666668,59372.06800000001,0,25,14,31,22,12,9,47,34,18,23,39,1,36,6,16,45,43,41,17,3,24,10,32,13,42,35,28,5,48,49,40,46,21,30,20,44,37,38,29,8,19,27,7,33,11,2,15,26,4,
1135,57.00004482269287,71467.46922666668,59372.06800000001,0,25,14,31,22,12,9,47,34,18,23,39,1,36,6,16,45,43,41,17,3,24,10,32,13,42,35,28,5,48,49,40,46,21,30,20,44,37,38,29,8,19,27,7,33,11,2,15,26,4,
1136,57.03604340553284,73699.16986666666,59372.06800000001,0,25,14,31,22,12,9,47,34,18,23,39,1,36,6,16,45,43,41,17,3,24,10,32,13,42,35,28,5,48,49,40,46,21,30,20,44,37,38,29,8,19,27,7,33,11,2,15,26,4,
1137,57.07204484939575,73690.62826666668,59372.06800000001,0,25,14,31,22,12,9,47,34,18,23,39,1,36,6,16,45,43,41,17,3,24,10,32,13,42,35,28,5,48,49,40,46,21,30,20,44,37,38,29,8,19,27,7,33,11,2,15,26,4,
1138,57.109007358551025,74580.4596,59372.06800000001,0,25,14,31,22,12,9,47,34,18,23,39,1,36,6,16,45,43,41,17,3,24,10,32,13,42,35,28,5,48,49,40,46,21,30,20,44,37,38,29,8,19,27,7,33,11,2,15,26,4,
1139,57.14804673194885,73782.70482666667,59372.06800000001,0,25,14,31,22,12,9,47,34,18,23,39,1,36,6,16,45,43,41,17,3,24,10,32,13,42,35,28,5,48,49,40,46,21,30,20,44,37,38,29,8,19,27,7,33,11,2,15,26,4,
1140,57.18500995635986,75503.18370666666,59372.06800000001,0,25,14,31,22,12,9,47,34,18,23,39,1,36,6,16,45,43,41,17,3,24,10,32,13,42,35,28,5,48,49,40,46,21,30,20,44,37,38,29,8,19,27,7,33,11,2,15,26,4,
1141,57.223055362701416,74476.68933333333,59372.06800000001,0,25,14,31,22,12,9,47,34,18,23,39,1,36,6,16,45,43,41,17,3,24,10,32,13,42,35,28,5,48,49,40,46,21,30,20,44,37,38,29,8,19,27,7,33,11,2,15,26,4,
1142,57.26006579399109,76861.81778666667,59372.06800000001,0,25,14,31,22,12,9,47,34,18,23,39,1,36,6,16,45,43,41,17,3,24,10,32,13,42,35,28,5,48,49,40,46,21,30,20,44,37,38,29,8,19,27,7,33,11,2,15,26,4,
1143,57.297120094299316,74008.83714666666,59372.06800000001,0,25,14,31,22,12,9,47,34,18,23,39,1,36,6,16,45,43,41,17,3,24,10,32,13,42,35,28,5,48,49,40,46,21,30,20,44,37,38,29,8,19,27,7,33,11,2,15,26,4,
1144,57.33715581893921,74112.25754666667,59372.06800000001,0,25,14,31,22,12,9,47,34,18,23,39,1,36,6,16,45,43,41,17,3,24,10,32,13,42,35,28,5,48,49,40,46,21,30,20,44,37,38,29,8,19,27,7,33,11,2,15,26,4,
1145,57.377159118652344,76056.00551999999,59372.06800000001,0,25,14,31,22,12,9,47,34,18,23,39,1,36,6,16,45,43,41,17,3,24,10,32,13,42,35,28,5,48,49,40,46,21,30,20,44,37,38,29,8,19,27,7,33,11,2,15,26,4,
1146,57.416157722473145,75046.53522666666,59372.06800000001,0,25,14,31,22,12,9,47,34,18,23,39,1,36,6,16,45,43,41,17,3,24,10,32,13,42,35,28,5,48,49,40,46,21,30,20,44,37,38,29,8,19,27,7,33,11,2,15,26,4,
1147,57.45515847206116,73305.00754666666,59372.06800000001,0,25,14,31,22,12,9,47,34,18,23,39,1,36,6,16,45,43,41,17,3,24,10,32,13,42,35,28,5,48,49,40,46,21,30,20,44,37,38,29,8,19,27,7,33,11,2,15,26,4,
1148,57.49416255950928,74791.99997333334,59372.06800000001,0,25,14,31,22,12,9,47,34,18,23,39,1,36,6,16,45,43,41,17,3,24,10,32,13,42,35,28,5,48,49,40,46,21,30,20,44,37,38,29,8,19,27,7,33,11,2,15,26,4,
1149,57.53120946884155,73872.65069333333,59372.06800000001,0,25,14,31,22,12,9,47,34,18,23,39,1,36,6,16,45,43,41,17,3,24,10,32,13,42,35,28,5,48,49,40,46,21,30,20,44,37,38,29,8,19,27,7,33,11,2,15,26,4,
1150,57.56924629211426,72225.83847999999,59372.06800000001,0,25,14,31,22,12,9,47,34,18,23,39,1,36,6,16,45,43,41,17,3,24,10,32,13,42,35,28,5,48,49,40,46,21,30,20,44,37,38,29,8,19,27,7,33,11,2,15,26,4,
1151,57.6102819442749,71872.19461333333,59372.06800000001,0,25,14,31,22,12,9,47,34,18,23,39,1,36,6,16,45,43,41,17,3,24,10,32,13,42,35,28,5,48,49,40,46,21,30,20,44,37,38,29,8,19,27,7,33,11,2,15,26,4,
1152,57.646283864974976,69463.54717333334,59372.06800000001,0,25,14,31,22,12,9,47,34,18,23,39,1,36,6,16,45,43,41,17,3,24,10,32,13,42,35,28,5,48,49,40,46,21,30,20,44,37,38,29,8,19,27,7,33,11,2,15,26,4,
1153,57.6842520236969,70386.62341333333,59372.06800000001,0,25,14,31,22,12,9,47,34,18,23,39,1,36,6,16,45,43,41,17,3,24,10,32,13,42,35,28,5,48,49,40,46,21,30,20,44,37,38,29,8,19,27,7,33,11,2,15,26,4,
1154,57.72120976448059,69668.46488,59372.06800000001,0,25,14,31,22,12,9,47,34,18,23,39,1,36,6,16,45,43,41,17,3,24,10,32,13,42,35,28,5,48,49,40,46,21,30,20,44,37,38,29,8,19,27,7,33,11,2,15,26,4,
1155,57.75921082496643,71439.25528,59372.06800000001,0,25,14,31,22,12,9,47,34,18,23,39,1,36,6,16,45,43,41,17,3,24,10,32,13,42,35,28,5,48,49,40,46,21,30,20,44,37,38,29,8,19,27,7,33,11,2,15,26,4,
1156,57.795209884643555,72134.96989333334,59372.06800000001,0,25,14,31,22,12,9,47,34,18,23,39,1,36,6,16,45,43,41,17,3,24,10,32,13,42,35,28,5,48,49,40,46,21,30,20,44,37,38,29,8,19,27,7,33,11,2,15,26,4,
1157,57.83421277999878,69723.05242666666,59372.06800000001,0,25,14,31,22,12,9,47,34,18,23,39,1,36,6,16,45,43,41,17,3,24,10,32,13,42,35,28,5,48,49,40,46,21,30,20,44,37,38,29,8,19,27,7,33,11,2,15,26,4,
1158,57.87317752838135,70507.53573333334,59372.06800000001,0,25,14,31,22,12,9,47,34,18,23,39,1,36,6,16,45,43,41,17,3,24,10,32,13,42,35,28,5,48,49,40,46,21,30,20,44,37,38,29,8,19,27,7,33,11,2,15,26,4,
1159,57.9121515750885,71412.51775999999,59372.06800000001,0,25,14,31,22,12,9,47,34,18,23,39,1,36,6,16,45,43,41,17,3,24,10,32,13,42,35,28,5,48,49,40,46,21,30,20,44,37,38,29,8,19,27,7,33,11,2,15,26,4,
1160,57.95018815994263,71723.22725333335,59372.06800000001,0,25,14,31,22,12,9,47,34,18,23,39,1,36,6,16,45,43,41,17,3,24,10,32,13,42,35,28,5,48,49,40,46,21,30,20,44,37,38,29,8,19,27,7,33,11,2,15,26,4,
1161,57.989150047302246,77356.58024000001,59372.06800000001,0,25,14,31,22,12,9,47,34,18,23,39,1,36,6,16,45,43,41,17,3,24,10,32,13,42,35,28,5,48,49,40,46,21,30,20,44,37,38,29,8,19,27,7,33,11,2,15,26,4,
1162,58.025110960006714,73245.04328,59372.06800000001,0,25,14,31,22,12,9,47,34,18,23,39,1,36,6,16,45,43,41,17,3,24,10,32,13,42,35,28,5,48,49,40,46,21,30,20,44,37,38,29,8,19,27,7,33,11,2,15,26,4,
1163,58.06107497215271,71787.47024,59372.06800000001,0,25,14,31,22,12,9,47,34,18,23,39,1,36,6,16,45,43,41,17,3,24,10,32,13,42,35,28,5,48,49,40,46,21,30,20,44,37,38,29,8,19,27,7,33,11,2,15,26,4,
1164,58.09907507896423,70251.12682666666,59372.06800000001,0,25,14,31,22,12,9,47,34,18,23,39,1,36,6,16,45,43,41,17,3,24,10,32,13,42,35,28,5,48,49,40,46,21,30,20,44,37,38,29,8,19,27,7,33,11,2,15,26,4,
1165,58.13712787628174,71213.87767999999,59372.06800000001,0,25,14,31,22,12,9,47,34,18,23,39,1,36,6,16,45,43,41,17,3,24,10,32,13,42,35,28,5,48,49,40,46,21,30,20,44,37,38,29,8,19,27,7,33,11,2,15,26,4,
1166,58.17614150047302,69515.56794666665,59372.06800000001,0,25,14,31,22,12,9,47,34,18,23,39,1,36,6,16,45,43,41,17,3,24,10,32,13,42,35,28,5,48,49,40,46,21,30,20,44,37,38,29,8,19,27,7,33,11,2,15,26,4,
1167,58.21419405937195,71514.42136,59372.06800000001,0,25,14,31,22,12,9,47,34,18,23,39,1,36,6,16,45,43,41,17,3,24,10,32,13,42,35,28,5,48,49,40,46,21,30,20,44,37,38,29,8,19,27,7,33,11,2,15,26,4,
1168,58.252217292785645,74931.14671999999,59372.06800000001,0,25,14,31,22,12,9,47,34,18,23,39,1,36,6,16,45,43,41,17,3,24,10,32,13,42,35,28,5,48,49,40,46,21,30,20,44,37,38,29,8,19,27,7,33,11,2,15,26,4,
1169,58.29018449783325,75326.77989333333,59372.06800000001,0,25,14,31,22,12,9,47,34,18,23,39,1,36,6,16,45,43,41,17,3,24,10,32,13,42,35,28,5,48,49,40,46,21,30,20,44,37,38,29,8,19,27,7,33,11,2,15,26,4,
1170,58.3271861076355,75435.07328,59372.06800000001,0,25,14,31,22,12,9,47,34,18,23,39,1,36,6,16,45,43,41,17,3,24,10,32,13,42,35,28,5,48,49,40,46,21,30,20,44,37,38,29,8,19,27,7,33,11,2,15,26,4,
1171,58.36618423461914,74884.25898666667,59372.06800000001,0,25,14,31,22,12,9,47,34,18,23,39,1,36,6,16,45,43,41,17,3,24,10,32,13,42,35,28,5,48,49,40,46,21,30,20,44,37,38,29,8,19,27,7,33,11,2,15,26,4,
1172,58.404221296310425,74002.42373333333,59372.06800000001,0,25,14,31,22,12,9,47,34,18,23,39,1,36,6,16,45,43,41,17,3,24,10,32,13,42,35,28,5,48,49,40,46,21,30,20,44,37,38,29,8,19,27,7,33,11,2,15,26,4,
1173,58.44122767448425,73928.85058666668,59372.06800000001,0,25,14,31,22,12,9,47,34,18,23,39,1,36,6,16,45,43,41,17,3,24,10,32,13,42,35,28,5,48,49,40,46,21,30,20,44,37,38,29,8,19,27,7,33,11,2,15,26,4,
1174,58.47822666168213,73577.11645333335,59372.06800000001,0,25,14,31,22,12,9,47,34,18,23,39,1,36,6,16,45,43,41,17,3,24,10,32,13,42,35,28,5,48,49,40,46,21,30,20,44,37,38,29,8,19,27,7,33,11,2,15,26,4,
1175,58.515228271484375,71793.27909333335,59372.06800000001,0,25,14,31,22,12,9,47,34,18,23,39,1,36,6,16,45,43,41,17,3,24,10,32,13,42,35,28,5,48,49,40,46,21,30,20,44,37,38,29,8,19,27,7,33,11,2,15,26,4,
1176,58.55222678184509,73722.50797333334,59372.06800000001,0,25,14,31,22,12,9,47,34,18,23,39,1,36,6,16,45,43,41,17,3,24,10,32,13,42,35,28,5,48,49,40,46,21,30,20,44,37,38,29,8,19,27,7,33,11,2,15,26,4,
1177,58.59022355079651,72917.64141333335,59372.06800000001,0,25,14,31,22,12,9,47,34,18,23,39,1,36,6,16,45,43,41,17,3,24,10,32,13,42,35,28,5,48,49,40,46,21,30,20,44,37,38,29,8,19,27,7,33,11,2,15,26,4,
1178,58.62722039222717,73488.86706666667,59372.06800000001,0,25,14,31,22,12,9,47,34,18,23,39,1,36,6,16,45,43,41,17,3,24,10,32,13,42,35,28,5,48,49,40,46,21,30,20,44,37,38,29,8,19,27,7,33,11,2,15,26,4,
1179,58.66722059249878,72394.44496000002,59372.06800000001,0,25,14,31,22,12,9,47,34,18,23,39,1,36,6,16,45,43,41,17,3,24,10,32,13,42,35,28,5,48,49,40,46,21,30,20,44,37,38,29,8,19,27,7,33,11,2,15,26,4,
1180,58.70422029495239,72148.17245333333,59372.06800000001,0,25,14,31,22,12,9,47,34,18,23,39,1,36,6,16,45,43,41,17,3,24,10,32,13,42,35,28,5,48,49,40,46,21,30,20,44,37,38,29,8,19,27,7,33,11,2,15,26,4,
1181,58.7411847114563,71620.79106666669,59372.06800000001,0,25,14,31,22,12,9,47,34,18,23,39,1,36,6,16,45,43,41,17,3,24,10,32,13,42,35,28,5,48,49,40,46,21,30,20,44,37,38,29,8,19,27,7,33,11,2,15,26,4,
1182,58.77919816970825,74566.04690666667,59372.06800000001,0,25,14,31,22,12,9,47,34,18,23,39,1,36,6,16,45,43,41,17,3,24,10,32,13,42,35,28,5,48,49,40,46,21,30,20,44,37,38,29,8,19,27,7,33,11,2,15,26,4,
1183,58.81823015213013,78826.52037333333,59372.06800000001,0,25,14,31,22,12,9,47,34,18,23,39,1,36,6,16,45,43,41,17,3,24,10,32,13,42,35,28,5,48,49,40,46,21,30,20,44,37,38,29,8,19,27,7,33,11,2,15,26,4,
1184,58.856229066848755,75538.17802666668,59372.06800000001,0,25,14,31,22,12,9,47,34,18,23,39,1,36,6,16,45,43,41,17,3,24,10,32,13,42,35,28,5,48,49,40,46,21,30,20,44,37,38,29,8,19,27,7,33,11,2,15,26,4,
1185,58.89422965049744,75658.94794666668,59372.06800000001,0,25,14,31,22,12,9,47,34,18,23,39,1,36,6,16,45,43,41,17,3,24,10,32,13,42,35,28,5,48,49,40,46,21,30,20,44,37,38,29,8,19,27,7,33,11,2,15,26,4,
1186,58.93126630783081,76379.34525333335,59372.06800000001,0,25,14,31,22,12,9,47,34,18,23,39,1,36,6,16,45,43,41,17,3,24,10,32,13,42,35,28,5,48,49,40,46,21,30,20,44,37,38,29,8,19,27,7,33,11,2,15,26,4,
1187,58.96727657318115,76565.96453333335,59372.06800000001,0,25,14,31,22,12,9,47,34,18,23,39,1,36,6,16,45,43,41,17,3,24,10,32,13,42,35,28,5,48,49,40,46,21,30,20,44,37,38,29,8,19,27,7,33,11,2,15,26,4,
1188,59.006277084350586,74498.52936,59372.06800000001,0,25,14,31,22,12,9,47,34,18,23,39,1,36,6,16,45,43,41,17,3,24,10,32,13,42,35,28,5,48,49,40,46,21,30,20,44,37,38,29,8,19,27,7,33,11,2,15,26,4,
1189,59.045326471328735,78558.36674666665,59372.06800000001,0,25,14,31,22,12,9,47,34,18,23,39,1,36,6,16,45,43,41,17,3,24,10,32,13,42,35,28,5,48,49,40,46,21,30,20,44,37,38,29,8,19,27,7,33,11,2,15,26,4,
1190,59.08132529258728,75107.64053333334,59372.06800000001,0,25,14,31,22,12,9,47,34,18,23,39,1,36,6,16,45,43,41,17,3,24,10,32,13,42,35,28,5,48,49,40,46,21,30,20,44,37,38,29,8,19,27,7,33,11,2,15,26,4,
1191,59.120362997055054,72920.17338666668,59372.06800000001,0,25,14,31,22,12,9,47,34,18,23,39,1,36,6,16,45,43,41,17,3,24,10,32,13,42,35,28,5,48,49,40,46,21,30,20,44,37,38,29,8,19,27,7,33,11,2,15,26,4,
1192,59.15839743614197,75561.39368000001,59372.06800000001,0,25,14,31,22,12,9,47,34,18,23,39,1,36,6,16,45,43,41,17,3,24,10,32,13,42,35,28,5,48,49,40,46,21,30,20,44,37,38,29,8,19,27,7,33,11,2,15,26,4,
1193,59.19539976119995,73205.51669333335,59372.06800000001,0,25,14,31,22,12,9,47,34,18,23,39,1,36,6,16,45,43,41,17,3,24,10,32,13,42,35,28,5,48,49,40,46,21,30,20,44,37,38,29,8,19,27,7,33,11,2,15,26,4,
1194,59.23339891433716,73531.71149333334,59372.06800000001,0,25,14,31,22,12,9,47,34,18,23,39,1,36,6,16,45,43,41,17,3,24,10,32,13,42,35,28,5,48,49,40,46,21,30,20,44,37,38,29,8,19,27,7,33,11,2,15,26,4,
1195,59.272401332855225,72732.42362666668,59372.06800000001,0,25,14,31,22,12,9,47,34,18,23,39,1,36,6,16,45,43,41,17,3,24,10,32,13,42,35,28,5,48,49,40,46,21,30,20,44,37,38,29,8,19,27,7,33,11,2,15,26,4,
1196,59.31143498420715,74139.69861333334,59372.06800000001,0,25,14,31,22,12,9,47,34,18,23,39,1,36,6,16,45,43,41,17,3,24,10,32,13,42,35,28,5,48,49,40,46,21,30,20,44,37,38,29,8,19,27,7,33,11,2,15,26,4,
1197,59.34747385978699,75030.80237333334,59372.06800000001,0,25,14,31,22,12,9,47,34,18,23,39,1,36,6,16,45,43,41,17,3,24,10,32,13,42,35,28,5,48,49,40,46,21,30,20,44,37,38,29,8,19,27,7,33,11,2,15,26,4,
1198,59.384511947631836,73024.39266666665,59372.06800000001,0,25,14,31,22,12,9,47,34,18,23,39,1,36,6,16,45,43,41,17,3,24,10,32,13,42,35,28,5,48,49,40,46,21,30,20,44,37,38,29,8,19,27,7,33,11,2,15,26,4,
1199,61.78751468658447,72099.63922666668,59372.06800000001,0,25,14,31,22,12,9,47,34,18,23,39,1,36,6,16,45,43,41,17,3,24,10,32,13,42,35,28,5,48,49,40,46,21,30,20,44,37,38,29,8,19,27,7,33,11,2,15,26,4,
1200,61.826464891433716,72926.2192,59372.06800000001,0,25,14,31,22,12,9,47,34,18,23,39,1,36,6,16,45,43,41,17,3,24,10,32,13,42,35,28,5,48,49,40,46,21,30,20,44,37,38,29,8,19,27,7,33,11,2,15,26,4,
1201,61.86346745491028,71896.73138666667,59372.06800000001,0,25,14,31,22,12,9,47,34,18,23,39,1,36,6,16,45,43,41,17,3,24,10,32,13,42,35,28,5,48,49,40,46,21,30,20,44,37,38,29,8,19,27,7,33,11,2,15,26,4,
1202,61.90251851081848,70071.11125333334,59372.06800000001,0,25,14,31,22,12,9,47,34,18,23,39,1,36,6,16,45,43,41,17,3,24,10,32,13,42,35,28,5,48,49,40,46,21,30,20,44,37,38,29,8,19,27,7,33,11,2,15,26,4,
1203,61.94047498703003,72165.38549333332,59372.06800000001,0,25,14,31,22,12,9,47,34,18,23,39,1,36,6,16,45,43,41,17,3,24,10,32,13,42,35,28,5,48,49,40,46,21,30,20,44,37,38,29,8,19,27,7,33,11,2,15,26,4,
1204,61.97647190093994,69469.48482666667,59372.06800000001,0,25,14,31,22,12,9,47,34,18,23,39,1,36,6,16,45,43,41,17,3,24,10,32,13,42,35,28,5,48,49,40,46,21,30,20,44,37,38,29,8,19,27,7,33,11,2,15,26,4,
1205,62.01847171783447,69576.89181333334,59372.06800000001,0,25,14,31,22,12,9,47,34,18,23,39,1,36,6,16,45,43,41,17,3,24,10,32,13,42,35,28,5,48,49,40,46,21,30,20,44,37,38,29,8,19,27,7,33,11,2,15,26,4,
1206,62.05647301673889,70481.72776,59372.06800000001,0,25,14,31,22,12,9,47,34,18,23,39,1,36,6,16,45,43,41,17,3,24,10,32,13,42,35,28,5,48,49,40,46,21,30,20,44,37,38,29,8,19,27,7,33,11,2,15,26,4,
1207,62.09350657463074,74189.29656000002,59372.06800000001,0,25,14,31,22,12,9,47,34,18,23,39,1,36,6,16,45,43,41,17,3,24,10,32,13,42,35,28,5,48,49,40,46,21,30,20,44,37,38,29,8,19,27,7,33,11,2,15,26,4,
1208,62.132508516311646,73492.80765333332,59372.06800000001,0,25,14,31,22,12,9,47,34,18,23,39,1,36,6,16,45,43,41,17,3,24,10,32,13,42,35,28,5,48,49,40,46,21,30,20,44,37,38,29,8,19,27,7,33,11,2,15,26,4,
1209,62.170557498931885,72928.41021333334,59372.06800000001,0,25,14,31,22,12,9,47,34,18,23,39,1,36,6,16,45,43,41,17,3,24,10,32,13,42,35,28,5,48,49,40,46,21,30,20,44,37,38,29,8,19,27,7,33,11,2,15,26,4,
1210,62.210551738739014,74987.22008,59372.06800000001,0,25,14,31,22,12,9,47,34,18,23,39,1,36,6,16,45,43,41,17,3,24,10,32,13,42,35,28,5,48,49,40,46,21,30,20,44,37,38,29,8,19,27,7,33,11,2,15,26,4,
1211,62.24854111671448,74668.70138666665,59372.06800000001,0,25,14,31,22,12,9,47,34,18,23,39,1,36,6,16,45,43,41,17,3,24,10,32,13,42,35,28,5,48,49,40,46,21,30,20,44,37,38,29,8,19,27,7,33,11,2,15,26,4,
1212,62.28649616241455,74674.26392000001,59372.06800000001,0,25,14,31,22,12,9,47,34,18,23,39,1,36,6,16,45,43,41,17,3,24,10,32,13,42,35,28,5,48,49,40,46,21,30,20,44,37,38,29,8,19,27,7,33,11,2,15,26,4,
1213,62.32345795631409,74059.32778666668,59372.06800000001,0,25,14,31,22,12,9,47,34,18,23,39,1,36,6,16,45,43,41,17,3,24,10,32,13,42,35,28,5,48,49,40,46,21,30,20,44,37,38,29,8,19,27,7,33,11,2,15,26,4,
1214,62.36145830154419,74750.39528,59372.06800000001,0,25,14,31,22,12,9,47,34,18,23,39,1,36,6,16,45,43,41,17,3,24,10,32,13,42,35,28,5,48,49,40,46,21,30,20,44,37,38,29,8,19,27,7,33,11,2,15,26,4,
1215,62.39849615097046,75719.90770666665,59372.06800000001,0,25,14,31,22,12,9,47,34,18,23,39,1,36,6,16,45,43,41,17,3,24,10,32,13,42,35,28,5,48,49,40,46,21,30,20,44,37,38,29,8,19,27,7,33,11,2,15,26,4,
1216,62.437455892562866,74243.44717333333,59372.06800000001,0,25,14,31,22,12,9,47,34,18,23,39,1,36,6,16,45,43,41,17,3,24,10,32,13,42,35,28,5,48,49,40,46,21,30,20,44,37,38,29,8,19,27,7,33,11,2,15,26,4,
1217,62.47641396522522,76643.4608,59372.06800000001,0,25,14,31,22,12,9,47,34,18,23,39,1,36,6,16,45,43,41,17,3,24,10,32,13,42,35,28,5,48,49,40,46,21,30,20,44,37,38,29,8,19,27,7,33,11,2,15,26,4,
1218,62.5124146938324,75347.39847999999,59372.06800000001,0,25,14,31,22,12,9,47,34,18,23,39,1,36,6,16,45,43,41,17,3,24,10,32,13,42,35,28,5,48,49,40,46,21,30,20,44,37,38,29,8,19,27,7,33,11,2,15,26,4,
1219,62.548458099365234,71983.38365333334,59372.06800000001,0,25,14,31,22,12,9,47,34,18,23,39,1,36,6,16,45,43,41,17,3,24,10,32,13,42,35,28,5,48,49,40,46,21,30,20,44,37,38,29,8,19,27,7,33,11,2,15,26,4,
1220,62.58449602127075,70102.62885333333,59372.06800000001,0,25,14,31,22,12,9,47,34,18,23,39,1,36,6,16,45,43,41,17,3,24,10,32,13,42,35,28,5,48,49,40,46,21,30,20,44,37,38,29,8,19,27,7,33,11,2,15,26,4,
1221,62.62153148651123,69324.35095999998,59372.06800000001,0,25,14,31,22,12,9,47,34,18,23,39,1,36,6,16,45,43,41,17,3,24,10,32,13,42,35,28,5,48,49,40,46,21,30,20,44,37,38,29,8,19,27,7,33,11,2,15,26,4,
1222,62.658528566360474,69372.91962666665,59372.06800000001,0,25,14,31,22,12,9,47,34,18,23,39,1,36,6,16,45,43,41,17,3,24,10,32,13,42,35,28,5,48,49,40,46,21,30,20,44,37,38,29,8,19,27,7,33,11,2,15,26,4,
1223,62.696492433547974,70645.89570666666,59372.06800000001,0,25,14,31,22,12,9,47,34,18,23,39,1,36,6,16,45,43,41,17,3,24,10,32,13,42,35,28,5,48,49,40,46,21,30,20,44,37,38,29,8,19,27,7,33,11,2,15,26,4,
1224,62.73449492454529,71499.6788,59372.06800000001,0,25,14,31,22,12,9,47,34,18,23,39,1,36,6,16,45,43,41,17,3,24,10,32,13,42,35,28,5,48,49,40,46,21,30,20,44,37,38,29,8,19,27,7,33,11,2,15,26,4,
1225,62.77549982070923,70897.59253333334,59372.06800000001,0,25,14,31,22,12,9,47,34,18,23,39,1,36,6,16,45,43,41,17,3,24,10,32,13,42,35,28,5,48,49,40,46,21,30,20,44,37,38,29,8,19,27,7,33,11,2,15,26,4,
1226,62.81154012680054,69861.60962666667,59372.06800000001,0,25,14,31,22,12,9,47,34,18,23,39,1,36,6,16,45,43,41,17,3,24,10,32,13,42,35,28,5,48,49,40,46,21,30,20,44,37,38,29,8,19,27,7,33,11,2,15,26,4,
1227,62.84858560562134,69190.57221333333,59372.06800000001,0,25,14,31,22,12,9,47,34,18,23,39,1,36,6,16,45,43,41,17,3,24,10,32,13,42,35,28,5,48,49,40,46,21,30,20,44,37,38,29,8,19,27,7,33,11,2,15,26,4,
1228,62.88459587097168,71692.93431999999,59372.06800000001,0,25,14,31,22,12,9,47,34,18,23,39,1,36,6,16,45,43,41,17,3,24,10,32,13,42,35,28,5,48,49,40,46,21,30,20,44,37,38,29,8,19,27,7,33,11,2,15,26,4,
1229,62.921632051467896,70607.16312,59372.06800000001,0,25,14,31,22,12,9,47,34,18,23,39,1,36,6,16,45,43,41,17,3,24,10,32,13,42,35,28,5,48,49,40,46,21,30,20,44,37,38,29,8,19,27,7,33,11,2,15,26,4,
1230,62.95759201049805,70431.09514666666,59372.06800000001,0,25,14,31,22,12,9,47,34,18,23,39,1,36,6,16,45,43,41,17,3,24,10,32,13,42,35,28,5,48,49,40,46,21,30,20,44,37,38,29,8,19,27,7,33,11,2,15,26,4,
1231,62.994590520858765,72003.93599999999,59372.06800000001,0,25,14,31,22,12,9,47,34,18,23,39,1,36,6,16,45,43,41,17,3,24,10,32,13,42,35,28,5,48,49,40,46,21,30,20,44,37,38,29,8,19,27,7,33,11,2,15,26,4,
1232,63.03255271911621,71089.48336,59372.06800000001,0,25,14,31,22,12,9,47,34,18,23,39,1,36,6,16,45,43,41,17,3,24,10,32,13,42,35,28,5,48,49,40,46,21,30,20,44,37,38,29,8,19,27,7,33,11,2,15,26,4,
1233,63.07051491737366,72375.80626666665,59372.06800000001,0,25,14,31,22,12,9,47,34,18,23,39,1,36,6,16,45,43,41,17,3,24,10,32,13,42,35,28,5,48,49,40,46,21,30,20,44,37,38,29,8,19,27,7,33,11,2,15,26,4,
1234,63.10857176780701,72130.25357333334,59372.06800000001,0,25,14,31,22,12,9,47,34,18,23,39,1,36,6,16,45,43,41,17,3,24,10,32,13,42,35,28,5,48,49,40,46,21,30,20,44,37,38,29,8,19,27,7,33,11,2,15,26,4,
1235,63.14755868911743,72317.17818666666,59372.06800000001,0,25,14,31,22,12,9,47,34,18,23,39,1,36,6,16,45,43,41,17,3,24,10,32,13,42,35,28,5,48,49,40,46,21,30,20,44,37,38,29,8,19,27,7,33,11,2,15,26,4,
1236,63.18456435203552,72204.69429333333,59372.06800000001,0,25,14,31,22,12,9,47,34,18,23,39,1,36,6,16,45,43,41,17,3,24,10,32,13,42,35,28,5,48,49,40,46,21,30,20,44,37,38,29,8,19,27,7,33,11,2,15,26,4,
1237,63.22257614135742,72146.76098666666,59372.06800000001,0,25,14,31,22,12,9,47,34,18,23,39,1,36,6,16,45,43,41,17,3,24,10,32,13,42,35,28,5,48,49,40,46,21,30,20,44,37,38,29,8,19,27,7,33,11,2,15,26,4,
1238,63.25961756706238,72376.29154666666,59372.06800000001,0,25,14,31,22,12,9,47,34,18,23,39,1,36,6,16,45,43,41,17,3,24,10,32,13,42,35,28,5,48,49,40,46,21,30,20,44,37,38,29,8,19,27,7,33,11,2,15,26,4,
1239,63.29861664772034,70398.05418666668,59372.06800000001,0,25,14,31,22,12,9,47,34,18,23,39,1,36,6,16,45,43,41,17,3,24,10,32,13,42,35,28,5,48,49,40,46,21,30,20,44,37,38,29,8,19,27,7,33,11,2,15,26,4,
1240,63.333667516708374,70338.14477333335,59372.06800000001,0,25,14,31,22,12,9,47,34,18,23,39,1,36,6,16,45,43,41,17,3,24,10,32,13,42,35,28,5,48,49,40,46,21,30,20,44,37,38,29,8,19,27,7,33,11,2,15,26,4,
1241,63.371665716171265,69164.09922666669,59372.06800000001,0,25,14,31,22,12,9,47,34,18,23,39,1,36,6,16,45,43,41,17,3,24,10,32,13,42,35,28,5,48,49,40,46,21,30,20,44,37,38,29,8,19,27,7,33,11,2,15,26,4,
1242,63.40862679481506,70968.6176,59372.06800000001,0,25,14,31,22,12,9,47,34,18,23,39,1,36,6,16,45,43,41,17,3,24,10,32,13,42,35,28,5,48,49,40,46,21,30,20,44,37,38,29,8,19,27,7,33,11,2,15,26,4,
1243,63.44567608833313,71170.33093333335,59372.06800000001,0,25,14,31,22,12,9,47,34,18,23,39,1,36,6,16,45,43,41,17,3,24,10,32,13,42,35,28,5,48,49,40,46,21,30,20,44,37,38,29,8,19,27,7,33,11,2,15,26,4,
1244,63.48466873168945,69758.77197333335,59372.06800000001,0,25,14,31,22,12,9,47,34,18,23,39,1,36,6,16,45,43,41,17,3,24,10,32,13,42,35,28,5,48,49,40,46,21,30,20,44,37,38,29,8,19,27,7,33,11,2,15,26,4,
1245,63.52362895011902,68622.06797333335,59372.06800000001,0,25,14,31,22,12,9,47,34,18,23,39,1,36,6,16,45,43,41,17,3,24,10,32,13,42,35,28,5,48,49,40,46,21,30,20,44,37,38,29,8,19,27,7,33,11,2,15,26,4,
1246,63.561625957489014,70415.21504000002,59372.06800000001,0,25,14,31,22,12,9,47,34,18,23,39,1,36,6,16,45,43,41,17,3,24,10,32,13,42,35,28,5,48,49,40,46,21,30,20,44,37,38,29,8,19,27,7,33,11,2,15,26,4,
1247,63.60058045387268,71422.40136,59372.06800000001,0,25,14,31,22,12,9,47,34,18,23,39,1,36,6,16,45,43,41,17,3,24,10,32,13,42,35,28,5,48,49,40,46,21,30,20,44,37,38,29,8,19,27,7,33,11,2,15,26,4,
1248,63.637577533721924,73417.77576,59372.06800000001,0,25,14,31,22,12,9,47,34,18,23,39,1,36,6,16,45,43,41,17,3,24,10,32,13,42,35,28,5,48,49,40,46,21,30,20,44,37,38,29,8,19,27,7,33,11,2,15,26,4,
1249,63.67657732963562,72088.38133333332,59372.06800000001,0,25,14,31,22,12,9,47,34,18,23,39,1,36,6,16,45,43,41,17,3,24,10,32,13,42,35,28,5,48,49,40,46,21,30,20,44,37,38,29,8,19,27,7,33,11,2,15,26,4,
1250,63.71654391288757,72288.72909333333,59372.06800000001,0,25,14,31,22,12,9,47,34,18,23,39,1,36,6,16,45,43,41,17,3,24,10,32,13,42,35,28,5,48,49,40,46,21,30,20,44,37,38,29,8,19,27,7,33,11,2,15,26,4,
1251,63.752594232559204,73111.47095999999,59372.06800000001,0,25,14,31,22,12,9,47,34,18,23,39,1,36,6,16,45,43,41,17,3,24,10,32,13,42,35,28,5,48,49,40,46,21,30,20,44,37,38,29,8,19,27,7,33,11,2,15,26,4,
1252,63.791597843170166,74612.62701333333,59372.06800000001,0,25,14,31,22,12,9,47,34,18,23,39,1,36,6,16,45,43,41,17,3,24,10,32,13,42,35,28,5,48,49,40,46,21,30,20,44,37,38,29,8,19,27,7,33,11,2,15,26,4,
1253,63.82960772514343,76869.24226666667,59372.06800000001,0,25,14,31,22,12,9,47,34,18,23,39,1,36,6,16,45,43,41,17,3,24,10,32,13,42,35,28,5,48,49,40,46,21,30,20,44,37,38,29,8,19,27,7,33,11,2,15,26,4,
1254,63.867571115493774,71992.70322666668,59372.06800000001,0,25,14,31,22,12,9,47,34,18,23,39,1,36,6,16,45,43,41,17,3,24,10,32,13,42,35,28,5,48,49,40,46,21,30,20,44,37,38,29,8,19,27,7,33,11,2,15,26,4,
1255,63.90361022949219,72933.64090666668,59372.06800000001,0,25,14,31,22,12,9,47,34,18,23,39,1,36,6,16,45,43,41,17,3,24,10,32,13,42,35,28,5,48,49,40,46,21,30,20,44,37,38,29,8,19,27,7,33,11,2,15,26,4,
1256,63.939648151397705,73268.35450666667,59372.06800000001,0,25,14,31,22,12,9,47,34,18,23,39,1,36,6,16,45,43,41,17,3,24,10,32,13,42,35,28,5,48,49,40,46,21,30,20,44,37,38,29,8,19,27,7,33,11,2,15,26,4,
1257,63.97860360145569,73178.79101333334,59372.06800000001,0,25,14,31,22,12,9,47,34,18,23,39,1,36,6,16,45,43,41,17,3,24,10,32,13,42,35,28,5,48,49,40,46,21,30,20,44,37,38,29,8,19,27,7,33,11,2,15,26,4,
1258,64.01461362838745,73129.59378666666,59372.06800000001,0,25,14,31,22,12,9,47,34,18,23,39,1,36,6,16,45,43,41,17,3,24,10,32,13,42,35,28,5,48,49,40,46,21,30,20,44,37,38,29,8,19,27,7,33,11,2,15,26,4,
1259,64.05361437797546,73439.65402666669,59372.06800000001,0,25,14,31,22,12,9,47,34,18,23,39,1,36,6,16,45,43,41,17,3,24,10,32,13,42,35,28,5,48,49,40,46,21,30,20,44,37,38,29,8,19,27,7,33,11,2,15,26,4,
1260,64.09157943725586,72619.72282666668,59372.06800000001,0,25,14,31,22,12,9,47,34,18,23,39,1,36,6,16,45,43,41,17,3,24,10,32,13,42,35,28,5,48,49,40,46,21,30,20,44,37,38,29,8,19,27,7,33,11,2,15,26,4,
1261,64.1305341720581,72451.21848,59372.06800000001,0,25,14,31,22,12,9,47,34,18,23,39,1,36,6,16,45,43,41,17,3,24,10,32,13,42,35,28,5,48,49,40,46,21,30,20,44,37,38,29,8,19,27,7,33,11,2,15,26,4,
1262,64.16858458518982,73125.02781333333,59372.06800000001,0,25,14,31,22,12,9,47,34,18,23,39,1,36,6,16,45,43,41,17,3,24,10,32,13,42,35,28,5,48,49,40,46,21,30,20,44,37,38,29,8,19,27,7,33,11,2,15,26,4,
1263,64.20558190345764,70666.32842666669,59372.06800000001,0,25,14,31,22,12,9,47,34,18,23,39,1,36,6,16,45,43,41,17,3,24,10,32,13,42,35,28,5,48,49,40,46,21,30,20,44,37,38,29,8,19,27,7,33,11,2,15,26,4,
1264,64.24362015724182,69101.68370666668,59372.06800000001,0,25,14,31,22,12,9,47,34,18,23,39,1,36,6,16,45,43,41,17,3,24,10,32,13,42,35,28,5,48,49,40,46,21,30,20,44,37,38,29,8,19,27,7,33,11,2,15,26,4,
1265,64.2796676158905,71091.36610666667,59372.06800000001,0,25,14,31,22,12,9,47,34,18,23,39,1,36,6,16,45,43,41,17,3,24,10,32,13,42,35,28,5,48,49,40,46,21,30,20,44,37,38,29,8,19,27,7,33,11,2,15,26,4,
1266,64.3167016506195,70585.58418666667,59372.06800000001,0,25,14,31,22,12,9,47,34,18,23,39,1,36,6,16,45,43,41,17,3,24,10,32,13,42,35,28,5,48,49,40,46,21,30,20,44,37,38,29,8,19,27,7,33,11,2,15,26,4,
1267,64.35266137123108,71405.65426666666,59372.06800000001,0,25,14,31,22,12,9,47,34,18,23,39,1,36,6,16,45,43,41,17,3,24,10,32,13,42,35,28,5,48,49,40,46,21,30,20,44,37,38,29,8,19,27,7,33,11,2,15,26,4,
1268,64.38962411880493,72117.29218666666,59372.06800000001,0,25,14,31,22,12,9,47,34,18,23,39,1,36,6,16,45,43,41,17,3,24,10,32,13,42,35,28,5,48,49,40,46,21,30,20,44,37,38,29,8,19,27,7,33,11,2,15,26,4,
1269,64.42567229270935,70598.20096,59372.06800000001,0,25,14,31,22,12,9,47,34,18,23,39,1,36,6,16,45,43,41,17,3,24,10,32,13,42,35,28,5,48,49,40,46,21,30,20,44,37,38,29,8,19,27,7,33,11,2,15,26,4,
1270,64.46263837814331,69653.03056,59372.06800000001,0,25,14,31,22,12,9,47,34,18,23,39,1,36,6,16,45,43,41,17,3,24,10,32,13,42,35,28,5,48,49,40,46,21,30,20,44,37,38,29,8,19,27,7,33,11,2,15,26,4,
1271,64.50164794921875,70241.10512000002,59372.06800000001,0,25,14,31,22,12,9,47,34,18,23,39,1,36,6,16,45,43,41,17,3,24,10,32,13,42,35,28,5,48,49,40,46,21,30,20,44,37,38,29,8,19,27,7,33,11,2,15,26,4,
1272,64.53861021995544,74387.63552,59372.06800000001,0,25,14,31,22,12,9,47,34,18,23,39,1,36,6,16,45,43,41,17,3,24,10,32,13,42,35,28,5,48,49,40,46,21,30,20,44,37,38,29,8,19,27,7,33,11,2,15,26,4,
1273,64.57556867599487,74329.18320000001,59372.06800000001,0,25,14,31,22,12,9,47,34,18,23,39,1,36,6,16,45,43,41,17,3,24,10,32,13,42,35,28,5,48,49,40,46,21,30,20,44,37,38,29,8,19,27,7,33,11,2,15,26,4,
1274,64.61156797409058,74992.22581333334,59372.06800000001,0,25,14,31,22,12,9,47,34,18,23,39,1,36,6,16,45,43,41,17,3,24,10,32,13,42,35,28,5,48,49,40,46,21,30,20,44,37,38,29,8,19,27,7,33,11,2,15,26,4,
1275,64.64955806732178,79420.95421333335,59372.06800000001,0,25,14,31,22,12,9,47,34,18,23,39,1,36,6,16,45,43,41,17,3,24,10,32,13,42,35,28,5,48,49,40,46,21,30,20,44,37,38,29,8,19,27,7,33,11,2,15,26,4,
1276,64.68555617332458,72309.31229333335,59372.06800000001,0,25,14,31,22,12,9,47,34,18,23,39,1,36,6,16,45,43,41,17,3,24,10,32,13,42,35,28,5,48,49,40,46,21,30,20,44,37,38,29,8,19,27,7,33,11,2,15,26,4,
1277,64.72256064414978,75247.68349333334,59372.06800000001,0,25,14,31,22,12,9,47,34,18,23,39,1,36,6,16,45,43,41,17,3,24,10,32,13,42,35,28,5,48,49,40,46,21,30,20,44,37,38,29,8,19,27,7,33,11,2,15,26,4,
1278,64.76057529449463,73964.30224,59372.06800000001,0,25,14,31,22,12,9,47,34,18,23,39,1,36,6,16,45,43,41,17,3,24,10,32,13,42,35,28,5,48,49,40,46,21,30,20,44,37,38,29,8,19,27,7,33,11,2,15,26,4,
1279,64.79658269882202,72827.04319999999,59372.06800000001,0,25,14,31,22,12,9,47,34,18,23,39,1,36,6,16,45,43,41,17,3,24,10,32,13,42,35,28,5,48,49,40,46,21,30,20,44,37,38,29,8,19,27,7,33,11,2,15,26,4,
1280,64.83458161354065,72127.35082666666,59372.06800000001,0,25,14,31,22,12,9,47,34,18,23,39,1,36,6,16,45,43,41,17,3,24,10,32,13,42,35,28,5,48,49,40,46,21,30,20,44,37,38,29,8,19,27,7,33,11,2,15,26,4,
1281,64.87258124351501,75040.32293333333,59372.06800000001,0,25,14,31,22,12,9,47,34,18,23,39,1,36,6,16,45,43,41,17,3,24,10,32,13,42,35,28,5,48,49,40,46,21,30,20,44,37,38,29,8,19,27,7,33,11,2,15,26,4,
1282,64.91058230400085,71163.76776,59372.06800000001,0,25,14,31,22,12,9,47,34,18,23,39,1,36,6,16,45,43,41,17,3,24,10,32,13,42,35,28,5,48,49,40,46,21,30,20,44,37,38,29,8,19,27,7,33,11,2,15,26,4,
1283,64.94663119316101,71291.16578666666,59372.06800000001,0,25,14,31,22,12,9,47,34,18,23,39,1,36,6,16,45,43,41,17,3,24,10,32,13,42,35,28,5,48,49,40,46,21,30,20,44,37,38,29,8,19,27,7,33,11,2,15,26,4,
1284,64.98562383651733,71715.57229333333,59372.06800000001,0,25,14,31,22,12,9,47,34,18,23,39,1,36,6,16,45,43,41,17,3,24,10,32,13,42,35,28,5,48,49,40,46,21,30,20,44,37,38,29,8,19,27,7,33,11,2,15,26,4,
1285,65.02263402938843,73133.67346666667,59372.06800000001,0,25,14,31,22,12,9,47,34,18,23,39,1,36,6,16,45,43,41,17,3,24,10,32,13,42,35,28,5,48,49,40,46,21,30,20,44,37,38,29,8,19,27,7,33,11,2,15,26,4,
1286,65.0615906715393,72801.00560000002,59372.06800000001,0,25,14,31,22,12,9,47,34,18,23,39,1,36,6,16,45,43,41,17,3,24,10,32,13,42,35,28,5,48,49,40,46,21,30,20,44,37,38,29,8,19,27,7,33,11,2,15,26,4,
1287,65.10158705711365,71795.14474666667,59372.06800000001,0,25,14,31,22,12,9,47,34,18,23,39,1,36,6,16,45,43,41,17,3,24,10,32,13,42,35,28,5,48,49,40,46,21,30,20,44,37,38,29,8,19,27,7,33,11,2,15,26,4,
1288,65.13863945007324,70629.00578666668,59372.06800000001,0,25,14,31,22,12,9,47,34,18,23,39,1,36,6,16,45,43,41,17,3,24,10,32,13,42,35,28,5,48,49,40,46,21,30,20,44,37,38,29,8,19,27,7,33,11,2,15,26,4,
1289,65.17559695243835,72683.37890666668,59372.06800000001,0,25,14,31,22,12,9,47,34,18,23,39,1,36,6,16,45,43,41,17,3,24,10,32,13,42,35,28,5,48,49,40,46,21,30,20,44,37,38,29,8,19,27,7,33,11,2,15,26,4,
1290,65.21455764770508,72227.89234666667,59372.06800000001,0,25,14,31,22,12,9,47,34,18,23,39,1,36,6,16,45,43,41,17,3,24,10,32,13,42,35,28,5,48,49,40,46,21,30,20,44,37,38,29,8,19,27,7,33,11,2,15,26,4,
1291,65.25160479545593,72522.28424000001,59372.06800000001,0,25,14,31,22,12,9,47,34,18,23,39,1,36,6,16,45,43,41,17,3,24,10,32,13,42,35,28,5,48,49,40,46,21,30,20,44,37,38,29,8,19,27,7,33,11,2,15,26,4,
1292,65.28864169120789,73606.07986666667,59372.06800000001,0,25,14,31,22,12,9,47,34,18,23,39,1,36,6,16,45,43,41,17,3,24,10,32,13,42,35,28,5,48,49,40,46,21,30,20,44,37,38,29,8,19,27,7,33,11,2,15,26,4,
1293,65.32662558555603,76360.61266666668,59372.06800000001,0,25,14,31,22,12,9,47,34,18,23,39,1,36,6,16,45,43,41,17,3,24,10,32,13,42,35,28,5,48,49,40,46,21,30,20,44,37,38,29,8,19,27,7,33,11,2,15,26,4,
1294,65.36663579940796,75852.77773333334,59372.06800000001,0,25,14,31,22,12,9,47,34,18,23,39,1,36,6,16,45,43,41,17,3,24,10,32,13,42,35,28,5,48,49,40,46,21,30,20,44,37,38,29,8,19,27,7,33,11,2,15,26,4,
1295,65.4026346206665,75836.196,59372.06800000001,0,25,14,31,22,12,9,47,34,18,23,39,1,36,6,16,45,43,41,17,3,24,10,32,13,42,35,28,5,48,49,40,46,21,30,20,44,37,38,29,8,19,27,7,33,11,2,15,26,4,
1296,65.43863344192505,74263.38712,59372.06800000001,0,25,14,31,22,12,9,47,34,18,23,39,1,36,6,16,45,43,41,17,3,24,10,32,13,42,35,28,5,48,49,40,46,21,30,20,44,37,38,29,8,19,27,7,33,11,2,15,26,4,
1297,65.47767400741577,73453.77581333336,59372.06800000001,0,25,14,31,22,12,9,47,34,18,23,39,1,36,6,16,45,43,41,17,3,24,10,32,13,42,35,28,5,48,49,40,46,21,30,20,44,37,38,29,8,19,27,7,33,11,2,15,26,4,
1298,65.51464128494263,76582.42352000001,59372.06800000001,0,25,14,31,22,12,9,47,34,18,23,39,1,36,6,16,45,43,41,17,3,24,10,32,13,42,35,28,5,48,49,40,46,21,30,20,44,37,38,29,8,19,27,7,33,11,2,15,26,4,
1299,65.55268836021423,75510.42018666667,59372.06800000001,0,25,14,31,22,12,9,47,34,18,23,39,1,36,6,16,45,43,41,17,3,24,10,32,13,42,35,28,5,48,49,40,46,21,30,20,44,37,38,29,8,19,27,7,33,11,2,15,26,4,
1300,65.58873748779297,78809.82461333335,59372.06800000001,0,25,14,31,22,12,9,47,34,18,23,39,1,36,6,16,45,43,41,17,3,24,10,32,13,42,35,28,5,48,49,40,46,21,30,20,44,37,38,29,8,19,27,7,33,11,2,15,26,4,
1301,65.62573957443237,77954.92282666668,59372.06800000001,0,25,14,31,22,12,9,47,34,18,23,39,1,36,6,16,45,43,41,17,3,24,10,32,13,42,35,28,5,48,49,40,46,21,30,20,44,37,38,29,8,19,27,7,33,11,2,15,26,4,
1302,65.66369557380676,76513.93989333334,59372.06800000001,0,25,14,31,22,12,9,47,34,18,23,39,1,36,6,16,45,43,41,17,3,24,10,32,13,42,35,28,5,48,49,40,46,21,30,20,44,37,38,29,8,19,27,7,33,11,2,15,26,4,
1303,65.70069456100464,79095.11706666666,59372.06800000001,0,25,14,31,22,12,9,47,34,18,23,39,1,36,6,16,45,43,41,17,3,24,10,32,13,42,35,28,5,48,49,40,46,21,30,20,44,37,38,29,8,19,27,7,33,11,2,15,26,4,
1304,65.73769736289978,73777.44893333333,59372.06800000001,0,25,14,31,22,12,9,47,34,18,23,39,1,36,6,16,45,43,41,17,3,24,10,32,13,42,35,28,5,48,49,40,46,21,30,20,44,37,38,29,8,19,27,7,33,11,2,15,26,4,
1305,65.77469658851624,73659.84365333333,59372.06800000001,0,25,14,31,22,12,9,47,34,18,23,39,1,36,6,16,45,43,41,17,3,24,10,32,13,42,35,28,5,48,49,40,46,21,30,20,44,37,38,29,8,19,27,7,33,11,2,15,26,4,
1306,65.81065654754639,71308.11658666666,59372.06800000001,0,25,14,31,22,12,9,47,34,18,23,39,1,36,6,16,45,43,41,17,3,24,10,32,13,42,35,28,5,48,49,40,46,21,30,20,44,37,38,29,8,19,27,7,33,11,2,15,26,4,
1307,65.84768986701965,73076.03122666666,59372.06800000001,0,25,14,31,22,12,9,47,34,18,23,39,1,36,6,16,45,43,41,17,3,24,10,32,13,42,35,28,5,48,49,40,46,21,30,20,44,37,38,29,8,19,27,7,33,11,2,15,26,4,
1308,65.88265252113342,73068.10338666667,59372.06800000001,0,25,14,31,22,12,9,47,34,18,23,39,1,36,6,16,45,43,41,17,3,24,10,32,13,42,35,28,5,48,49,40,46,21,30,20,44,37,38,29,8,19,27,7,33,11,2,15,26,4,
1309,65.92366933822632,70343.17893333333,59372.06800000001,0,25,14,31,22,12,9,47,34,18,23,39,1,36,6,16,45,43,41,17,3,24,10,32,13,42,35,28,5,48,49,40,46,21,30,20,44,37,38,29,8,19,27,7,33,11,2,15,26,4,
1310,65.96267199516296,70646.97709333333,59372.06800000001,0,25,14,31,22,12,9,47,34,18,23,39,1,36,6,16,45,43,41,17,3,24,10,32,13,42,35,28,5,48,49,40,46,21,30,20,44,37,38,29,8,19,27,7,33,11,2,15,26,4,
1311,66.001629114151,70505.60362666665,59372.06800000001,0,25,14,31,22,12,9,47,34,18,23,39,1,36,6,16,45,43,41,17,3,24,10,32,13,42,35,28,5,48,49,40,46,21,30,20,44,37,38,29,8,19,27,7,33,11,2,15,26,4,
1312,66.03865480422974,70438.15591999999,59372.06800000001,0,25,14,31,22,12,9,47,34,18,23,39,1,36,6,16,45,43,41,17,3,24,10,32,13,42,35,28,5,48,49,40,46,21,30,20,44,37,38,29,8,19,27,7,33,11,2,15,26,4,
1313,66.07765364646912,69815.43837333334,59372.06800000001,0,25,14,31,22,12,9,47,34,18,23,39,1,36,6,16,45,43,41,17,3,24,10,32,13,42,35,28,5,48,49,40,46,21,30,20,44,37,38,29,8,19,27,7,33,11,2,15,26,4,
1314,66.1156678199768,68193.33578666668,59372.06800000001,0,25,14,31,22,12,9,47,34,18,23,39,1,36,6,16,45,43,41,17,3,24,10,32,13,42,35,28,5,48,49,40,46,21,30,20,44,37,38,29,8,19,27,7,33,11,2,15,26,4,
1315,66.15271806716919,68607.33808,59372.06800000001,0,25,14,31,22,12,9,47,34,18,23,39,1,36,6,16,45,43,41,17,3,24,10,32,13,42,35,28,5,48,49,40,46,21,30,20,44,37,38,29,8,19,27,7,33,11,2,15,26,4,
1316,66.18971872329712,70734.73040000001,59372.06800000001,0,25,14,31,22,12,9,47,34,18,23,39,1,36,6,16,45,43,41,17,3,24,10,32,13,42,35,28,5,48,49,40,46,21,30,20,44,37,38,29,8,19,27,7,33,11,2,15,26,4,
1317,66.22671675682068,70743.13978666668,59372.06800000001,0,25,14,31,22,12,9,47,34,18,23,39,1,36,6,16,45,43,41,17,3,24,10,32,13,42,35,28,5,48,49,40,46,21,30,20,44,37,38,29,8,19,27,7,33,11,2,15,26,4,
1318,66.263676404953,70185.99490666666,59372.06800000001,0,25,14,31,22,12,9,47,34,18,23,39,1,36,6,16,45,43,41,17,3,24,10,32,13,42,35,28,5,48,49,40,46,21,30,20,44,37,38,29,8,19,27,7,33,11,2,15,26,4,
1319,66.30363750457764,69640.09384,59372.06800000001,0,25,14,31,22,12,9,47,34,18,23,39,1,36,6,16,45,43,41,17,3,24,10,32,13,42,35,28,5,48,49,40,46,21,30,20,44,37,38,29,8,19,27,7,33,11,2,15,26,4,
1320,66.34063959121704,68488.82909333333,59372.06800000001,0,25,14,31,22,12,9,47,34,18,23,39,1,36,6,16,45,43,41,17,3,24,10,32,13,42,35,28,5,48,49,40,46,21,30,20,44,37,38,29,8,19,27,7,33,11,2,15,26,4,
1321,66.3766450881958,68651.42368000002,59372.06800000001,0,25,14,31,22,12,9,47,34,18,23,39,1,36,6,16,45,43,41,17,3,24,10,32,13,42,35,28,5,48,49,40,46,21,30,20,44,37,38,29,8,19,27,7,33,11,2,15,26,4,
1322,66.41269946098328,70900.95714666668,59372.06800000001,0,25,14,31,22,12,9,47,34,18,23,39,1,36,6,16,45,43,41,17,3,24,10,32,13,42,35,28,5,48,49,40,46,21,30,20,44,37,38,29,8,19,27,7,33,11,2,15,26,4,
1323,66.45073819160461,76592.53602666667,59372.06800000001,0,25,14,31,22,12,9,47,34,18,23,39,1,36,6,16,45,43,41,17,3,24,10,32,13,42,35,28,5,48,49,40,46,21,30,20,44,37,38,29,8,19,27,7,33,11,2,15,26,4,
1324,66.4917402267456,77616.64175999998,59372.06800000001,0,25,14,31,22,12,9,47,34,18,23,39,1,36,6,16,45,43,41,17,3,24,10,32,13,42,35,28,5,48,49,40,46,21,30,20,44,37,38,29,8,19,27,7,33,11,2,15,26,4,
1325,66.52970147132874,76544.23935999999,59372.06800000001,0,25,14,31,22,12,9,47,34,18,23,39,1,36,6,16,45,43,41,17,3,24,10,32,13,42,35,28,5,48,49,40,46,21,30,20,44,37,38,29,8,19,27,7,33,11,2,15,26,4,
1326,66.5666618347168,74718.26370666666,59372.06800000001,0,25,14,31,22,12,9,47,34,18,23,39,1,36,6,16,45,43,41,17,3,24,10,32,13,42,35,28,5,48,49,40,46,21,30,20,44,37,38,29,8,19,27,7,33,11,2,15,26,4,
1327,66.60466122627258,76194.34354666667,59372.06800000001,0,25,14,31,22,12,9,47,34,18,23,39,1,36,6,16,45,43,41,17,3,24,10,32,13,42,35,28,5,48,49,40,46,21,30,20,44,37,38,29,8,19,27,7,33,11,2,15,26,4,
1328,66.64265847206116,78205.64194666666,59372.06800000001,0,25,14,31,22,12,9,47,34,18,23,39,1,36,6,16,45,43,41,17,3,24,10,32,13,42,35,28,5,48,49,40,46,21,30,20,44,37,38,29,8,19,27,7,33,11,2,15,26,4,
1329,66.67960929870605,76367.34570666667,59372.06800000001,0,25,14,31,22,12,9,47,34,18,23,39,1,36,6,16,45,43,41,17,3,24,10,32,13,42,35,28,5,48,49,40,46,21,30,20,44,37,38,29,8,19,27,7,33,11,2,15,26,4,
1330,66.71561980247498,74549.01344000001,59372.06800000001,0,25,14,31,22,12,9,47,34,18,23,39,1,36,6,16,45,43,41,17,3,24,10,32,13,42,35,28,5,48,49,40,46,21,30,20,44,37,38,29,8,19,27,7,33,11,2,15,26,4,
1331,66.75161981582642,74153.47570666666,59372.06800000001,0,25,14,31,22,12,9,47,34,18,23,39,1,36,6,16,45,43,41,17,3,24,10,32,13,42,35,28,5,48,49,40,46,21,30,20,44,37,38,29,8,19,27,7,33,11,2,15,26,4,
1332,66.79062032699585,75226.5488,59372.06800000001,0,25,14,31,22,12,9,47,34,18,23,39,1,36,6,16,45,43,41,17,3,24,10,32,13,42,35,28,5,48,49,40,46,21,30,20,44,37,38,29,8,19,27,7,33,11,2,15,26,4,
1333,66.83063817024231,73220.6396,59372.06800000001,0,25,14,31,22,12,9,47,34,18,23,39,1,36,6,16,45,43,41,17,3,24,10,32,13,42,35,28,5,48,49,40,46,21,30,20,44,37,38,29,8,19,27,7,33,11,2,15,26,4,
1334,66.867600440979,74622.90626666666,59372.06800000001,0,25,14,31,22,12,9,47,34,18,23,39,1,36,6,16,45,43,41,17,3,24,10,32,13,42,35,28,5,48,49,40,46,21,30,20,44,37,38,29,8,19,27,7,33,11,2,15,26,4,
1335,66.90558886528015,74913.75967999999,59372.06800000001,0,25,14,31,22,12,9,47,34,18,23,39,1,36,6,16,45,43,41,17,3,24,10,32,13,42,35,28,5,48,49,40,46,21,30,20,44,37,38,29,8,19,27,7,33,11,2,15,26,4,
1336,66.94263529777527,76310.92965333333,59372.06800000001,0,25,14,31,22,12,9,47,34,18,23,39,1,36,6,16,45,43,41,17,3,24,10,32,13,42,35,28,5,48,49,40,46,21,30,20,44,37,38,29,8,19,27,7,33,11,2,15,26,4,
1337,66.98068284988403,76442.89525333332,59372.06800000001,0,25,14,31,22,12,9,47,34,18,23,39,1,36,6,16,45,43,41,17,3,24,10,32,13,42,35,28,5,48,49,40,46,21,30,20,44,37,38,29,8,19,27,7,33,11,2,15,26,4,
1338,67.01968336105347,78136.20111999998,59372.06800000001,0,25,14,31,22,12,9,47,34,18,23,39,1,36,6,16,45,43,41,17,3,24,10,32,13,42,35,28,5,48,49,40,46,21,30,20,44,37,38,29,8,19,27,7,33,11,2,15,26,4,
1339,67.05868268013,75253.35202666665,59372.06800000001,0,25,14,31,22,12,9,47,34,18,23,39,1,36,6,16,45,43,41,17,3,24,10,32,13,42,35,28,5,48,49,40,46,21,30,20,44,37,38,29,8,19,27,7,33,11,2,15,26,4,
1340,67.09472393989563,74711.23373333331,59372.06800000001,0,25,14,31,22,12,9,47,34,18,23,39,1,36,6,16,45,43,41,17,3,24,10,32,13,42,35,28,5,48,49,40,46,21,30,20,44,37,38,29,8,19,27,7,33,11,2,15,26,4,
1341,67.13273453712463,74053.05663999998,59372.06800000001,0,25,14,31,22,12,9,47,34,18,23,39,1,36,6,16,45,43,41,17,3,24,10,32,13,42,35,28,5,48,49,40,46,21,30,20,44,37,38,29,8,19,27,7,33,11,2,15,26,4,
1342,67.17073392868042,73694.20599999999,59372.06800000001,0,25,14,31,22,12,9,47,34,18,23,39,1,36,6,16,45,43,41,17,3,24,10,32,13,42,35,28,5,48,49,40,46,21,30,20,44,37,38,29,8,19,27,7,33,11,2,15,26,4,
1343,67.20778632164001,71467.0456,59372.06800000001,0,25,14,31,22,12,9,47,34,18,23,39,1,36,6,16,45,43,41,17,3,24,10,32,13,42,35,28,5,48,49,40,46,21,30,20,44,37,38,29,8,19,27,7,33,11,2,15,26,4,
1344,67.24478697776794,71787.99957333332,59372.06800000001,0,25,14,31,22,12,9,47,34,18,23,39,1,36,6,16,45,43,41,17,3,24,10,32,13,42,35,28,5,48,49,40,46,21,30,20,44,37,38,29,8,19,27,7,33,11,2,15,26,4,
1345,67.2817976474762,72877.83111999999,59372.06800000001,0,25,14,31,22,12,9,47,34,18,23,39,1,36,6,16,45,43,41,17,3,24,10,32,13,42,35,28,5,48,49,40,46,21,30,20,44,37,38,29,8,19,27,7,33,11,2,15,26,4,
1346,67.31883931159973,71216.6556,59372.06800000001,0,25,14,31,22,12,9,47,34,18,23,39,1,36,6,16,45,43,41,17,3,24,10,32,13,42,35,28,5,48,49,40,46,21,30,20,44,37,38,29,8,19,27,7,33,11,2,15,26,4,
1347,67.35589075088501,72320.05687999999,59372.06800000001,0,25,14,31,22,12,9,47,34,18,23,39,1,36,6,16,45,43,41,17,3,24,10,32,13,42,35,28,5,48,49,40,46,21,30,20,44,37,38,29,8,19,27,7,33,11,2,15,26,4,
1348,67.39584827423096,72243.37471999999,59372.06800000001,0,25,14,31,22,12,9,47,34,18,23,39,1,36,6,16,45,43,41,17,3,24,10,32,13,42,35,28,5,48,49,40,46,21,30,20,44,37,38,29,8,19,27,7,33,11,2,15,26,4,
1349,67.43287205696106,73662.07192,59372.06800000001,0,25,14,31,22,12,9,47,34,18,23,39,1,36,6,16,45,43,41,17,3,24,10,32,13,42,35,28,5,48,49,40,46,21,30,20,44,37,38,29,8,19,27,7,33,11,2,15,26,4,
1350,67.47090792655945,72267.31338666666,59372.06800000001,0,25,14,31,22,12,9,47,34,18,23,39,1,36,6,16,45,43,41,17,3,24,10,32,13,42,35,28,5,48,49,40,46,21,30,20,44,37,38,29,8,19,27,7,33,11,2,15,26,4,
1351,67.50790524482727,71934.52208000001,59372.06800000001,0,25,14,31,22,12,9,47,34,18,23,39,1,36,6,16,45,43,41,17,3,24,10,32,13,42,35,28,5,48,49,40,46,21,30,20,44,37,38,29,8,19,27,7,33,11,2,15,26,4,
1352,67.54490423202515,71750.72869333332,59372.06800000001,0,25,14,31,22,12,9,47,34,18,23,39,1,36,6,16,45,43,41,17,3,24,10,32,13,42,35,28,5,48,49,40,46,21,30,20,44,37,38,29,8,19,27,7,33,11,2,15,26,4,
1353,67.58090400695801,73096.20992,59372.06800000001,0,25,14,31,22,12,9,47,34,18,23,39,1,36,6,16,45,43,41,17,3,24,10,32,13,42,35,28,5,48,49,40,46,21,30,20,44,37,38,29,8,19,27,7,33,11,2,15,26,4,
1354,67.61991238594055,71975.75277333334,59372.06800000001,0,25,14,31,22,12,9,47,34,18,23,39,1,36,6,16,45,43,41,17,3,24,10,32,13,42,35,28,5,48,49,40,46,21,30,20,44,37,38,29,8,19,27,7,33,11,2,15,26,4,
1355,67.65891122817993,72915.7196,59372.06800000001,0,25,14,31,22,12,9,47,34,18,23,39,1,36,6,16,45,43,41,17,3,24,10,32,13,42,35,28,5,48,49,40,46,21,30,20,44,37,38,29,8,19,27,7,33,11,2,15,26,4,
1356,67.69487500190735,74699.69928000002,59372.06800000001,0,25,14,31,22,12,9,47,34,18,23,39,1,36,6,16,45,43,41,17,3,24,10,32,13,42,35,28,5,48,49,40,46,21,30,20,44,37,38,29,8,19,27,7,33,11,2,15,26,4,
1357,67.73283433914185,75190.12005333335,59372.06800000001,0,25,14,31,22,12,9,47,34,18,23,39,1,36,6,16,45,43,41,17,3,24,10,32,13,42,35,28,5,48,49,40,46,21,30,20,44,37,38,29,8,19,27,7,33,11,2,15,26,4,
1358,67.77087259292603,76738.33178666668,59372.06800000001,0,25,14,31,22,12,9,47,34,18,23,39,1,36,6,16,45,43,41,17,3,24,10,32,13,42,35,28,5,48,49,40,46,21,30,20,44,37,38,29,8,19,27,7,33,11,2,15,26,4,
1359,67.80883383750916,76021.60258666668,59372.06800000001,0,25,14,31,22,12,9,47,34,18,23,39,1,36,6,16,45,43,41,17,3,24,10,32,13,42,35,28,5,48,49,40,46,21,30,20,44,37,38,29,8,19,27,7,33,11,2,15,26,4,
1360,67.84584617614746,77067.09088,59372.06800000001,0,25,14,31,22,12,9,47,34,18,23,39,1,36,6,16,45,43,41,17,3,24,10,32,13,42,35,28,5,48,49,40,46,21,30,20,44,37,38,29,8,19,27,7,33,11,2,15,26,4,
1361,67.88288140296936,77473.21712000002,59372.06800000001,0,25,14,31,22,12,9,47,34,18,23,39,1,36,6,16,45,43,41,17,3,24,10,32,13,42,35,28,5,48,49,40,46,21,30,20,44,37,38,29,8,19,27,7,33,11,2,15,26,4,
1362,67.9208812713623,73358.39205333333,59372.06800000001,0,25,14,31,22,12,9,47,34,18,23,39,1,36,6,16,45,43,41,17,3,24,10,32,13,42,35,28,5,48,49,40,46,21,30,20,44,37,38,29,8,19,27,7,33,11,2,15,26,4,
1363,67.9588451385498,73731.29914666667,59372.06800000001,0,25,14,31,22,12,9,47,34,18,23,39,1,36,6,16,45,43,41,17,3,24,10,32,13,42,35,28,5,48,49,40,46,21,30,20,44,37,38,29,8,19,27,7,33,11,2,15,26,4,
1364,67.99584865570068,76405.82098666666,59372.06800000001,0,25,14,31,22,12,9,47,34,18,23,39,1,36,6,16,45,43,41,17,3,24,10,32,13,42,35,28,5,48,49,40,46,21,30,20,44,37,38,29,8,19,27,7,33,11,2,15,26,4,
1365,68.03286218643188,74745.82730666667,59372.06800000001,0,25,14,31,22,12,9,47,34,18,23,39,1,36,6,16,45,43,41,17,3,24,10,32,13,42,35,28,5,48,49,40,46,21,30,20,44,37,38,29,8,19,27,7,33,11,2,15,26,4,
1366,68.06986236572266,74828.12765333334,59372.06800000001,0,25,14,31,22,12,9,47,34,18,23,39,1,36,6,16,45,43,41,17,3,24,10,32,13,42,35,28,5,48,49,40,46,21,30,20,44,37,38,29,8,19,27,7,33,11,2,15,26,4,
1367,68.10590052604675,76449.87533333334,59372.06800000001,0,25,14,31,22,12,9,47,34,18,23,39,1,36,6,16,45,43,41,17,3,24,10,32,13,42,35,28,5,48,49,40,46,21,30,20,44,37,38,29,8,19,27,7,33,11,2,15,26,4,
1368,68.14589810371399,73724.03418666666,59372.06800000001,0,25,14,31,22,12,9,47,34,18,23,39,1,36,6,16,45,43,41,17,3,24,10,32,13,42,35,28,5,48,49,40,46,21,30,20,44,37,38,29,8,19,27,7,33,11,2,15,26,4,
1369,68.18493008613586,73405.13824000001,59372.06800000001,0,25,14,31,22,12,9,47,34,18,23,39,1,36,6,16,45,43,41,17,3,24,10,32,13,42,35,28,5,48,49,40,46,21,30,20,44,37,38,29,8,19,27,7,33,11,2,15,26,4,
1370,68.22392868995667,73909.55149333336,59372.06800000001,0,25,14,31,22,12,9,47,34,18,23,39,1,36,6,16,45,43,41,17,3,24,10,32,13,42,35,28,5,48,49,40,46,21,30,20,44,37,38,29,8,19,27,7,33,11,2,15,26,4,
1371,68.26189231872559,74656.27480000001,59372.06800000001,0,25,14,31,22,12,9,47,34,18,23,39,1,36,6,16,45,43,41,17,3,24,10,32,13,42,35,28,5,48,49,40,46,21,30,20,44,37,38,29,8,19,27,7,33,11,2,15,26,4,
1372,68.29792833328247,73033.48370666668,59372.06800000001,0,25,14,31,22,12,9,47,34,18,23,39,1,36,6,16,45,43,41,17,3,24,10,32,13,42,35,28,5,48,49,40,46,21,30,20,44,37,38,29,8,19,27,7,33,11,2,15,26,4,
1373,68.33698105812073,73386.97570666666,59372.06800000001,0,25,14,31,22,12,9,47,34,18,23,39,1,36,6,16,45,43,41,17,3,24,10,32,13,42,35,28,5,48,49,40,46,21,30,20,44,37,38,29,8,19,27,7,33,11,2,15,26,4,
1374,68.37394452095032,74651.93133333333,59372.06800000001,0,25,14,31,22,12,9,47,34,18,23,39,1,36,6,16,45,43,41,17,3,24,10,32,13,42,35,28,5,48,49,40,46,21,30,20,44,37,38,29,8,19,27,7,33,11,2,15,26,4,
1375,68.41194677352905,75569.26952,59372.06800000001,0,25,14,31,22,12,9,47,34,18,23,39,1,36,6,16,45,43,41,17,3,24,10,32,13,42,35,28,5,48,49,40,46,21,30,20,44,37,38,29,8,19,27,7,33,11,2,15,26,4,
1376,68.44595050811768,72297.49285333334,59372.06800000001,0,25,14,31,22,12,9,47,34,18,23,39,1,36,6,16,45,43,41,17,3,24,10,32,13,42,35,28,5,48,49,40,46,21,30,20,44,37,38,29,8,19,27,7,33,11,2,15,26,4,
1377,68.48199701309204,72425.23053333334,59372.06800000001,0,25,14,31,22,12,9,47,34,18,23,39,1,36,6,16,45,43,41,17,3,24,10,32,13,42,35,28,5,48,49,40,46,21,30,20,44,37,38,29,8,19,27,7,33,11,2,15,26,4,
1378,68.51899600028992,72682.70072000002,59372.06800000001,0,25,14,31,22,12,9,47,34,18,23,39,1,36,6,16,45,43,41,17,3,24,10,32,13,42,35,28,5,48,49,40,46,21,30,20,44,37,38,29,8,19,27,7,33,11,2,15,26,4,
1379,68.55596828460693,75879.64922666668,59372.06800000001,0,25,14,31,22,12,9,47,34,18,23,39,1,36,6,16,45,43,41,17,3,24,10,32,13,42,35,28,5,48,49,40,46,21,30,20,44,37,38,29,8,19,27,7,33,11,2,15,26,4,
1380,68.59396362304688,74114.57418666666,59372.06800000001,0,25,14,31,22,12,9,47,34,18,23,39,1,36,6,16,45,43,41,17,3,24,10,32,13,42,35,28,5,48,49,40,46,21,30,20,44,37,38,29,8,19,27,7,33,11,2,15,26,4,
1381,68.63100337982178,73986.91442666667,59372.06800000001,0,25,14,31,22,12,9,47,34,18,23,39,1,36,6,16,45,43,41,17,3,24,10,32,13,42,35,28,5,48,49,40,46,21,30,20,44,37,38,29,8,19,27,7,33,11,2,15,26,4,
1382,68.66900157928467,74862.36666666667,59372.06800000001,0,25,14,31,22,12,9,47,34,18,23,39,1,36,6,16,45,43,41,17,3,24,10,32,13,42,35,28,5,48,49,40,46,21,30,20,44,37,38,29,8,19,27,7,33,11,2,15,26,4,
1383,68.7070140838623,72683.87130666667,59372.06800000001,0,25,14,31,22,12,9,47,34,18,23,39,1,36,6,16,45,43,41,17,3,24,10,32,13,42,35,28,5,48,49,40,46,21,30,20,44,37,38,29,8,19,27,7,33,11,2,15,26,4,
1384,68.74801874160767,71572.55381333333,59372.06800000001,0,25,14,31,22,12,9,47,34,18,23,39,1,36,6,16,45,43,41,17,3,24,10,32,13,42,35,28,5,48,49,40,46,21,30,20,44,37,38,29,8,19,27,7,33,11,2,15,26,4,
1385,68.7859787940979,71794.43048,59372.06800000001,0,25,14,31,22,12,9,47,34,18,23,39,1,36,6,16,45,43,41,17,3,24,10,32,13,42,35,28,5,48,49,40,46,21,30,20,44,37,38,29,8,19,27,7,33,11,2,15,26,4,
1386,68.82401180267334,68188.67543999999,59372.06800000001,0,25,14,31,22,12,9,47,34,18,23,39,1,36,6,16,45,43,41,17,3,24,10,32,13,42,35,28,5,48,49,40,46,21,30,20,44,37,38,29,8,19,27,7,33,11,2,15,26,4,
1387,68.86201286315918,70004.70384,59372.06800000001,0,25,14,31,22,12,9,47,34,18,23,39,1,36,6,16,45,43,41,17,3,24,10,32,13,42,35,28,5,48,49,40,46,21,30,20,44,37,38,29,8,19,27,7,33,11,2,15,26,4,
1388,68.89997625350952,69459.61167999999,59372.06800000001,0,25,14,31,22,12,9,47,34,18,23,39,1,36,6,16,45,43,41,17,3,24,10,32,13,42,35,28,5,48,49,40,46,21,30,20,44,37,38,29,8,19,27,7,33,11,2,15,26,4,
1389,68.93703174591064,68392.69896,59372.06800000001,0,25,14,31,22,12,9,47,34,18,23,39,1,36,6,16,45,43,41,17,3,24,10,32,13,42,35,28,5,48,49,40,46,21,30,20,44,37,38,29,8,19,27,7,33,11,2,15,26,4,
1390,68.97406768798828,68352.50112,59372.06800000001,0,25,14,31,22,12,9,47,34,18,23,39,1,36,6,16,45,43,41,17,3,24,10,32,13,42,35,28,5,48,49,40,46,21,30,20,44,37,38,29,8,19,27,7,33,11,2,15,26,4,
1391,69.01206398010254,68144.80671999998,59372.06800000001,0,25,14,31,22,12,9,47,34,18,23,39,1,36,6,16,45,43,41,17,3,24,10,32,13,42,35,28,5,48,49,40,46,21,30,20,44,37,38,29,8,19,27,7,33,11,2,15,26,4,
1392,69.05010533332825,69127.48829333333,59372.06800000001,0,25,14,31,22,12,9,47,34,18,23,39,1,36,6,16,45,43,41,17,3,24,10,32,13,42,35,28,5,48,49,40,46,21,30,20,44,37,38,29,8,19,27,7,33,11,2,15,26,4,
1393,69.08610486984253,71416.41602666666,59372.06800000001,0,25,14,31,22,12,9,47,34,18,23,39,1,36,6,16,45,43,41,17,3,24,10,32,13,42,35,28,5,48,49,40,46,21,30,20,44,37,38,29,8,19,27,7,33,11,2,15,26,4,
1394,69.1241455078125,71378.59765333333,59372.06800000001,0,25,14,31,22,12,9,47,34,18,23,39,1,36,6,16,45,43,41,17,3,24,10,32,13,42,35,28,5,48,49,40,46,21,30,20,44,37,38,29,8,19,27,7,33,11,2,15,26,4,
1395,69.16114163398743,73008.93767999999,59372.06800000001,0,25,14,31,22,12,9,47,34,18,23,39,1,36,6,16,45,43,41,17,3,24,10,32,13,42,35,28,5,48,49,40,46,21,30,20,44,37,38,29,8,19,27,7,33,11,2,15,26,4,
1396,69.20014119148254,72070.86,59372.06800000001,0,25,14,31,22,12,9,47,34,18,23,39,1,36,6,16,45,43,41,17,3,24,10,32,13,42,35,28,5,48,49,40,46,21,30,20,44,37,38,29,8,19,27,7,33,11,2,15,26,4,
1397,69.23815608024597,72969.35839999998,59372.06800000001,0,25,14,31,22,12,9,47,34,18,23,39,1,36,6,16,45,43,41,17,3,24,10,32,13,42,35,28,5,48,49,40,46,21,30,20,44,37,38,29,8,19,27,7,33,11,2,15,26,4,
1398,69.276193857193,71703.76469333332,59372.06800000001,0,25,14,31,22,12,9,47,34,18,23,39,1,36,6,16,45,43,41,17,3,24,10,32,13,42,35,28,5,48,49,40,46,21,30,20,44,37,38,29,8,19,27,7,33,11,2,15,26,4,
1399,71.95718908309937,69827.57194666668,59372.06800000001,0,25,14,31,22,12,9,47,34,18,23,39,1,36,6,16,45,43,41,17,3,24,10,32,13,42,35,28,5,48,49,40,46,21,30,20,44,37,38,29,8,19,27,7,33,11,2,15,26,4,
1400,71.99518632888794,70506.32781333334,59372.06800000001,0,25,14,31,22,12,9,47,34,18,23,39,1,36,6,16,45,43,41,17,3,24,10,32,13,42,35,28,5,48,49,40,46,21,30,20,44,37,38,29,8,19,27,7,33,11,2,15,26,4,
1401,72.03218507766724,69584.99797333333,59372.06800000001,0,25,14,31,22,12,9,47,34,18,23,39,1,36,6,16,45,43,41,17,3,24,10,32,13,42,35,28,5,48,49,40,46,21,30,20,44,37,38,29,8,19,27,7,33,11,2,15,26,4,
1402,72.07022047042847,70139.71690666667,59372.06800000001,0,25,14,31,22,12,9,47,34,18,23,39,1,36,6,16,45,43,41,17,3,24,10,32,13,42,35,28,5,48,49,40,46,21,30,20,44,37,38,29,8,19,27,7,33,11,2,15,26,4,
1403,72.10821914672852,72637.00725333334,59372.06800000001,0,25,14,31,22,12,9,47,34,18,23,39,1,36,6,16,45,43,41,17,3,24,10,32,13,42,35,28,5,48,49,40,46,21,30,20,44,37,38,29,8,19,27,7,33,11,2,15,26,4,
1404,72.14523386955261,71990.40186666668,59372.06800000001,0,25,14,31,22,12,9,47,34,18,23,39,1,36,6,16,45,43,41,17,3,24,10,32,13,42,35,28,5,48,49,40,46,21,30,20,44,37,38,29,8,19,27,7,33,11,2,15,26,4,
1405,72.18428564071655,72428.70056000001,59372.06800000001,0,25,14,31,22,12,9,47,34,18,23,39,1,36,6,16,45,43,41,17,3,24,10,32,13,42,35,28,5,48,49,40,46,21,30,20,44,37,38,29,8,19,27,7,33,11,2,15,26,4,
1406,72.22128462791443,70397.97552,59372.06800000001,0,25,14,31,22,12,9,47,34,18,23,39,1,36,6,16,45,43,41,17,3,24,10,32,13,42,35,28,5,48,49,40,46,21,30,20,44,37,38,29,8,19,27,7,33,11,2,15,26,4,
1407,72.26128554344177,71980.96639999999,59372.06800000001,0,25,14,31,22,12,9,47,34,18,23,39,1,36,6,16,45,43,41,17,3,24,10,32,13,42,35,28,5,48,49,40,46,21,30,20,44,37,38,29,8,19,27,7,33,11,2,15,26,4,
1408,72.29728984832764,71051.48757333333,59372.06800000001,0,25,14,31,22,12,9,47,34,18,23,39,1,36,6,16,45,43,41,17,3,24,10,32,13,42,35,28,5,48,49,40,46,21,30,20,44,37,38,29,8,19,27,7,33,11,2,15,26,4,
1409,72.33785510063171,69889.97602666666,59372.06800000001,0,25,14,31,22,12,9,47,34,18,23,39,1,36,6,16,45,43,41,17,3,24,10,32,13,42,35,28,5,48,49,40,46,21,30,20,44,37,38,29,8,19,27,7,33,11,2,15,26,4,
1410,72.3739082813263,71352.14736,59372.06800000001,0,25,14,31,22,12,9,47,34,18,23,39,1,36,6,16,45,43,41,17,3,24,10,32,13,42,35,28,5,48,49,40,46,21,30,20,44,37,38,29,8,19,27,7,33,11,2,15,26,4,
1411,72.41387176513672,71505.87850666666,59372.06800000001,0,25,14,31,22,12,9,47,34,18,23,39,1,36,6,16,45,43,41,17,3,24,10,32,13,42,35,28,5,48,49,40,46,21,30,20,44,37,38,29,8,19,27,7,33,11,2,15,26,4,
1412,72.4528386592865,72650.02799999998,59372.06800000001,0,25,14,31,22,12,9,47,34,18,23,39,1,36,6,16,45,43,41,17,3,24,10,32,13,42,35,28,5,48,49,40,46,21,30,20,44,37,38,29,8,19,27,7,33,11,2,15,26,4,
1413,72.4898784160614,70993.56759999998,59372.06800000001,0,25,14,31,22,12,9,47,34,18,23,39,1,36,6,16,45,43,41,17,3,24,10,32,13,42,35,28,5,48,49,40,46,21,30,20,44,37,38,29,8,19,27,7,33,11,2,15,26,4,
1414,72.5268907546997,69529.26962666666,59372.06800000001,0,25,14,31,22,12,9,47,34,18,23,39,1,36,6,16,45,43,41,17,3,24,10,32,13,42,35,28,5,48,49,40,46,21,30,20,44,37,38,29,8,19,27,7,33,11,2,15,26,4,
1415,72.56388974189758,71627.53368,59372.06800000001,0,25,14,31,22,12,9,47,34,18,23,39,1,36,6,16,45,43,41,17,3,24,10,32,13,42,35,28,5,48,49,40,46,21,30,20,44,37,38,29,8,19,27,7,33,11,2,15,26,4,
1416,72.60294771194458,69100.78362666667,59372.06800000001,0,25,14,31,22,12,9,47,34,18,23,39,1,36,6,16,45,43,41,17,3,24,10,32,13,42,35,28,5,48,49,40,46,21,30,20,44,37,38,29,8,19,27,7,33,11,2,15,26,4,
1417,72.6389856338501,68278.24632,59372.06800000001,0,25,14,31,22,12,9,47,34,18,23,39,1,36,6,16,45,43,41,17,3,24,10,32,13,42,35,28,5,48,49,40,46,21,30,20,44,37,38,29,8,19,27,7,33,11,2,15,26,4,
1418,72.67501878738403,69610.03712,59372.06800000001,0,25,14,31,22,12,9,47,34,18,23,39,1,36,6,16,45,43,41,17,3,24,10,32,13,42,35,28,5,48,49,40,46,21,30,20,44,37,38,29,8,19,27,7,33,11,2,15,26,4,
1419,72.7110607624054,69996.63023999998,59372.06800000001,0,25,14,31,22,12,9,47,34,18,23,39,1,36,6,16,45,43,41,17,3,24,10,32,13,42,35,28,5,48,49,40,46,21,30,20,44,37,38,29,8,19,27,7,33,11,2,15,26,4,
1420,72.74702000617981,68547.73847999999,59372.06800000001,0,25,14,31,22,12,9,47,34,18,23,39,1,36,6,16,45,43,41,17,3,24,10,32,13,42,35,28,5,48,49,40,46,21,30,20,44,37,38,29,8,19,27,7,33,11,2,15,26,4,
1421,72.78403949737549,69401.30642666665,59372.06800000001,0,25,14,31,22,12,9,47,34,18,23,39,1,36,6,16,45,43,41,17,3,24,10,32,13,42,35,28,5,48,49,40,46,21,30,20,44,37,38,29,8,19,27,7,33,11,2,15,26,4,
1422,72.82107830047607,69387.69528,59372.06800000001,0,25,14,31,22,12,9,47,34,18,23,39,1,36,6,16,45,43,41,17,3,24,10,32,13,42,35,28,5,48,49,40,46,21,30,20,44,37,38,29,8,19,27,7,33,11,2,15,26,4,
1423,72.85811734199524,69807.11616,59372.06800000001,0,25,14,31,22,12,9,47,34,18,23,39,1,36,6,16,45,43,41,17,3,24,10,32,13,42,35,28,5,48,49,40,46,21,30,20,44,37,38,29,8,19,27,7,33,11,2,15,26,4,
1424,72.89811706542969,69626.61210666668,59372.06800000001,0,25,14,31,22,12,9,47,34,18,23,39,1,36,6,16,45,43,41,17,3,24,10,32,13,42,35,28,5,48,49,40,46,21,30,20,44,37,38,29,8,19,27,7,33,11,2,15,26,4,
1425,72.93607664108276,69194.24392,59372.06800000001,0,25,14,31,22,12,9,47,34,18,23,39,1,36,6,16,45,43,41,17,3,24,10,32,13,42,35,28,5,48,49,40,46,21,30,20,44,37,38,29,8,19,27,7,33,11,2,15,26,4,
1426,72.97308254241943,72137.04912000001,59372.06800000001,0,25,14,31,22,12,9,47,34,18,23,39,1,36,6,16,45,43,41,17,3,24,10,32,13,42,35,28,5,48,49,40,46,21,30,20,44,37,38,29,8,19,27,7,33,11,2,15,26,4,
1427,73.01008534431458,73307.27557333335,59372.06800000001,0,25,14,31,22,12,9,47,34,18,23,39,1,36,6,16,45,43,41,17,3,24,10,32,13,42,35,28,5,48,49,40,46,21,30,20,44,37,38,29,8,19,27,7,33,11,2,15,26,4,
1428,73.04612398147583,71065.93653333334,59372.06800000001,0,25,14,31,22,12,9,47,34,18,23,39,1,36,6,16,45,43,41,17,3,24,10,32,13,42,35,28,5,48,49,40,46,21,30,20,44,37,38,29,8,19,27,7,33,11,2,15,26,4,
1429,73.08312034606934,69717.94106666667,59372.06800000001,0,25,14,31,22,12,9,47,34,18,23,39,1,36,6,16,45,43,41,17,3,24,10,32,13,42,35,28,5,48,49,40,46,21,30,20,44,37,38,29,8,19,27,7,33,11,2,15,26,4,
1430,73.1211199760437,72283.98858666666,59372.06800000001,0,25,14,31,22,12,9,47,34,18,23,39,1,36,6,16,45,43,41,17,3,24,10,32,13,42,35,28,5,48,49,40,46,21,30,20,44,37,38,29,8,19,27,7,33,11,2,15,26,4,
1431,73.15613007545471,71314.99994666666,59372.06800000001,0,25,14,31,22,12,9,47,34,18,23,39,1,36,6,16,45,43,41,17,3,24,10,32,13,42,35,28,5,48,49,40,46,21,30,20,44,37,38,29,8,19,27,7,33,11,2,15,26,4,
1432,73.19316554069519,69759.50637333334,59372.06800000001,0,25,14,31,22,12,9,47,34,18,23,39,1,36,6,16,45,43,41,17,3,24,10,32,13,42,35,28,5,48,49,40,46,21,30,20,44,37,38,29,8,19,27,7,33,11,2,15,26,4,
1433,73.23016142845154,71146.696,59372.06800000001,0,25,14,31,22,12,9,47,34,18,23,39,1,36,6,16,45,43,41,17,3,24,10,32,13,42,35,28,5,48,49,40,46,21,30,20,44,37,38,29,8,19,27,7,33,11,2,15,26,4,
1434,73.26816082000732,69640.07946666666,59372.06800000001,0,25,14,31,22,12,9,47,34,18,23,39,1,36,6,16,45,43,41,17,3,24,10,32,13,42,35,28,5,48,49,40,46,21,30,20,44,37,38,29,8,19,27,7,33,11,2,15,26,4,
1435,73.30512189865112,70285.18599999999,59372.06800000001,0,25,14,31,22,12,9,47,34,18,23,39,1,36,6,16,45,43,41,17,3,24,10,32,13,42,35,28,5,48,49,40,46,21,30,20,44,37,38,29,8,19,27,7,33,11,2,15,26,4,
1436,73.34312224388123,70744.98133333333,59372.06800000001,0,25,14,31,22,12,9,47,34,18,23,39,1,36,6,16,45,43,41,17,3,24,10,32,13,42,35,28,5,48,49,40,46,21,30,20,44,37,38,29,8,19,27,7,33,11,2,15,26,4,
1437,73.38015270233154,73827.27944,59372.06800000001,0,25,14,31,22,12,9,47,34,18,23,39,1,36,6,16,45,43,41,17,3,24,10,32,13,42,35,28,5,48,49,40,46,21,30,20,44,37,38,29,8,19,27,7,33,11,2,15,26,4,
1438,73.41818857192993,72587.39837333333,59372.06800000001,0,25,14,31,22,12,9,47,34,18,23,39,1,36,6,16,45,43,41,17,3,24,10,32,13,42,35,28,5,48,49,40,46,21,30,20,44,37,38,29,8,19,27,7,33,11,2,15,26,4,
1439,73.45815587043762,70784.67138666668,59372.06800000001,0,25,14,31,22,12,9,47,34,18,23,39,1,36,6,16,45,43,41,17,3,24,10,32,13,42,35,28,5,48,49,40,46,21,30,20,44,37,38,29,8,19,27,7,33,11,2,15,26,4,
1440,73.49620461463928,71067.63805333333,59372.06800000001,0,25,14,31,22,12,9,47,34,18,23,39,1,36,6,16,45,43,41,17,3,24,10,32,13,42,35,28,5,48,49,40,46,21,30,20,44,37,38,29,8,19,27,7,33,11,2,15,26,4,
1441,73.53120470046997,69053.88253333334,59372.06800000001,0,25,14,31,22,12,9,47,34,18,23,39,1,36,6,16,45,43,41,17,3,24,10,32,13,42,35,28,5,48,49,40,46,21,30,20,44,37,38,29,8,19,27,7,33,11,2,15,26,4,
1442,73.57020711898804,68612.66144,59372.06800000001,0,25,14,31,22,12,9,47,34,18,23,39,1,36,6,16,45,43,41,17,3,24,10,32,13,42,35,28,5,48,49,40,46,21,30,20,44,37,38,29,8,19,27,7,33,11,2,15,26,4,
1443,73.606210231781,70034.2164,59372.06800000001,0,25,14,31,22,12,9,47,34,18,23,39,1,36,6,16,45,43,41,17,3,24,10,32,13,42,35,28,5,48,49,40,46,21,30,20,44,37,38,29,8,19,27,7,33,11,2,15,26,4,
1444,73.64317297935486,70480.08285333334,59372.06800000001,0,25,14,31,22,12,9,47,34,18,23,39,1,36,6,16,45,43,41,17,3,24,10,32,13,42,35,28,5,48,49,40,46,21,30,20,44,37,38,29,8,19,27,7,33,11,2,15,26,4,
1445,73.68017363548279,68697.72448,59372.06800000001,0,25,14,31,22,12,9,47,34,18,23,39,1,36,6,16,45,43,41,17,3,24,10,32,13,42,35,28,5,48,49,40,46,21,30,20,44,37,38,29,8,19,27,7,33,11,2,15,26,4,
1446,73.71621537208557,69680.70474666668,59372.06800000001,0,25,14,31,22,12,9,47,34,18,23,39,1,36,6,16,45,43,41,17,3,24,10,32,13,42,35,28,5,48,49,40,46,21,30,20,44,37,38,29,8,19,27,7,33,11,2,15,26,4,
1447,73.75417423248291,69045.04128,59372.06800000001,0,25,14,31,22,12,9,47,34,18,23,39,1,36,6,16,45,43,41,17,3,24,10,32,13,42,35,28,5,48,49,40,46,21,30,20,44,37,38,29,8,19,27,7,33,11,2,15,26,4,
1448,73.7921690940857,68541.64285333332,59372.06800000001,0,25,14,31,22,12,9,47,34,18,23,39,1,36,6,16,45,43,41,17,3,24,10,32,13,42,35,28,5,48,49,40,46,21,30,20,44,37,38,29,8,19,27,7,33,11,2,15,26,4,
1449,73.83216786384583,68807.65018666665,59372.06800000001,0,25,14,31,22,12,9,47,34,18,23,39,1,36,6,16,45,43,41,17,3,24,10,32,13,42,35,28,5,48,49,40,46,21,30,20,44,37,38,29,8,19,27,7,33,11,2,15,26,4,
1450,73.87012887001038,68788.38762666668,59372.06800000001,0,25,14,31,22,12,9,47,34,18,23,39,1,36,6,16,45,43,41,17,3,24,10,32,13,42,35,28,5,48,49,40,46,21,30,20,44,37,38,29,8,19,27,7,33,11,2,15,26,4,
1451,73.90716910362244,70769.21629333335,59372.06800000001,0,25,14,31,22,12,9,47,34,18,23,39,1,36,6,16,45,43,41,17,3,24,10,32,13,42,35,28,5,48,49,40,46,21,30,20,44,37,38,29,8,19,27,7,33,11,2,15,26,4,
1452,73.94216871261597,72210.70872,59372.06800000001,0,25,14,31,22,12,9,47,34,18,23,39,1,36,6,16,45,43,41,17,3,24,10,32,13,42,35,28,5,48,49,40,46,21,30,20,44,37,38,29,8,19,27,7,33,11,2,15,26,4,
1453,73.97720718383789,72218.97376,59372.06800000001,0,25,14,31,22,12,9,47,34,18,23,39,1,36,6,16,45,43,41,17,3,24,10,32,13,42,35,28,5,48,49,40,46,21,30,20,44,37,38,29,8,19,27,7,33,11,2,15,26,4,
1454,74.01722025871277,72055.57341333332,59372.06800000001,0,25,14,31,22,12,9,47,34,18,23,39,1,36,6,16,45,43,41,17,3,24,10,32,13,42,35,28,5,48,49,40,46,21,30,20,44,37,38,29,8,19,27,7,33,11,2,15,26,4,
1455,74.05320978164673,69666.31538666665,59372.06800000001,0,25,14,31,22,12,9,47,34,18,23,39,1,36,6,16,45,43,41,17,3,24,10,32,13,42,35,28,5,48,49,40,46,21,30,20,44,37,38,29,8,19,27,7,33,11,2,15,26,4,
1456,74.09121012687683,70358.65189333333,59372.06800000001,0,25,14,31,22,12,9,47,34,18,23,39,1,36,6,16,45,43,41,17,3,24,10,32,13,42,35,28,5,48,49,40,46,21,30,20,44,37,38,29,8,19,27,7,33,11,2,15,26,4,
1457,74.12820744514465,71879.88522666665,59372.06800000001,0,25,14,31,22,12,9,47,34,18,23,39,1,36,6,16,45,43,41,17,3,24,10,32,13,42,35,28,5,48,49,40,46,21,30,20,44,37,38,29,8,19,27,7,33,11,2,15,26,4,
1458,74.1662061214447,72043.05909333333,59372.06800000001,0,25,14,31,22,12,9,47,34,18,23,39,1,36,6,16,45,43,41,17,3,24,10,32,13,42,35,28,5,48,49,40,46,21,30,20,44,37,38,29,8,19,27,7,33,11,2,15,26,4,
1459,74.2032117843628,71353.82162666666,59372.06800000001,0,25,14,31,22,12,9,47,34,18,23,39,1,36,6,16,45,43,41,17,3,24,10,32,13,42,35,28,5,48,49,40,46,21,30,20,44,37,38,29,8,19,27,7,33,11,2,15,26,4,
1460,74.24021768569946,72918.63632,59372.06800000001,0,25,14,31,22,12,9,47,34,18,23,39,1,36,6,16,45,43,41,17,3,24,10,32,13,42,35,28,5,48,49,40,46,21,30,20,44,37,38,29,8,19,27,7,33,11,2,15,26,4,
1461,74.27721977233887,71384.14632,59372.06800000001,0,25,14,31,22,12,9,47,34,18,23,39,1,36,6,16,45,43,41,17,3,24,10,32,13,42,35,28,5,48,49,40,46,21,30,20,44,37,38,29,8,19,27,7,33,11,2,15,26,4,
1462,74.31525683403015,76766.80125333334,59372.06800000001,0,25,14,31,22,12,9,47,34,18,23,39,1,36,6,16,45,43,41,17,3,24,10,32,13,42,35,28,5,48,49,40,46,21,30,20,44,37,38,29,8,19,27,7,33,11,2,15,26,4,
1463,74.35325622558594,75800.20392000001,59372.06800000001,0,25,14,31,22,12,9,47,34,18,23,39,1,36,6,16,45,43,41,17,3,24,10,32,13,42,35,28,5,48,49,40,46,21,30,20,44,37,38,29,8,19,27,7,33,11,2,15,26,4,
1464,74.38929462432861,73966.37138666668,59372.06800000001,0,25,14,31,22,12,9,47,34,18,23,39,1,36,6,16,45,43,41,17,3,24,10,32,13,42,35,28,5,48,49,40,46,21,30,20,44,37,38,29,8,19,27,7,33,11,2,15,26,4,
1465,74.42626070976257,74005.57498666667,59372.06800000001,0,25,14,31,22,12,9,47,34,18,23,39,1,36,6,16,45,43,41,17,3,24,10,32,13,42,35,28,5,48,49,40,46,21,30,20,44,37,38,29,8,19,27,7,33,11,2,15,26,4,
1466,74.46226096153259,73720.52589333334,59372.06800000001,0,25,14,31,22,12,9,47,34,18,23,39,1,36,6,16,45,43,41,17,3,24,10,32,13,42,35,28,5,48,49,40,46,21,30,20,44,37,38,29,8,19,27,7,33,11,2,15,26,4,
1467,74.49922156333923,73005.02986666668,59372.06800000001,0,25,14,31,22,12,9,47,34,18,23,39,1,36,6,16,45,43,41,17,3,24,10,32,13,42,35,28,5,48,49,40,46,21,30,20,44,37,38,29,8,19,27,7,33,11,2,15,26,4,
1468,74.53823161125183,73061.75717333335,59372.06800000001,0,25,14,31,22,12,9,47,34,18,23,39,1,36,6,16,45,43,41,17,3,24,10,32,13,42,35,28,5,48,49,40,46,21,30,20,44,37,38,29,8,19,27,7,33,11,2,15,26,4,
1469,74.57722926139832,73492.66120000002,59372.06800000001,0,25,14,31,22,12,9,47,34,18,23,39,1,36,6,16,45,43,41,17,3,24,10,32,13,42,35,28,5,48,49,40,46,21,30,20,44,37,38,29,8,19,27,7,33,11,2,15,26,4,
1470,74.61423134803772,75648.37997333334,59372.06800000001,0,25,14,31,22,12,9,47,34,18,23,39,1,36,6,16,45,43,41,17,3,24,10,32,13,42,35,28,5,48,49,40,46,21,30,20,44,37,38,29,8,19,27,7,33,11,2,15,26,4,
1471,74.65319323539734,75201.07541333334,59372.06800000001,0,25,14,31,22,12,9,47,34,18,23,39,1,36,6,16,45,43,41,17,3,24,10,32,13,42,35,28,5,48,49,40,46,21,30,20,44,37,38,29,8,19,27,7,33,11,2,15,26,4,
1472,74.69320344924927,74389.53277333334,59372.06800000001,0,25,14,31,22,12,9,47,34,18,23,39,1,36,6,16,45,43,41,17,3,24,10,32,13,42,35,28,5,48,49,40,46,21,30,20,44,37,38,29,8,19,27,7,33,11,2,15,26,4,
1473,74.73120832443237,75388.53706666667,59372.06800000001,0,25,14,31,22,12,9,47,34,18,23,39,1,36,6,16,45,43,41,17,3,24,10,32,13,42,35,28,5,48,49,40,46,21,30,20,44,37,38,29,8,19,27,7,33,11,2,15,26,4,
1474,74.76724624633789,76089.14717333335,59372.06800000001,0,25,14,31,22,12,9,47,34,18,23,39,1,36,6,16,45,43,41,17,3,24,10,32,13,42,35,28,5,48,49,40,46,21,30,20,44,37,38,29,8,19,27,7,33,11,2,15,26,4,
1475,74.805246591568,74189.00253333333,59372.06800000001,0,25,14,31,22,12,9,47,34,18,23,39,1,36,6,16,45,43,41,17,3,24,10,32,13,42,35,28,5,48,49,40,46,21,30,20,44,37,38,29,8,19,27,7,33,11,2,15,26,4,
1476,74.8422920703888,73679.96189333334,59372.06800000001,0,25,14,31,22,12,9,47,34,18,23,39,1,36,6,16,45,43,41,17,3,24,10,32,13,42,35,28,5,48,49,40,46,21,30,20,44,37,38,29,8,19,27,7,33,11,2,15,26,4,
1477,74.87933039665222,74688.67415999998,59372.06800000001,0,25,14,31,22,12,9,47,34,18,23,39,1,36,6,16,45,43,41,17,3,24,10,32,13,42,35,28,5,48,49,40,46,21,30,20,44,37,38,29,8,19,27,7,33,11,2,15,26,4,
1478,74.91538119316101,73087.43632,59372.06800000001,0,25,14,31,22,12,9,47,34,18,23,39,1,36,6,16,45,43,41,17,3,24,10,32,13,42,35,28,5,48,49,40,46,21,30,20,44,37,38,29,8,19,27,7,33,11,2,15,26,4,
1479,74.95141863822937,73524.56165333334,59372.06800000001,0,25,14,31,22,12,9,47,34,18,23,39,1,36,6,16,45,43,41,17,3,24,10,32,13,42,35,28,5,48,49,40,46,21,30,20,44,37,38,29,8,19,27,7,33,11,2,15,26,4,
1480,74.98847222328186,73239.26674666666,59372.06800000001,0,25,14,31,22,12,9,47,34,18,23,39,1,36,6,16,45,43,41,17,3,24,10,32,13,42,35,28,5,48,49,40,46,21,30,20,44,37,38,29,8,19,27,7,33,11,2,15,26,4,
1481,75.02347183227539,71051.55250666667,59372.06800000001,0,25,14,31,22,12,9,47,34,18,23,39,1,36,6,16,45,43,41,17,3,24,10,32,13,42,35,28,5,48,49,40,46,21,30,20,44,37,38,29,8,19,27,7,33,11,2,15,26,4,
1482,75.06243443489075,71385.65077333334,59372.06800000001,0,25,14,31,22,12,9,47,34,18,23,39,1,36,6,16,45,43,41,17,3,24,10,32,13,42,35,28,5,48,49,40,46,21,30,20,44,37,38,29,8,19,27,7,33,11,2,15,26,4,
1483,75.09939813613892,70049.89693333334,59372.06800000001,0,25,14,31,22,12,9,47,34,18,23,39,1,36,6,16,45,43,41,17,3,24,10,32,13,42,35,28,5,48,49,40,46,21,30,20,44,37,38,29,8,19,27,7,33,11,2,15,26,4,
1484,75.13744711875916,69656.54397333333,59372.06800000001,0,25,14,31,22,12,9,47,34,18,23,39,1,36,6,16,45,43,41,17,3,24,10,32,13,42,35,28,5,48,49,40,46,21,30,20,44,37,38,29,8,19,27,7,33,11,2,15,26,4,
1485,75.1764485836029,70393.08954666667,59372.06800000001,0,25,14,31,22,12,9,47,34,18,23,39,1,36,6,16,45,43,41,17,3,24,10,32,13,42,35,28,5,48,49,40,46,21,30,20,44,37,38,29,8,19,27,7,33,11,2,15,26,4,
1486,75.21345043182373,70583.54896,59372.06800000001,0,25,14,31,22,12,9,47,34,18,23,39,1,36,6,16,45,43,41,17,3,24,10,32,13,42,35,28,5,48,49,40,46,21,30,20,44,37,38,29,8,19,27,7,33,11,2,15,26,4,
1487,75.25144624710083,71179.98632000001,59372.06800000001,0,25,14,31,22,12,9,47,34,18,23,39,1,36,6,16,45,43,41,17,3,24,10,32,13,42,35,28,5,48,49,40,46,21,30,20,44,37,38,29,8,19,27,7,33,11,2,15,26,4,
1488,75.28944969177246,71515.39154666668,59372.06800000001,0,25,14,31,22,12,9,47,34,18,23,39,1,36,6,16,45,43,41,17,3,24,10,32,13,42,35,28,5,48,49,40,46,21,30,20,44,37,38,29,8,19,27,7,33,11,2,15,26,4,
1489,75.32446002960205,73044.76112000002,59372.06800000001,0,25,14,31,22,12,9,47,34,18,23,39,1,36,6,16,45,43,41,17,3,24,10,32,13,42,35,28,5,48,49,40,46,21,30,20,44,37,38,29,8,19,27,7,33,11,2,15,26,4,
1490,75.36151099205017,71931.26832000002,59372.06800000001,0,25,14,31,22,12,9,47,34,18,23,39,1,36,6,16,45,43,41,17,3,24,10,32,13,42,35,28,5,48,49,40,46,21,30,20,44,37,38,29,8,19,27,7,33,11,2,15,26,4,
1491,75.39849829673767,69595.30752000002,59372.06800000001,0,25,14,31,22,12,9,47,34,18,23,39,1,36,6,16,45,43,41,17,3,24,10,32,13,42,35,28,5,48,49,40,46,21,30,20,44,37,38,29,8,19,27,7,33,11,2,15,26,4,
1492,75.44551682472229,71087.31328000002,59372.06800000001,0,25,14,31,22,12,9,47,34,18,23,39,1,36,6,16,45,43,41,17,3,24,10,32,13,42,35,28,5,48,49,40,46,21,30,20,44,37,38,29,8,19,27,7,33,11,2,15,26,4,
1493,75.4834771156311,71745.94320000001,59372.06800000001,0,25,14,31,22,12,9,47,34,18,23,39,1,36,6,16,45,43,41,17,3,24,10,32,13,42,35,28,5,48,49,40,46,21,30,20,44,37,38,29,8,19,27,7,33,11,2,15,26,4,
1494,75.52047491073608,70479.72912,59372.06800000001,0,25,14,31,22,12,9,47,34,18,23,39,1,36,6,16,45,43,41,17,3,24,10,32,13,42,35,28,5,48,49,40,46,21,30,20,44,37,38,29,8,19,27,7,33,11,2,15,26,4,
1495,75.55843830108643,70445.88738666667,59372.06800000001,0,25,14,31,22,12,9,47,34,18,23,39,1,36,6,16,45,43,41,17,3,24,10,32,13,42,35,28,5,48,49,40,46,21,30,20,44,37,38,29,8,19,27,7,33,11,2,15,26,4,
1496,75.59747791290283,70962.54341333335,59372.06800000001,0,25,14,31,22,12,9,47,34,18,23,39,1,36,6,16,45,43,41,17,3,24,10,32,13,42,35,28,5,48,49,40,46,21,30,20,44,37,38,29,8,19,27,7,33,11,2,15,26,4,
1497,75.63643956184387,70815.81093333334,59372.06800000001,0,25,14,31,22,12,9,47,34,18,23,39,1,36,6,16,45,43,41,17,3,24,10,32,13,42,35,28,5,48,49,40,46,21,30,20,44,37,38,29,8,19,27,7,33,11,2,15,26,4,
1498,75.67439723014832,71614.15026666668,59372.06800000001,0,25,14,31,22,12,9,47,34,18,23,39,1,36,6,16,45,43,41,17,3,24,10,32,13,42,35,28,5,48,49,40,46,21,30,20,44,37,38,29,8,19,27,7,33,11,2,15,26,4,
1499,75.71142840385437,73562.92576000001,59372.06800000001,0,25,14,31,22,12,9,47,34,18,23,39,1,36,6,16,45,43,41,17,3,24,10,32,13,42,35,28,5,48,49,40,46,21,30,20,44,37,38,29,8,19,27,7,33,11,2,15,26,4,
1500,75.7493999004364,72480.6672,59372.06800000001,0,25,14,31,22,12,9,47,34,18,23,39,1,36,6,16,45,43,41,17,3,24,10,32,13,42,35,28,5,48,49,40,46,21,30,20,44,37,38,29,8,19,27,7,33,11,2,15,26,4,
1501,75.78640055656433,72338.75512,59372.06800000001,0,25,14,31,22,12,9,47,34,18,23,39,1,36,6,16,45,43,41,17,3,24,10,32,13,42,35,28,5,48,49,40,46,21,30,20,44,37,38,29,8,19,27,7,33,11,2,15,26,4,
1502,75.8233573436737,72169.28442666668,59372.06800000001,0,25,14,31,22,12,9,47,34,18,23,39,1,36,6,16,45,43,41,17,3,24,10,32,13,42,35,28,5,48,49,40,46,21,30,20,44,37,38,29,8,19,27,7,33,11,2,15,26,4,
1503,75.8603584766388,72493.26066666668,59372.06800000001,0,25,14,31,22,12,9,47,34,18,23,39,1,36,6,16,45,43,41,17,3,24,10,32,13,42,35,28,5,48,49,40,46,21,30,20,44,37,38,29,8,19,27,7,33,11,2,15,26,4,
1504,75.89735531806946,71548.76093333335,59372.06800000001,0,25,14,31,22,12,9,47,34,18,23,39,1,36,6,16,45,43,41,17,3,24,10,32,13,42,35,28,5,48,49,40,46,21,30,20,44,37,38,29,8,19,27,7,33,11,2,15,26,4,
1505,75.93535709381104,71400.60853333335,59372.06800000001,0,25,14,31,22,12,9,47,34,18,23,39,1,36,6,16,45,43,41,17,3,24,10,32,13,42,35,28,5,48,49,40,46,21,30,20,44,37,38,29,8,19,27,7,33,11,2,15,26,4,
1506,75.97435545921326,70513.54157333334,59372.06800000001,0,25,14,31,22,12,9,47,34,18,23,39,1,36,6,16,45,43,41,17,3,24,10,32,13,42,35,28,5,48,49,40,46,21,30,20,44,37,38,29,8,19,27,7,33,11,2,15,26,4,
1507,76.0123541355133,70969.57680000001,59372.06800000001,0,25,14,31,22,12,9,47,34,18,23,39,1,36,6,16,45,43,41,17,3,24,10,32,13,42,35,28,5,48,49,40,46,21,30,20,44,37,38,29,8,19,27,7,33,11,2,15,26,4,
1508,76.0493516921997,71728.61290666668,59372.06800000001,0,25,14,31,22,12,9,47,34,18,23,39,1,36,6,16,45,43,41,17,3,24,10,32,13,42,35,28,5,48,49,40,46,21,30,20,44,37,38,29,8,19,27,7,33,11,2,15,26,4,
1509,76.08835339546204,71868.42682666668,59372.06800000001,0,25,14,31,22,12,9,47,34,18,23,39,1,36,6,16,45,43,41,17,3,24,10,32,13,42,35,28,5,48,49,40,46,21,30,20,44,37,38,29,8,19,27,7,33,11,2,15,26,4,
1510,76.12734699249268,72937.29002666667,59372.06800000001,0,25,14,31,22,12,9,47,34,18,23,39,1,36,6,16,45,43,41,17,3,24,10,32,13,42,35,28,5,48,49,40,46,21,30,20,44,37,38,29,8,19,27,7,33,11,2,15,26,4,
1511,76.16734385490417,71401.83253333333,59372.06800000001,0,25,14,31,22,12,9,47,34,18,23,39,1,36,6,16,45,43,41,17,3,24,10,32,13,42,35,28,5,48,49,40,46,21,30,20,44,37,38,29,8,19,27,7,33,11,2,15,26,4,
1512,76.20534324645996,71045.7388,59372.06800000001,0,25,14,31,22,12,9,47,34,18,23,39,1,36,6,16,45,43,41,17,3,24,10,32,13,42,35,28,5,48,49,40,46,21,30,20,44,37,38,29,8,19,27,7,33,11,2,15,26,4,
1513,76.2433409690857,72247.43357333333,59372.06800000001,0,25,14,31,22,12,9,47,34,18,23,39,1,36,6,16,45,43,41,17,3,24,10,32,13,42,35,28,5,48,49,40,46,21,30,20,44,37,38,29,8,19,27,7,33,11,2,15,26,4,
1514,76.28033876419067,73470.64093333334,59372.06800000001,0,25,14,31,22,12,9,47,34,18,23,39,1,36,6,16,45,43,41,17,3,24,10,32,13,42,35,28,5,48,49,40,46,21,30,20,44,37,38,29,8,19,27,7,33,11,2,15,26,4,
1515,76.31733870506287,72327.86466666668,59372.06800000001,0,25,14,31,22,12,9,47,34,18,23,39,1,36,6,16,45,43,41,17,3,24,10,32,13,42,35,28,5,48,49,40,46,21,30,20,44,37,38,29,8,19,27,7,33,11,2,15,26,4,
1516,76.35433673858643,72407.27914666668,59372.06800000001,0,25,14,31,22,12,9,47,34,18,23,39,1,36,6,16,45,43,41,17,3,24,10,32,13,42,35,28,5,48,49,40,46,21,30,20,44,37,38,29,8,19,27,7,33,11,2,15,26,4,
1517,76.39233469963074,71677.46421333334,59372.06800000001,0,25,14,31,22,12,9,47,34,18,23,39,1,36,6,16,45,43,41,17,3,24,10,32,13,42,35,28,5,48,49,40,46,21,30,20,44,37,38,29,8,19,27,7,33,11,2,15,26,4,
1518,76.4293327331543,70552.82797333333,59372.06800000001,0,25,14,31,22,12,9,47,34,18,23,39,1,36,6,16,45,43,41,17,3,24,10,32,13,42,35,28,5,48,49,40,46,21,30,20,44,37,38,29,8,19,27,7,33,11,2,15,26,4,
1519,76.46636438369751,70613.41264,59372.06800000001,0,25,14,31,22,12,9,47,34,18,23,39,1,36,6,16,45,43,41,17,3,24,10,32,13,42,35,28,5,48,49,40,46,21,30,20,44,37,38,29,8,19,27,7,33,11,2,15,26,4,
1520,76.50332689285278,71359.7908,59372.06800000001,0,25,14,31,22,12,9,47,34,18,23,39,1,36,6,16,45,43,41,17,3,24,10,32,13,42,35,28,5,48,49,40,46,21,30,20,44,37,38,29,8,19,27,7,33,11,2,15,26,4,
1521,76.54136562347412,71483.59466666666,59372.06800000001,0,25,14,31,22,12,9,47,34,18,23,39,1,36,6,16,45,43,41,17,3,24,10,32,13,42,35,28,5,48,49,40,46,21,30,20,44,37,38,29,8,19,27,7,33,11,2,15,26,4,
1522,76.58236050605774,72937.97959999999,59372.06800000001,0,25,14,31,22,12,9,47,34,18,23,39,1,36,6,16,45,43,41,17,3,24,10,32,13,42,35,28,5,48,49,40,46,21,30,20,44,37,38,29,8,19,27,7,33,11,2,15,26,4,
1523,76.6193916797638,77176.16866666666,59372.06800000001,0,25,14,31,22,12,9,47,34,18,23,39,1,36,6,16,45,43,41,17,3,24,10,32,13,42,35,28,5,48,49,40,46,21,30,20,44,37,38,29,8,19,27,7,33,11,2,15,26,4,
1524,76.65540194511414,78276.32306666665,59372.06800000001,0,25,14,31,22,12,9,47,34,18,23,39,1,36,6,16,45,43,41,17,3,24,10,32,13,42,35,28,5,48,49,40,46,21,30,20,44,37,38,29,8,19,27,7,33,11,2,15,26,4,
1525,76.69536185264587,78243.80413333331,59372.06800000001,0,25,14,31,22,12,9,47,34,18,23,39,1,36,6,16,45,43,41,17,3,24,10,32,13,42,35,28,5,48,49,40,46,21,30,20,44,37,38,29,8,19,27,7,33,11,2,15,26,4,
1526,76.7333619594574,76930.63877333332,59372.06800000001,0,25,14,31,22,12,9,47,34,18,23,39,1,36,6,16,45,43,41,17,3,24,10,32,13,42,35,28,5,48,49,40,46,21,30,20,44,37,38,29,8,19,27,7,33,11,2,15,26,4,
1527,76.77032494544983,73546.13984,59372.06800000001,0,25,14,31,22,12,9,47,34,18,23,39,1,36,6,16,45,43,41,17,3,24,10,32,13,42,35,28,5,48,49,40,46,21,30,20,44,37,38,29,8,19,27,7,33,11,2,15,26,4,
1528,76.80728673934937,74419.57178666667,59372.06800000001,0,25,14,31,22,12,9,47,34,18,23,39,1,36,6,16,45,43,41,17,3,24,10,32,13,42,35,28,5,48,49,40,46,21,30,20,44,37,38,29,8,19,27,7,33,11,2,15,26,4,
1529,76.84533071517944,72776.16848,59372.06800000001,0,25,14,31,22,12,9,47,34,18,23,39,1,36,6,16,45,43,41,17,3,24,10,32,13,42,35,28,5,48,49,40,46,21,30,20,44,37,38,29,8,19,27,7,33,11,2,15,26,4,
1530,76.88232660293579,72144.60128,59372.06800000001,0,25,14,31,22,12,9,47,34,18,23,39,1,36,6,16,45,43,41,17,3,24,10,32,13,42,35,28,5,48,49,40,46,21,30,20,44,37,38,29,8,19,27,7,33,11,2,15,26,4,
1531,76.91936254501343,72751.46026666668,59372.06800000001,0,25,14,31,22,12,9,47,34,18,23,39,1,36,6,16,45,43,41,17,3,24,10,32,13,42,35,28,5,48,49,40,46,21,30,20,44,37,38,29,8,19,27,7,33,11,2,15,26,4,
1532,76.95636200904846,72433.94888,59372.06800000001,0,25,14,31,22,12,9,47,34,18,23,39,1,36,6,16,45,43,41,17,3,24,10,32,13,42,35,28,5,48,49,40,46,21,30,20,44,37,38,29,8,19,27,7,33,11,2,15,26,4,
1533,76.99532628059387,71329.18909333333,59372.06800000001,0,25,14,31,22,12,9,47,34,18,23,39,1,36,6,16,45,43,41,17,3,24,10,32,13,42,35,28,5,48,49,40,46,21,30,20,44,37,38,29,8,19,27,7,33,11,2,15,26,4,
1534,77.03532457351685,73291.74269333333,59372.06800000001,0,25,14,31,22,12,9,47,34,18,23,39,1,36,6,16,45,43,41,17,3,24,10,32,13,42,35,28,5,48,49,40,46,21,30,20,44,37,38,29,8,19,27,7,33,11,2,15,26,4,
1535,77.07237577438354,75243.5356,59372.06800000001,0,25,14,31,22,12,9,47,34,18,23,39,1,36,6,16,45,43,41,17,3,24,10,32,13,42,35,28,5,48,49,40,46,21,30,20,44,37,38,29,8,19,27,7,33,11,2,15,26,4,
1536,77.1113350391388,75113.27778666667,59372.06800000001,0,25,14,31,22,12,9,47,34,18,23,39,1,36,6,16,45,43,41,17,3,24,10,32,13,42,35,28,5,48,49,40,46,21,30,20,44,37,38,29,8,19,27,7,33,11,2,15,26,4,
1537,77.14733290672302,76475.73413333335,59372.06800000001,0,25,14,31,22,12,9,47,34,18,23,39,1,36,6,16,45,43,41,17,3,24,10,32,13,42,35,28,5,48,49,40,46,21,30,20,44,37,38,29,8,19,27,7,33,11,2,15,26,4,
1538,77.18433451652527,76951.56400000001,59372.06800000001,0,25,14,31,22,12,9,47,34,18,23,39,1,36,6,16,45,43,41,17,3,24,10,32,13,42,35,28,5,48,49,40,46,21,30,20,44,37,38,29,8,19,27,7,33,11,2,15,26,4,
1539,77.22033357620239,75421.17272000002,59372.06800000001,0,25,14,31,22,12,9,47,34,18,23,39,1,36,6,16,45,43,41,17,3,24,10,32,13,42,35,28,5,48,49,40,46,21,30,20,44,37,38,29,8,19,27,7,33,11,2,15,26,4,
1540,77.25934362411499,73886.89016,59372.06800000001,0,25,14,31,22,12,9,47,34,18,23,39,1,36,6,16,45,43,41,17,3,24,10,32,13,42,35,28,5,48,49,40,46,21,30,20,44,37,38,29,8,19,27,7,33,11,2,15,26,4,
1541,77.29637336730957,73395.11418666667,59372.06800000001,0,25,14,31,22,12,9,47,34,18,23,39,1,36,6,16,45,43,41,17,3,24,10,32,13,42,35,28,5,48,49,40,46,21,30,20,44,37,38,29,8,19,27,7,33,11,2,15,26,4,
1542,77.3333728313446,71811.82552000001,59372.06800000001,0,25,14,31,22,12,9,47,34,18,23,39,1,36,6,16,45,43,41,17,3,24,10,32,13,42,35,28,5,48,49,40,46,21,30,20,44,37,38,29,8,19,27,7,33,11,2,15,26,4,
1543,77.47037196159363,73239.37317333336,59372.06800000001,0,25,14,31,22,12,9,47,34,18,23,39,1,36,6,16,45,43,41,17,3,24,10,32,13,42,35,28,5,48,49,40,46,21,30,20,44,37,38,29,8,19,27,7,33,11,2,15,26,4,
1544,77.50737190246582,74882.7568,59372.06800000001,0,25,14,31,22,12,9,47,34,18,23,39,1,36,6,16,45,43,41,17,3,24,10,32,13,42,35,28,5,48,49,40,46,21,30,20,44,37,38,29,8,19,27,7,33,11,2,15,26,4,
1545,77.54337048530579,75687.10832,59372.06800000001,0,25,14,31,22,12,9,47,34,18,23,39,1,36,6,16,45,43,41,17,3,24,10,32,13,42,35,28,5,48,49,40,46,21,30,20,44,37,38,29,8,19,27,7,33,11,2,15,26,4,
1546,77.5804090499878,74648.40818666667,59372.06800000001,0,25,14,31,22,12,9,47,34,18,23,39,1,36,6,16,45,43,41,17,3,24,10,32,13,42,35,28,5,48,49,40,46,21,30,20,44,37,38,29,8,19,27,7,33,11,2,15,26,4,
1547,77.61845874786377,73215.88397333334,59372.06800000001,0,25,14,31,22,12,9,47,34,18,23,39,1,36,6,16,45,43,41,17,3,24,10,32,13,42,35,28,5,48,49,40,46,21,30,20,44,37,38,29,8,19,27,7,33,11,2,15,26,4,
1548,77.65449786186218,75479.53693333335,59372.06800000001,0,25,14,31,22,12,9,47,34,18,23,39,1,36,6,16,45,43,41,17,3,24,10,32,13,42,35,28,5,48,49,40,46,21,30,20,44,37,38,29,8,19,27,7,33,11,2,15,26,4,
1549,77.69155073165894,74106.76098666666,59372.06800000001,0,25,14,31,22,12,9,47,34,18,23,39,1,36,6,16,45,43,41,17,3,24,10,32,13,42,35,28,5,48,49,40,46,21,30,20,44,37,38,29,8,19,27,7,33,11,2,15,26,4,
1550,77.72755479812622,75228.88183999999,59372.06800000001,0,25,14,31,22,12,9,47,34,18,23,39,1,36,6,16,45,43,41,17,3,24,10,32,13,42,35,28,5,48,49,40,46,21,30,20,44,37,38,29,8,19,27,7,33,11,2,15,26,4,
1551,77.7645697593689,73765.43122666667,59372.06800000001,0,25,14,31,22,12,9,47,34,18,23,39,1,36,6,16,45,43,41,17,3,24,10,32,13,42,35,28,5,48,49,40,46,21,30,20,44,37,38,29,8,19,27,7,33,11,2,15,26,4,
1552,77.80160784721375,75017.63376000001,59372.06800000001,0,25,14,31,22,12,9,47,34,18,23,39,1,36,6,16,45,43,41,17,3,24,10,32,13,42,35,28,5,48,49,40,46,21,30,20,44,37,38,29,8,19,27,7,33,11,2,15,26,4,
1553,77.84056353569031,73817.46456000001,59372.06800000001,0,25,14,31,22,12,9,47,34,18,23,39,1,36,6,16,45,43,41,17,3,24,10,32,13,42,35,28,5,48,49,40,46,21,30,20,44,37,38,29,8,19,27,7,33,11,2,15,26,4,
1554,77.87959814071655,74406.38554666667,59372.06800000001,0,25,14,31,22,12,9,47,34,18,23,39,1,36,6,16,45,43,41,17,3,24,10,32,13,42,35,28,5,48,49,40,46,21,30,20,44,37,38,29,8,19,27,7,33,11,2,15,26,4,
1555,77.91758847236633,72480.88514666668,59372.06800000001,0,25,14,31,22,12,9,47,34,18,23,39,1,36,6,16,45,43,41,17,3,24,10,32,13,42,35,28,5,48,49,40,46,21,30,20,44,37,38,29,8,19,27,7,33,11,2,15,26,4,
1556,77.95758056640625,73114.69623999999,59372.06800000001,0,25,14,31,22,12,9,47,34,18,23,39,1,36,6,16,45,43,41,17,3,24,10,32,13,42,35,28,5,48,49,40,46,21,30,20,44,37,38,29,8,19,27,7,33,11,2,15,26,4,
1557,77.99562621116638,71938.06120000001,59372.06800000001,0,25,14,31,22,12,9,47,34,18,23,39,1,36,6,16,45,43,41,17,3,24,10,32,13,42,35,28,5,48,49,40,46,21,30,20,44,37,38,29,8,19,27,7,33,11,2,15,26,4,
1558,78.03158783912659,72771.10002666668,59372.06800000001,0,25,14,31,22,12,9,47,34,18,23,39,1,36,6,16,45,43,41,17,3,24,10,32,13,42,35,28,5,48,49,40,46,21,30,20,44,37,38,29,8,19,27,7,33,11,2,15,26,4,
1559,78.06959056854248,73546.98602666667,59372.06800000001,0,25,14,31,22,12,9,47,34,18,23,39,1,36,6,16,45,43,41,17,3,24,10,32,13,42,35,28,5,48,49,40,46,21,30,20,44,37,38,29,8,19,27,7,33,11,2,15,26,4,
1560,78.10566973686218,73954.53831999999,59372.06800000001,0,25,14,31,22,12,9,47,34,18,23,39,1,36,6,16,45,43,41,17,3,24,10,32,13,42,35,28,5,48,49,40,46,21,30,20,44,37,38,29,8,19,27,7,33,11,2,15,26,4,
1561,78.14168381690979,73886.56226666666,59372.06800000001,0,25,14,31,22,12,9,47,34,18,23,39,1,36,6,16,45,43,41,17,3,24,10,32,13,42,35,28,5,48,49,40,46,21,30,20,44,37,38,29,8,19,27,7,33,11,2,15,26,4,
1562,78.17969346046448,75059.92464,59372.06800000001,0,25,14,31,22,12,9,47,34,18,23,39,1,36,6,16,45,43,41,17,3,24,10,32,13,42,35,28,5,48,49,40,46,21,30,20,44,37,38,29,8,19,27,7,33,11,2,15,26,4,
1563,78.21768975257874,73120.1628,59372.06800000001,0,25,14,31,22,12,9,47,34,18,23,39,1,36,6,16,45,43,41,17,3,24,10,32,13,42,35,28,5,48,49,40,46,21,30,20,44,37,38,29,8,19,27,7,33,11,2,15,26,4,
1564,78.25668096542358,71757.75941333332,59372.06800000001,0,25,14,31,22,12,9,47,34,18,23,39,1,36,6,16,45,43,41,17,3,24,10,32,13,42,35,28,5,48,49,40,46,21,30,20,44,37,38,29,8,19,27,7,33,11,2,15,26,4,
1565,78.29668426513672,72700.92106666666,59372.06800000001,0,25,14,31,22,12,9,47,34,18,23,39,1,36,6,16,45,43,41,17,3,24,10,32,13,42,35,28,5,48,49,40,46,21,30,20,44,37,38,29,8,19,27,7,33,11,2,15,26,4,
1566,78.34968113899231,73039.57344000002,59372.06800000001,0,25,14,31,22,12,9,47,34,18,23,39,1,36,6,16,45,43,41,17,3,24,10,32,13,42,35,28,5,48,49,40,46,21,30,20,44,37,38,29,8,19,27,7,33,11,2,15,26,4,
1567,78.3916494846344,71662.76205333334,59372.06800000001,0,25,14,31,22,12,9,47,34,18,23,39,1,36,6,16,45,43,41,17,3,24,10,32,13,42,35,28,5,48,49,40,46,21,30,20,44,37,38,29,8,19,27,7,33,11,2,15,26,4,
1568,78.42869901657104,74853.63797333335,59372.06800000001,0,25,14,31,22,12,9,47,34,18,23,39,1,36,6,16,45,43,41,17,3,24,10,32,13,42,35,28,5,48,49,40,46,21,30,20,44,37,38,29,8,19,27,7,33,11,2,15,26,4,
1569,78.46571731567383,72244.40360000002,59372.06800000001,0,25,14,31,22,12,9,47,34,18,23,39,1,36,6,16,45,43,41,17,3,24,10,32,13,42,35,28,5,48,49,40,46,21,30,20,44,37,38,29,8,19,27,7,33,11,2,15,26,4,
1570,78.50271964073181,72275.81917333335,59372.06800000001,0,25,14,31,22,12,9,47,34,18,23,39,1,36,6,16,45,43,41,17,3,24,10,32,13,42,35,28,5,48,49,40,46,21,30,20,44,37,38,29,8,19,27,7,33,11,2,15,26,4,
1571,78.53971838951111,72940.12669333334,59372.06800000001,0,25,14,31,22,12,9,47,34,18,23,39,1,36,6,16,45,43,41,17,3,24,10,32,13,42,35,28,5,48,49,40,46,21,30,20,44,37,38,29,8,19,27,7,33,11,2,15,26,4,
1572,78.57675838470459,73938.14650666667,59372.06800000001,0,25,14,31,22,12,9,47,34,18,23,39,1,36,6,16,45,43,41,17,3,24,10,32,13,42,35,28,5,48,49,40,46,21,30,20,44,37,38,29,8,19,27,7,33,11,2,15,26,4,
1573,78.61372089385986,74114.91490666666,59372.06800000001,0,25,14,31,22,12,9,47,34,18,23,39,1,36,6,16,45,43,41,17,3,24,10,32,13,42,35,28,5,48,49,40,46,21,30,20,44,37,38,29,8,19,27,7,33,11,2,15,26,4,
1574,78.65271377563477,72951.54559999998,59372.06800000001,0,25,14,31,22,12,9,47,34,18,23,39,1,36,6,16,45,43,41,17,3,24,10,32,13,42,35,28,5,48,49,40,46,21,30,20,44,37,38,29,8,19,27,7,33,11,2,15,26,4,
1575,78.6907148361206,73241.04290666665,59372.06800000001,0,25,14,31,22,12,9,47,34,18,23,39,1,36,6,16,45,43,41,17,3,24,10,32,13,42,35,28,5,48,49,40,46,21,30,20,44,37,38,29,8,19,27,7,33,11,2,15,26,4,
1576,78.72968220710754,74420.54168,59372.06800000001,0,25,14,31,22,12,9,47,34,18,23,39,1,36,6,16,45,43,41,17,3,24,10,32,13,42,35,28,5,48,49,40,46,21,30,20,44,37,38,29,8,19,27,7,33,11,2,15,26,4,
1577,78.76768040657043,74735.48538666665,59372.06800000001,0,25,14,31,22,12,9,47,34,18,23,39,1,36,6,16,45,43,41,17,3,24,10,32,13,42,35,28,5,48,49,40,46,21,30,20,44,37,38,29,8,19,27,7,33,11,2,15,26,4,
1578,78.80668497085571,74820.41618666667,59372.06800000001,0,25,14,31,22,12,9,47,34,18,23,39,1,36,6,16,45,43,41,17,3,24,10,32,13,42,35,28,5,48,49,40,46,21,30,20,44,37,38,29,8,19,27,7,33,11,2,15,26,4,
1579,78.84668231010437,76183.51261333334,59372.06800000001,0,25,14,31,22,12,9,47,34,18,23,39,1,36,6,16,45,43,41,17,3,24,10,32,13,42,35,28,5,48,49,40,46,21,30,20,44,37,38,29,8,19,27,7,33,11,2,15,26,4,
1580,78.88473320007324,75258.62301333333,59372.06800000001,0,25,14,31,22,12,9,47,34,18,23,39,1,36,6,16,45,43,41,17,3,24,10,32,13,42,35,28,5,48,49,40,46,21,30,20,44,37,38,29,8,19,27,7,33,11,2,15,26,4,
1581,78.92174005508423,73911.85850666666,59372.06800000001,0,25,14,31,22,12,9,47,34,18,23,39,1,36,6,16,45,43,41,17,3,24,10,32,13,42,35,28,5,48,49,40,46,21,30,20,44,37,38,29,8,19,27,7,33,11,2,15,26,4,
1582,78.9577853679657,76275.23754666666,59372.06800000001,0,25,14,31,22,12,9,47,34,18,23,39,1,36,6,16,45,43,41,17,3,24,10,32,13,42,35,28,5,48,49,40,46,21,30,20,44,37,38,29,8,19,27,7,33,11,2,15,26,4,
1583,78.99483633041382,77603.75432000001,59372.06800000001,0,25,14,31,22,12,9,47,34,18,23,39,1,36,6,16,45,43,41,17,3,24,10,32,13,42,35,28,5,48,49,40,46,21,30,20,44,37,38,29,8,19,27,7,33,11,2,15,26,4,
1584,79.03183841705322,77321.41349333334,59372.06800000001,0,25,14,31,22,12,9,47,34,18,23,39,1,36,6,16,45,43,41,17,3,24,10,32,13,42,35,28,5,48,49,40,46,21,30,20,44,37,38,29,8,19,27,7,33,11,2,15,26,4,
1585,79.06783556938171,75158.94522666665,59372.06800000001,0,25,14,31,22,12,9,47,34,18,23,39,1,36,6,16,45,43,41,17,3,24,10,32,13,42,35,28,5,48,49,40,46,21,30,20,44,37,38,29,8,19,27,7,33,11,2,15,26,4,
1586,79.10384607315063,70442.95141333333,59372.06800000001,0,25,14,31,22,12,9,47,34,18,23,39,1,36,6,16,45,43,41,17,3,24,10,32,13,42,35,28,5,48,49,40,46,21,30,20,44,37,38,29,8,19,27,7,33,11,2,15,26,4,
1587,79.14089465141296,71214.34669333334,59372.06800000001,0,25,14,31,22,12,9,47,34,18,23,39,1,36,6,16,45,43,41,17,3,24,10,32,13,42,35,28,5,48,49,40,46,21,30,20,44,37,38,29,8,19,27,7,33,11,2,15,26,4,
1588,79.17689538002014,70860.68861333333,59372.06800000001,0,25,14,31,22,12,9,47,34,18,23,39,1,36,6,16,45,43,41,17,3,24,10,32,13,42,35,28,5,48,49,40,46,21,30,20,44,37,38,29,8,19,27,7,33,11,2,15,26,4,
1589,79.21389198303223,69273.80893333335,59372.06800000001,0,25,14,31,22,12,9,47,34,18,23,39,1,36,6,16,45,43,41,17,3,24,10,32,13,42,35,28,5,48,49,40,46,21,30,20,44,37,38,29,8,19,27,7,33,11,2,15,26,4,
1590,79.25088667869568,69067.86957333334,59372.06800000001,0,25,14,31,22,12,9,47,34,18,23,39,1,36,6,16,45,43,41,17,3,24,10,32,13,42,35,28,5,48,49,40,46,21,30,20,44,37,38,29,8,19,27,7,33,11,2,15,26,4,
1591,79.28887510299683,70100.91005333334,59372.06800000001,0,25,14,31,22,12,9,47,34,18,23,39,1,36,6,16,45,43,41,17,3,24,10,32,13,42,35,28,5,48,49,40,46,21,30,20,44,37,38,29,8,19,27,7,33,11,2,15,26,4,
1592,79.32688927650452,70678.01962666668,59372.06800000001,0,25,14,31,22,12,9,47,34,18,23,39,1,36,6,16,45,43,41,17,3,24,10,32,13,42,35,28,5,48,49,40,46,21,30,20,44,37,38,29,8,19,27,7,33,11,2,15,26,4,
1593,79.36288690567017,71884.85514666667,59372.06800000001,0,25,14,31,22,12,9,47,34,18,23,39,1,36,6,16,45,43,41,17,3,24,10,32,13,42,35,28,5,48,49,40,46,21,30,20,44,37,38,29,8,19,27,7,33,11,2,15,26,4,
1594,79.40083813667297,72765.29488,59372.06800000001,0,25,14,31,22,12,9,47,34,18,23,39,1,36,6,16,45,43,41,17,3,24,10,32,13,42,35,28,5,48,49,40,46,21,30,20,44,37,38,29,8,19,27,7,33,11,2,15,26,4,
1595,79.43589496612549,71576.33165333333,59372.06800000001,0,25,14,31,22,12,9,47,34,18,23,39,1,36,6,16,45,43,41,17,3,24,10,32,13,42,35,28,5,48,49,40,46,21,30,20,44,37,38,29,8,19,27,7,33,11,2,15,26,4,
1596,79.47585034370422,69138.58392,59372.06800000001,0,25,14,31,22,12,9,47,34,18,23,39,1,36,6,16,45,43,41,17,3,24,10,32,13,42,35,28,5,48,49,40,46,21,30,20,44,37,38,29,8,19,27,7,33,11,2,15,26,4,
1597,79.51188802719116,71195.15069333334,59372.06800000001,0,25,14,31,22,12,9,47,34,18,23,39,1,36,6,16,45,43,41,17,3,24,10,32,13,42,35,28,5,48,49,40,46,21,30,20,44,37,38,29,8,19,27,7,33,11,2,15,26,4,
1598,79.54884791374207,73051.44904,59372.06800000001,0,25,14,31,22,12,9,47,34,18,23,39,1,36,6,16,45,43,41,17,3,24,10,32,13,42,35,28,5,48,49,40,46,21,30,20,44,37,38,29,8,19,27,7,33,11,2,15,26,4,
1599,82.01889729499817,71863.48709333334,59372.06800000001,0,25,14,31,22,12,9,47,34,18,23,39,1,36,6,16,45,43,41,17,3,24,10,32,13,42,35,28,5,48,49,40,46,21,30,20,44,37,38,29,8,19,27,7,33,11,2,15,26,4,
1600,82.05485486984253,72408.17344000001,59372.06800000001,0,25,14,31,22,12,9,47,34,18,23,39,1,36,6,16,45,43,41,17,3,24,10,32,13,42,35,28,5,48,49,40,46,21,30,20,44,37,38,29,8,19,27,7,33,11,2,15,26,4,
1601,82.09285426139832,69726.04210666667,59372.06800000001,0,25,14,31,22,12,9,47,34,18,23,39,1,36,6,16,45,43,41,17,3,24,10,32,13,42,35,28,5,48,49,40,46,21,30,20,44,37,38,29,8,19,27,7,33,11,2,15,26,4,
1602,82.1288537979126,72412.49226666668,59372.06800000001,0,25,14,31,22,12,9,47,34,18,23,39,1,36,6,16,45,43,41,17,3,24,10,32,13,42,35,28,5,48,49,40,46,21,30,20,44,37,38,29,8,19,27,7,33,11,2,15,26,4,
1603,82.16682076454163,72669.63845333335,59372.06800000001,0,25,14,31,22,12,9,47,34,18,23,39,1,36,6,16,45,43,41,17,3,24,10,32,13,42,35,28,5,48,49,40,46,21,30,20,44,37,38,29,8,19,27,7,33,11,2,15,26,4,
1604,82.20481967926025,75278.24757333333,59372.06800000001,0,25,14,31,22,12,9,47,34,18,23,39,1,36,6,16,45,43,41,17,3,24,10,32,13,42,35,28,5,48,49,40,46,21,30,20,44,37,38,29,8,19,27,7,33,11,2,15,26,4,
1605,82.24181842803955,74432.42144,59372.06800000001,0,25,14,31,22,12,9,47,34,18,23,39,1,36,6,16,45,43,41,17,3,24,10,32,13,42,35,28,5,48,49,40,46,21,30,20,44,37,38,29,8,19,27,7,33,11,2,15,26,4,
1606,82.27785778045654,73589.63389333333,59372.06800000001,0,25,14,31,22,12,9,47,34,18,23,39,1,36,6,16,45,43,41,17,3,24,10,32,13,42,35,28,5,48,49,40,46,21,30,20,44,37,38,29,8,19,27,7,33,11,2,15,26,4,
1607,82.31289958953857,74215.82069333334,59372.06800000001,0,25,14,31,22,12,9,47,34,18,23,39,1,36,6,16,45,43,41,17,3,24,10,32,13,42,35,28,5,48,49,40,46,21,30,20,44,37,38,29,8,19,27,7,33,11,2,15,26,4,
1608,82.34989619255066,71818.44053333333,59372.06800000001,0,25,14,31,22,12,9,47,34,18,23,39,1,36,6,16,45,43,41,17,3,24,10,32,13,42,35,28,5,48,49,40,46,21,30,20,44,37,38,29,8,19,27,7,33,11,2,15,26,4,
1609,82.38589692115784,73616.90533333333,59372.06800000001,0,25,14,31,22,12,9,47,34,18,23,39,1,36,6,16,45,43,41,17,3,24,10,32,13,42,35,28,5,48,49,40,46,21,30,20,44,37,38,29,8,19,27,7,33,11,2,15,26,4,
1610,82.4228982925415,73670.1884,59372.06800000001,0,25,14,31,22,12,9,47,34,18,23,39,1,36,6,16,45,43,41,17,3,24,10,32,13,42,35,28,5,48,49,40,46,21,30,20,44,37,38,29,8,19,27,7,33,11,2,15,26,4,
1611,82.45894813537598,70047.1696,59372.06800000001,0,25,14,31,22,12,9,47,34,18,23,39,1,36,6,16,45,43,41,17,3,24,10,32,13,42,35,28,5,48,49,40,46,21,30,20,44,37,38,29,8,19,27,7,33,11,2,15,26,4,
1612,82.49799752235413,71416.69962666665,59372.06800000001,0,25,14,31,22,12,9,47,34,18,23,39,1,36,6,16,45,43,41,17,3,24,10,32,13,42,35,28,5,48,49,40,46,21,30,20,44,37,38,29,8,19,27,7,33,11,2,15,26,4,
1613,82.53395366668701,71162.07322666666,59372.06800000001,0,25,14,31,22,12,9,47,34,18,23,39,1,36,6,16,45,43,41,17,3,24,10,32,13,42,35,28,5,48,49,40,46,21,30,20,44,37,38,29,8,19,27,7,33,11,2,15,26,4,
1614,82.57191395759583,71622.79141333331,59372.06800000001,0,25,14,31,22,12,9,47,34,18,23,39,1,36,6,16,45,43,41,17,3,24,10,32,13,42,35,28,5,48,49,40,46,21,30,20,44,37,38,29,8,19,27,7,33,11,2,15,26,4,
1615,82.60892391204834,69668.18792000001,59372.06800000001,0,25,14,31,22,12,9,47,34,18,23,39,1,36,6,16,45,43,41,17,3,24,10,32,13,42,35,28,5,48,49,40,46,21,30,20,44,37,38,29,8,19,27,7,33,11,2,15,26,4,
1616,82.64591598510742,70189.50570666668,59372.06800000001,0,25,14,31,22,12,9,47,34,18,23,39,1,36,6,16,45,43,41,17,3,24,10,32,13,42,35,28,5,48,49,40,46,21,30,20,44,37,38,29,8,19,27,7,33,11,2,15,26,4,
1617,82.68188047409058,69289.42439999999,59372.06800000001,0,25,14,31,22,12,9,47,34,18,23,39,1,36,6,16,45,43,41,17,3,24,10,32,13,42,35,28,5,48,49,40,46,21,30,20,44,37,38,29,8,19,27,7,33,11,2,15,26,4,
1618,82.71691560745239,67854.36951999998,59372.06800000001,0,25,14,31,22,12,9,47,34,18,23,39,1,36,6,16,45,43,41,17,3,24,10,32,13,42,35,28,5,48,49,40,46,21,30,20,44,37,38,29,8,19,27,7,33,11,2,15,26,4,
1619,82.7549159526825,69867.45421333332,59372.06800000001,0,25,14,31,22,12,9,47,34,18,23,39,1,36,6,16,45,43,41,17,3,24,10,32,13,42,35,28,5,48,49,40,46,21,30,20,44,37,38,29,8,19,27,7,33,11,2,15,26,4,
1620,82.79191875457764,69163.23597333333,59372.06800000001,0,25,14,31,22,12,9,47,34,18,23,39,1,36,6,16,45,43,41,17,3,24,10,32,13,42,35,28,5,48,49,40,46,21,30,20,44,37,38,29,8,19,27,7,33,11,2,15,26,4,
1621,82.82892179489136,70730.83026666664,59372.06800000001,0,25,14,31,22,12,9,47,34,18,23,39,1,36,6,16,45,43,41,17,3,24,10,32,13,42,35,28,5,48,49,40,46,21,30,20,44,37,38,29,8,19,27,7,33,11,2,15,26,4,
1622,82.86393213272095,72129.73272,59372.06800000001,0,25,14,31,22,12,9,47,34,18,23,39,1,36,6,16,45,43,41,17,3,24,10,32,13,42,35,28,5,48,49,40,46,21,30,20,44,37,38,29,8,19,27,7,33,11,2,15,26,4,
1623,82.9019706249237,76377.79104,59372.06800000001,0,25,14,31,22,12,9,47,34,18,23,39,1,36,6,16,45,43,41,17,3,24,10,32,13,42,35,28,5,48,49,40,46,21,30,20,44,37,38,29,8,19,27,7,33,11,2,15,26,4,
1624,82.93996953964233,76680.7888,59372.06800000001,0,25,14,31,22,12,9,47,34,18,23,39,1,36,6,16,45,43,41,17,3,24,10,32,13,42,35,28,5,48,49,40,46,21,30,20,44,37,38,29,8,19,27,7,33,11,2,15,26,4,
1625,82.97696852684021,69431.90037333334,59372.06800000001,0,25,14,31,22,12,9,47,34,18,23,39,1,36,6,16,45,43,41,17,3,24,10,32,13,42,35,28,5,48,49,40,46,21,30,20,44,37,38,29,8,19,27,7,33,11,2,15,26,4,
1626,83.0150032043457,68664.38565333333,59372.06800000001,0,25,14,31,22,12,9,47,34,18,23,39,1,36,6,16,45,43,41,17,3,24,10,32,13,42,35,28,5,48,49,40,46,21,30,20,44,37,38,29,8,19,27,7,33,11,2,15,26,4,
1627,83.05405449867249,73362.12362666667,59372.06800000001,0,25,14,31,22,12,9,47,34,18,23,39,1,36,6,16,45,43,41,17,3,24,10,32,13,42,35,28,5,48,49,40,46,21,30,20,44,37,38,29,8,19,27,7,33,11,2,15,26,4,
1628,83.09105777740479,72163.56669333333,59372.06800000001,0,25,14,31,22,12,9,47,34,18,23,39,1,36,6,16,45,43,41,17,3,24,10,32,13,42,35,28,5,48,49,40,46,21,30,20,44,37,38,29,8,19,27,7,33,11,2,15,26,4,
1629,83.12710785865784,70459.3744,59372.06800000001,0,25,14,31,22,12,9,47,34,18,23,39,1,36,6,16,45,43,41,17,3,24,10,32,13,42,35,28,5,48,49,40,46,21,30,20,44,37,38,29,8,19,27,7,33,11,2,15,26,4,
1630,83.1630756855011,71612.04157333334,59372.06800000001,0,25,14,31,22,12,9,47,34,18,23,39,1,36,6,16,45,43,41,17,3,24,10,32,13,42,35,28,5,48,49,40,46,21,30,20,44,37,38,29,8,19,27,7,33,11,2,15,26,4,
1631,83.19912576675415,70315.9068,59372.06800000001,0,25,14,31,22,12,9,47,34,18,23,39,1,36,6,16,45,43,41,17,3,24,10,32,13,42,35,28,5,48,49,40,46,21,30,20,44,37,38,29,8,19,27,7,33,11,2,15,26,4,
1632,83.23608779907227,71435.16293333333,59372.06800000001,0,25,14,31,22,12,9,47,34,18,23,39,1,36,6,16,45,43,41,17,3,24,10,32,13,42,35,28,5,48,49,40,46,21,30,20,44,37,38,29,8,19,27,7,33,11,2,15,26,4,
1633,83.27405309677124,71972.50949333333,59372.06800000001,0,25,14,31,22,12,9,47,34,18,23,39,1,36,6,16,45,43,41,17,3,24,10,32,13,42,35,28,5,48,49,40,46,21,30,20,44,37,38,29,8,19,27,7,33,11,2,15,26,4,
1634,83.31101274490356,73139.62037333334,59372.06800000001,0,25,14,31,22,12,9,47,34,18,23,39,1,36,6,16,45,43,41,17,3,24,10,32,13,42,35,28,5,48,49,40,46,21,30,20,44,37,38,29,8,19,27,7,33,11,2,15,26,4,
1635,83.34705376625061,72041.17448,59372.06800000001,0,25,14,31,22,12,9,47,34,18,23,39,1,36,6,16,45,43,41,17,3,24,10,32,13,42,35,28,5,48,49,40,46,21,30,20,44,37,38,29,8,19,27,7,33,11,2,15,26,4,
1636,83.38501596450806,71825.16368000001,59372.06800000001,0,25,14,31,22,12,9,47,34,18,23,39,1,36,6,16,45,43,41,17,3,24,10,32,13,42,35,28,5,48,49,40,46,21,30,20,44,37,38,29,8,19,27,7,33,11,2,15,26,4,
1637,83.42501544952393,71278.77130666666,59372.06800000001,0,25,14,31,22,12,9,47,34,18,23,39,1,36,6,16,45,43,41,17,3,24,10,32,13,42,35,28,5,48,49,40,46,21,30,20,44,37,38,29,8,19,27,7,33,11,2,15,26,4,
1638,83.46401453018188,70631.12834666666,59372.06800000001,0,25,14,31,22,12,9,47,34,18,23,39,1,36,6,16,45,43,41,17,3,24,10,32,13,42,35,28,5,48,49,40,46,21,30,20,44,37,38,29,8,19,27,7,33,11,2,15,26,4,
1639,83.50005435943604,71492.25829333333,59372.06800000001,0,25,14,31,22,12,9,47,34,18,23,39,1,36,6,16,45,43,41,17,3,24,10,32,13,42,35,28,5,48,49,40,46,21,30,20,44,37,38,29,8,19,27,7,33,11,2,15,26,4,
1640,83.53904724121094,73840.67197333333,59372.06800000001,0,25,14,31,22,12,9,47,34,18,23,39,1,36,6,16,45,43,41,17,3,24,10,32,13,42,35,28,5,48,49,40,46,21,30,20,44,37,38,29,8,19,27,7,33,11,2,15,26,4,
1641,83.576012134552,71232.06448000002,59372.06800000001,0,25,14,31,22,12,9,47,34,18,23,39,1,36,6,16,45,43,41,17,3,24,10,32,13,42,35,28,5,48,49,40,46,21,30,20,44,37,38,29,8,19,27,7,33,11,2,15,26,4,
1642,83.6150152683258,71645.18264000003,59372.06800000001,0,25,14,31,22,12,9,47,34,18,23,39,1,36,6,16,45,43,41,17,3,24,10,32,13,42,35,28,5,48,49,40,46,21,30,20,44,37,38,29,8,19,27,7,33,11,2,15,26,4,
1643,83.65301156044006,71267.43634666667,59372.06800000001,0,25,14,31,22,12,9,47,34,18,23,39,1,36,6,16,45,43,41,17,3,24,10,32,13,42,35,28,5,48,49,40,46,21,30,20,44,37,38,29,8,19,27,7,33,11,2,15,26,4,
1644,83.69001150131226,70042.47637333332,59372.06800000001,0,25,14,31,22,12,9,47,34,18,23,39,1,36,6,16,45,43,41,17,3,24,10,32,13,42,35,28,5,48,49,40,46,21,30,20,44,37,38,29,8,19,27,7,33,11,2,15,26,4,
1645,83.72702527046204,70404.70216,59372.06800000001,0,25,14,31,22,12,9,47,34,18,23,39,1,36,6,16,45,43,41,17,3,24,10,32,13,42,35,28,5,48,49,40,46,21,30,20,44,37,38,29,8,19,27,7,33,11,2,15,26,4,
1646,83.7640392780304,69351.61330666668,59372.06800000001,0,25,14,31,22,12,9,47,34,18,23,39,1,36,6,16,45,43,41,17,3,24,10,32,13,42,35,28,5,48,49,40,46,21,30,20,44,37,38,29,8,19,27,7,33,11,2,15,26,4,
1647,83.80003595352173,70586.45261333333,59372.06800000001,0,25,14,31,22,12,9,47,34,18,23,39,1,36,6,16,45,43,41,17,3,24,10,32,13,42,35,28,5,48,49,40,46,21,30,20,44,37,38,29,8,19,27,7,33,11,2,15,26,4,
1648,83.83703565597534,70732.0676,59372.06800000001,0,25,14,31,22,12,9,47,34,18,23,39,1,36,6,16,45,43,41,17,3,24,10,32,13,42,35,28,5,48,49,40,46,21,30,20,44,37,38,29,8,19,27,7,33,11,2,15,26,4,
1649,83.87705159187317,70375.38266666667,59372.06800000001,0,25,14,31,22,12,9,47,34,18,23,39,1,36,6,16,45,43,41,17,3,24,10,32,13,42,35,28,5,48,49,40,46,21,30,20,44,37,38,29,8,19,27,7,33,11,2,15,26,4,
1650,83.9150493144989,69829.88949333334,59372.06800000001,0,25,14,31,22,12,9,47,34,18,23,39,1,36,6,16,45,43,41,17,3,24,10,32,13,42,35,28,5,48,49,40,46,21,30,20,44,37,38,29,8,19,27,7,33,11,2,15,26,4,
1651,83.95304489135742,72433.63893333335,59372.06800000001,0,25,14,31,22,12,9,47,34,18,23,39,1,36,6,16,45,43,41,17,3,24,10,32,13,42,35,28,5,48,49,40,46,21,30,20,44,37,38,29,8,19,27,7,33,11,2,15,26,4,
1652,83.99104475975037,71559.85898666667,59372.06800000001,0,25,14,31,22,12,9,47,34,18,23,39,1,36,6,16,45,43,41,17,3,24,10,32,13,42,35,28,5,48,49,40,46,21,30,20,44,37,38,29,8,19,27,7,33,11,2,15,26,4,
1653,84.02808356285095,70242.52690666667,59372.06800000001,0,25,14,31,22,12,9,47,34,18,23,39,1,36,6,16,45,43,41,17,3,24,10,32,13,42,35,28,5,48,49,40,46,21,30,20,44,37,38,29,8,19,27,7,33,11,2,15,26,4,
1654,84.06704688072205,70082.37181333332,59372.06800000001,0,25,14,31,22,12,9,47,34,18,23,39,1,36,6,16,45,43,41,17,3,24,10,32,13,42,35,28,5,48,49,40,46,21,30,20,44,37,38,29,8,19,27,7,33,11,2,15,26,4,
1655,84.10504102706909,71928.40202666668,59372.06800000001,0,25,14,31,22,12,9,47,34,18,23,39,1,36,6,16,45,43,41,17,3,24,10,32,13,42,35,28,5,48,49,40,46,21,30,20,44,37,38,29,8,19,27,7,33,11,2,15,26,4,
1656,84.14104747772217,70691.03178666666,59372.06800000001,0,25,14,31,22,12,9,47,34,18,23,39,1,36,6,16,45,43,41,17,3,24,10,32,13,42,35,28,5,48,49,40,46,21,30,20,44,37,38,29,8,19,27,7,33,11,2,15,26,4,
1657,84.17909789085388,71523.45986666667,59372.06800000001,0,25,14,31,22,12,9,47,34,18,23,39,1,36,6,16,45,43,41,17,3,24,10,32,13,42,35,28,5,48,49,40,46,21,30,20,44,37,38,29,8,19,27,7,33,11,2,15,26,4,
1658,84.21514797210693,69585.5708,59372.06800000001,0,25,14,31,22,12,9,47,34,18,23,39,1,36,6,16,45,43,41,17,3,24,10,32,13,42,35,28,5,48,49,40,46,21,30,20,44,37,38,29,8,19,27,7,33,11,2,15,26,4,
1659,84.2521915435791,68569.48485333333,59372.06800000001,0,25,14,31,22,12,9,47,34,18,23,39,1,36,6,16,45,43,41,17,3,24,10,32,13,42,35,28,5,48,49,40,46,21,30,20,44,37,38,29,8,19,27,7,33,11,2,15,26,4,
1660,84.29015517234802,68532.12578666669,59372.06800000001,0,25,14,31,22,12,9,47,34,18,23,39,1,36,6,16,45,43,41,17,3,24,10,32,13,42,35,28,5,48,49,40,46,21,30,20,44,37,38,29,8,19,27,7,33,11,2,15,26,4,
1661,84.3252055644989,68410.56618666666,59372.06800000001,0,25,14,31,22,12,9,47,34,18,23,39,1,36,6,16,45,43,41,17,3,24,10,32,13,42,35,28,5,48,49,40,46,21,30,20,44,37,38,29,8,19,27,7,33,11,2,15,26,4,
1662,84.36420273780823,71498.85482666666,59372.06800000001,0,25,14,31,22,12,9,47,34,18,23,39,1,36,6,16,45,43,41,17,3,24,10,32,13,42,35,28,5,48,49,40,46,21,30,20,44,37,38,29,8,19,27,7,33,11,2,15,26,4,
1663,84.40016388893127,71594.87359999999,59372.06800000001,0,25,14,31,22,12,9,47,34,18,23,39,1,36,6,16,45,43,41,17,3,24,10,32,13,42,35,28,5,48,49,40,46,21,30,20,44,37,38,29,8,19,27,7,33,11,2,15,26,4,
1664,84.44019842147827,72557.00418666666,59372.06800000001,0,25,14,31,22,12,9,47,34,18,23,39,1,36,6,16,45,43,41,17,3,24,10,32,13,42,35,28,5,48,49,40,46,21,30,20,44,37,38,29,8,19,27,7,33,11,2,15,26,4,
1665,84.47820019721985,72609.38290666667,59372.06800000001,0,25,14,31,22,12,9,47,34,18,23,39,1,36,6,16,45,43,41,17,3,24,10,32,13,42,35,28,5,48,49,40,46,21,30,20,44,37,38,29,8,19,27,7,33,11,2,15,26,4,
1666,84.51716089248657,77193.02239999999,59372.06800000001,0,25,14,31,22,12,9,47,34,18,23,39,1,36,6,16,45,43,41,17,3,24,10,32,13,42,35,28,5,48,49,40,46,21,30,20,44,37,38,29,8,19,27,7,33,11,2,15,26,4,
1667,84.55217099189758,73634.61122666668,59372.06800000001,0,25,14,31,22,12,9,47,34,18,23,39,1,36,6,16,45,43,41,17,3,24,10,32,13,42,35,28,5,48,49,40,46,21,30,20,44,37,38,29,8,19,27,7,33,11,2,15,26,4,
1668,84.59116983413696,72020.08045333333,59372.06800000001,0,25,14,31,22,12,9,47,34,18,23,39,1,36,6,16,45,43,41,17,3,24,10,32,13,42,35,28,5,48,49,40,46,21,30,20,44,37,38,29,8,19,27,7,33,11,2,15,26,4,
1669,84.62818503379822,72218.63511999999,59372.06800000001,0,25,14,31,22,12,9,47,34,18,23,39,1,36,6,16,45,43,41,17,3,24,10,32,13,42,35,28,5,48,49,40,46,21,30,20,44,37,38,29,8,19,27,7,33,11,2,15,26,4,
1670,84.66518688201904,70405.50194666667,59372.06800000001,0,25,14,31,22,12,9,47,34,18,23,39,1,36,6,16,45,43,41,17,3,24,10,32,13,42,35,28,5,48,49,40,46,21,30,20,44,37,38,29,8,19,27,7,33,11,2,15,26,4,
1671,84.70318698883057,71536.73834666668,59372.06800000001,0,25,14,31,22,12,9,47,34,18,23,39,1,36,6,16,45,43,41,17,3,24,10,32,13,42,35,28,5,48,49,40,46,21,30,20,44,37,38,29,8,19,27,7,33,11,2,15,26,4,
1672,84.74023771286011,70634.18442666669,59372.06800000001,0,25,14,31,22,12,9,47,34,18,23,39,1,36,6,16,45,43,41,17,3,24,10,32,13,42,35,28,5,48,49,40,46,21,30,20,44,37,38,29,8,19,27,7,33,11,2,15,26,4,
1673,84.77823901176453,72527.12464000001,59372.06800000001,0,25,14,31,22,12,9,47,34,18,23,39,1,36,6,16,45,43,41,17,3,24,10,32,13,42,35,28,5,48,49,40,46,21,30,20,44,37,38,29,8,19,27,7,33,11,2,15,26,4,
1674,84.81719994544983,70953.85138666668,59372.06800000001,0,25,14,31,22,12,9,47,34,18,23,39,1,36,6,16,45,43,41,17,3,24,10,32,13,42,35,28,5,48,49,40,46,21,30,20,44,37,38,29,8,19,27,7,33,11,2,15,26,4,
1675,84.85319328308105,71848.8988,59372.06800000001,0,25,14,31,22,12,9,47,34,18,23,39,1,36,6,16,45,43,41,17,3,24,10,32,13,42,35,28,5,48,49,40,46,21,30,20,44,37,38,29,8,19,27,7,33,11,2,15,26,4,
1676,84.89218497276306,75731.55189333334,59372.06800000001,0,25,14,31,22,12,9,47,34,18,23,39,1,36,6,16,45,43,41,17,3,24,10,32,13,42,35,28,5,48,49,40,46,21,30,20,44,37,38,29,8,19,27,7,33,11,2,15,26,4,
1677,84.92915177345276,70395.72912,59372.06800000001,0,25,14,31,22,12,9,47,34,18,23,39,1,36,6,16,45,43,41,17,3,24,10,32,13,42,35,28,5,48,49,40,46,21,30,20,44,37,38,29,8,19,27,7,33,11,2,15,26,4,
1678,84.96710276603699,71897.38288,59372.06800000001,0,25,14,31,22,12,9,47,34,18,23,39,1,36,6,16,45,43,41,17,3,24,10,32,13,42,35,28,5,48,49,40,46,21,30,20,44,37,38,29,8,19,27,7,33,11,2,15,26,4,
1679,85.00606441497803,72178.60461333333,59372.06800000001,0,25,14,31,22,12,9,47,34,18,23,39,1,36,6,16,45,43,41,17,3,24,10,32,13,42,35,28,5,48,49,40,46,21,30,20,44,37,38,29,8,19,27,7,33,11,2,15,26,4,
1680,85.04210662841797,72127.47328,59372.06800000001,0,25,14,31,22,12,9,47,34,18,23,39,1,36,6,16,45,43,41,17,3,24,10,32,13,42,35,28,5,48,49,40,46,21,30,20,44,37,38,29,8,19,27,7,33,11,2,15,26,4,
1681,85.08010601997375,72576.53351999998,59372.06800000001,0,25,14,31,22,12,9,47,34,18,23,39,1,36,6,16,45,43,41,17,3,24,10,32,13,42,35,28,5,48,49,40,46,21,30,20,44,37,38,29,8,19,27,7,33,11,2,15,26,4,
1682,85.11710524559021,70644.64242666667,59372.06800000001,0,25,14,31,22,12,9,47,34,18,23,39,1,36,6,16,45,43,41,17,3,24,10,32,13,42,35,28,5,48,49,40,46,21,30,20,44,37,38,29,8,19,27,7,33,11,2,15,26,4,
1683,85.15410447120667,71060.17490666668,59372.06800000001,0,25,14,31,22,12,9,47,34,18,23,39,1,36,6,16,45,43,41,17,3,24,10,32,13,42,35,28,5,48,49,40,46,21,30,20,44,37,38,29,8,19,27,7,33,11,2,15,26,4,
1684,85.19110059738159,72700.01402666667,59372.06800000001,0,25,14,31,22,12,9,47,34,18,23,39,1,36,6,16,45,43,41,17,3,24,10,32,13,42,35,28,5,48,49,40,46,21,30,20,44,37,38,29,8,19,27,7,33,11,2,15,26,4,
1685,85.22609853744507,72664.00149333333,59372.06800000001,0,25,14,31,22,12,9,47,34,18,23,39,1,36,6,16,45,43,41,17,3,24,10,32,13,42,35,28,5,48,49,40,46,21,30,20,44,37,38,29,8,19,27,7,33,11,2,15,26,4,
1686,85.26209688186646,72766.02456,59372.06800000001,0,25,14,31,22,12,9,47,34,18,23,39,1,36,6,16,45,43,41,17,3,24,10,32,13,42,35,28,5,48,49,40,46,21,30,20,44,37,38,29,8,19,27,7,33,11,2,15,26,4,
1687,85.29713559150696,70982.88746666667,59372.06800000001,0,25,14,31,22,12,9,47,34,18,23,39,1,36,6,16,45,43,41,17,3,24,10,32,13,42,35,28,5,48,49,40,46,21,30,20,44,37,38,29,8,19,27,7,33,11,2,15,26,4,
1688,85.3361382484436,73253.48546666668,59372.06800000001,0,25,14,31,22,12,9,47,34,18,23,39,1,36,6,16,45,43,41,17,3,24,10,32,13,42,35,28,5,48,49,40,46,21,30,20,44,37,38,29,8,19,27,7,33,11,2,15,26,4,
1689,85.37317728996277,73334.08256000001,59372.06800000001,0,25,14,31,22,12,9,47,34,18,23,39,1,36,6,16,45,43,41,17,3,24,10,32,13,42,35,28,5,48,49,40,46,21,30,20,44,37,38,29,8,19,27,7,33,11,2,15,26,4,
1690,85.41117334365845,71799.28805333332,59372.06800000001,0,25,14,31,22,12,9,47,34,18,23,39,1,36,6,16,45,43,41,17,3,24,10,32,13,42,35,28,5,48,49,40,46,21,30,20,44,37,38,29,8,19,27,7,33,11,2,15,26,4,
1691,85.44818711280823,73288.86805333332,59372.06800000001,0,25,14,31,22,12,9,47,34,18,23,39,1,36,6,16,45,43,41,17,3,24,10,32,13,42,35,28,5,48,49,40,46,21,30,20,44,37,38,29,8,19,27,7,33,11,2,15,26,4,
1692,85.48515462875366,74485.16866666666,59372.06800000001,0,25,14,31,22,12,9,47,34,18,23,39,1,36,6,16,45,43,41,17,3,24,10,32,13,42,35,28,5,48,49,40,46,21,30,20,44,37,38,29,8,19,27,7,33,11,2,15,26,4,
1693,85.52419328689575,75165.42978666667,59372.06800000001,0,25,14,31,22,12,9,47,34,18,23,39,1,36,6,16,45,43,41,17,3,24,10,32,13,42,35,28,5,48,49,40,46,21,30,20,44,37,38,29,8,19,27,7,33,11,2,15,26,4,
1694,85.56223011016846,76575.93976,59372.06800000001,0,25,14,31,22,12,9,47,34,18,23,39,1,36,6,16,45,43,41,17,3,24,10,32,13,42,35,28,5,48,49,40,46,21,30,20,44,37,38,29,8,19,27,7,33,11,2,15,26,4,
1695,85.59826898574829,78643.01296,59372.06800000001,0,25,14,31,22,12,9,47,34,18,23,39,1,36,6,16,45,43,41,17,3,24,10,32,13,42,35,28,5,48,49,40,46,21,30,20,44,37,38,29,8,19,27,7,33,11,2,15,26,4,
1696,85.6353087425232,76933.75674666667,59372.06800000001,0,25,14,31,22,12,9,47,34,18,23,39,1,36,6,16,45,43,41,17,3,24,10,32,13,42,35,28,5,48,49,40,46,21,30,20,44,37,38,29,8,19,27,7,33,11,2,15,26,4,
1697,85.67131042480469,78217.59709333333,59372.06800000001,0,25,14,31,22,12,9,47,34,18,23,39,1,36,6,16,45,43,41,17,3,24,10,32,13,42,35,28,5,48,49,40,46,21,30,20,44,37,38,29,8,19,27,7,33,11,2,15,26,4,
1698,85.7093493938446,76464.33037333332,59372.06800000001,0,25,14,31,22,12,9,47,34,18,23,39,1,36,6,16,45,43,41,17,3,24,10,32,13,42,35,28,5,48,49,40,46,21,30,20,44,37,38,29,8,19,27,7,33,11,2,15,26,4,
1699,85.74634838104248,76873.59397333332,59372.06800000001,0,25,14,31,22,12,9,47,34,18,23,39,1,36,6,16,45,43,41,17,3,24,10,32,13,42,35,28,5,48,49,40,46,21,30,20,44,37,38,29,8,19,27,7,33,11,2,15,26,4,
1700,85.78530621528625,75559.82938666665,59372.06800000001,0,25,14,31,22,12,9,47,34,18,23,39,1,36,6,16,45,43,41,17,3,24,10,32,13,42,35,28,5,48,49,40,46,21,30,20,44,37,38,29,8,19,27,7,33,11,2,15,26,4,
1701,85.82230401039124,73771.49005333333,59372.06800000001,0,25,14,31,22,12,9,47,34,18,23,39,1,36,6,16,45,43,41,17,3,24,10,32,13,42,35,28,5,48,49,40,46,21,30,20,44,37,38,29,8,19,27,7,33,11,2,15,26,4,
1702,85.85929894447327,76648.83365333332,59372.06800000001,0,25,14,31,22,12,9,47,34,18,23,39,1,36,6,16,45,43,41,17,3,24,10,32,13,42,35,28,5,48,49,40,46,21,30,20,44,37,38,29,8,19,27,7,33,11,2,15,26,4,
1703,85.8972635269165,75835.53568000002,59372.06800000001,0,25,14,31,22,12,9,47,34,18,23,39,1,36,6,16,45,43,41,17,3,24,10,32,13,42,35,28,5,48,49,40,46,21,30,20,44,37,38,29,8,19,27,7,33,11,2,15,26,4,
1704,85.93327331542969,75619.71176,59372.06800000001,0,25,14,31,22,12,9,47,34,18,23,39,1,36,6,16,45,43,41,17,3,24,10,32,13,42,35,28,5,48,49,40,46,21,30,20,44,37,38,29,8,19,27,7,33,11,2,15,26,4,
1705,85.97223377227783,74409.88370666666,59372.06800000001,0,25,14,31,22,12,9,47,34,18,23,39,1,36,6,16,45,43,41,17,3,24,10,32,13,42,35,28,5,48,49,40,46,21,30,20,44,37,38,29,8,19,27,7,33,11,2,15,26,4,
1706,86.00828385353088,77030.65437333332,59372.06800000001,0,25,14,31,22,12,9,47,34,18,23,39,1,36,6,16,45,43,41,17,3,24,10,32,13,42,35,28,5,48,49,40,46,21,30,20,44,37,38,29,8,19,27,7,33,11,2,15,26,4,
1707,86.0463240146637,72958.98903999999,59372.06800000001,0,25,14,31,22,12,9,47,34,18,23,39,1,36,6,16,45,43,41,17,3,24,10,32,13,42,35,28,5,48,49,40,46,21,30,20,44,37,38,29,8,19,27,7,33,11,2,15,26,4,
1708,86.08532094955444,80244.93474666667,59372.06800000001,0,25,14,31,22,12,9,47,34,18,23,39,1,36,6,16,45,43,41,17,3,24,10,32,13,42,35,28,5,48,49,40,46,21,30,20,44,37,38,29,8,19,27,7,33,11,2,15,26,4,
1709,86.12132048606873,81040.91911999999,59372.06800000001,0,25,14,31,22,12,9,47,34,18,23,39,1,36,6,16,45,43,41,17,3,24,10,32,13,42,35,28,5,48,49,40,46,21,30,20,44,37,38,29,8,19,27,7,33,11,2,15,26,4,
1710,86.16028237342834,80959.35602666668,59372.06800000001,0,25,14,31,22,12,9,47,34,18,23,39,1,36,6,16,45,43,41,17,3,24,10,32,13,42,35,28,5,48,49,40,46,21,30,20,44,37,38,29,8,19,27,7,33,11,2,15,26,4,
1711,86.20024609565735,81680.97799999999,59372.06800000001,0,25,14,31,22,12,9,47,34,18,23,39,1,36,6,16,45,43,41,17,3,24,10,32,13,42,35,28,5,48,49,40,46,21,30,20,44,37,38,29,8,19,27,7,33,11,2,15,26,4,
1712,86.23824405670166,81300.45013333333,59372.06800000001,0,25,14,31,22,12,9,47,34,18,23,39,1,36,6,16,45,43,41,17,3,24,10,32,13,42,35,28,5,48,49,40,46,21,30,20,44,37,38,29,8,19,27,7,33,11,2,15,26,4,
1713,86.27820205688477,77315.1364,59372.06800000001,0,25,14,31,22,12,9,47,34,18,23,39,1,36,6,16,45,43,41,17,3,24,10,32,13,42,35,28,5,48,49,40,46,21,30,20,44,37,38,29,8,19,27,7,33,11,2,15,26,4,
1714,86.31524014472961,76719.90213333334,59372.06800000001,0,25,14,31,22,12,9,47,34,18,23,39,1,36,6,16,45,43,41,17,3,24,10,32,13,42,35,28,5,48,49,40,46,21,30,20,44,37,38,29,8,19,27,7,33,11,2,15,26,4,
1715,86.35120558738708,74838.39173333334,59372.06800000001,0,25,14,31,22,12,9,47,34,18,23,39,1,36,6,16,45,43,41,17,3,24,10,32,13,42,35,28,5,48,49,40,46,21,30,20,44,37,38,29,8,19,27,7,33,11,2,15,26,4,
1716,86.38917207717896,74562.42237333333,59372.06800000001,0,25,14,31,22,12,9,47,34,18,23,39,1,36,6,16,45,43,41,17,3,24,10,32,13,42,35,28,5,48,49,40,46,21,30,20,44,37,38,29,8,19,27,7,33,11,2,15,26,4,
1717,86.42713499069214,73987.13082666666,59372.06800000001,0,25,14,31,22,12,9,47,34,18,23,39,1,36,6,16,45,43,41,17,3,24,10,32,13,42,35,28,5,48,49,40,46,21,30,20,44,37,38,29,8,19,27,7,33,11,2,15,26,4,
1718,86.46317505836487,71644.06066666667,59372.06800000001,0,25,14,31,22,12,9,47,34,18,23,39,1,36,6,16,45,43,41,17,3,24,10,32,13,42,35,28,5,48,49,40,46,21,30,20,44,37,38,29,8,19,27,7,33,11,2,15,26,4,
1719,86.49922800064087,72683.22157333334,59372.06800000001,0,25,14,31,22,12,9,47,34,18,23,39,1,36,6,16,45,43,41,17,3,24,10,32,13,42,35,28,5,48,49,40,46,21,30,20,44,37,38,29,8,19,27,7,33,11,2,15,26,4,
1720,86.53718447685242,72799.34413333333,59372.06800000001,0,25,14,31,22,12,9,47,34,18,23,39,1,36,6,16,45,43,41,17,3,24,10,32,13,42,35,28,5,48,49,40,46,21,30,20,44,37,38,29,8,19,27,7,33,11,2,15,26,4,
1721,86.57323217391968,72343.06911999999,59372.06800000001,0,25,14,31,22,12,9,47,34,18,23,39,1,36,6,16,45,43,41,17,3,24,10,32,13,42,35,28,5,48,49,40,46,21,30,20,44,37,38,29,8,19,27,7,33,11,2,15,26,4,
1722,86.60919690132141,72085.07736000001,59372.06800000001,0,25,14,31,22,12,9,47,34,18,23,39,1,36,6,16,45,43,41,17,3,24,10,32,13,42,35,28,5,48,49,40,46,21,30,20,44,37,38,29,8,19,27,7,33,11,2,15,26,4,
1723,86.64720058441162,74009.64386666668,59372.06800000001,0,25,14,31,22,12,9,47,34,18,23,39,1,36,6,16,45,43,41,17,3,24,10,32,13,42,35,28,5,48,49,40,46,21,30,20,44,37,38,29,8,19,27,7,33,11,2,15,26,4,
1724,86.68516850471497,73665.26720000002,59372.06800000001,0,25,14,31,22,12,9,47,34,18,23,39,1,36,6,16,45,43,41,17,3,24,10,32,13,42,35,28,5,48,49,40,46,21,30,20,44,37,38,29,8,19,27,7,33,11,2,15,26,4,
1725,86.72217893600464,71942.11253333333,59372.06800000001,0,25,14,31,22,12,9,47,34,18,23,39,1,36,6,16,45,43,41,17,3,24,10,32,13,42,35,28,5,48,49,40,46,21,30,20,44,37,38,29,8,19,27,7,33,11,2,15,26,4,
1726,86.76117300987244,70868.39970666668,59372.06800000001,0,25,14,31,22,12,9,47,34,18,23,39,1,36,6,16,45,43,41,17,3,24,10,32,13,42,35,28,5,48,49,40,46,21,30,20,44,37,38,29,8,19,27,7,33,11,2,15,26,4,
1727,86.79720544815063,72513.78605333333,59372.06800000001,0,25,14,31,22,12,9,47,34,18,23,39,1,36,6,16,45,43,41,17,3,24,10,32,13,42,35,28,5,48,49,40,46,21,30,20,44,37,38,29,8,19,27,7,33,11,2,15,26,4,
1728,86.83415913581848,73491.98256,59372.06800000001,0,25,14,31,22,12,9,47,34,18,23,39,1,36,6,16,45,43,41,17,3,24,10,32,13,42,35,28,5,48,49,40,46,21,30,20,44,37,38,29,8,19,27,7,33,11,2,15,26,4,
1729,86.87016367912292,73117.8728,59372.06800000001,0,25,14,31,22,12,9,47,34,18,23,39,1,36,6,16,45,43,41,17,3,24,10,32,13,42,35,28,5,48,49,40,46,21,30,20,44,37,38,29,8,19,27,7,33,11,2,15,26,4,
1730,86.90521788597107,75394.03640000001,59372.06800000001,0,25,14,31,22,12,9,47,34,18,23,39,1,36,6,16,45,43,41,17,3,24,10,32,13,42,35,28,5,48,49,40,46,21,30,20,44,37,38,29,8,19,27,7,33,11,2,15,26,4,
1731,86.94325017929077,75636.76826666668,59372.06800000001,0,25,14,31,22,12,9,47,34,18,23,39,1,36,6,16,45,43,41,17,3,24,10,32,13,42,35,28,5,48,49,40,46,21,30,20,44,37,38,29,8,19,27,7,33,11,2,15,26,4,
1732,86.98424959182739,72604.31752,59372.06800000001,0,25,14,31,22,12,9,47,34,18,23,39,1,36,6,16,45,43,41,17,3,24,10,32,13,42,35,28,5,48,49,40,46,21,30,20,44,37,38,29,8,19,27,7,33,11,2,15,26,4,
1733,87.02028441429138,72752.20778666667,59372.06800000001,0,25,14,31,22,12,9,47,34,18,23,39,1,36,6,16,45,43,41,17,3,24,10,32,13,42,35,28,5,48,49,40,46,21,30,20,44,37,38,29,8,19,27,7,33,11,2,15,26,4,
1734,87.05828261375427,69861.22882666666,59372.06800000001,0,25,14,31,22,12,9,47,34,18,23,39,1,36,6,16,45,43,41,17,3,24,10,32,13,42,35,28,5,48,49,40,46,21,30,20,44,37,38,29,8,19,27,7,33,11,2,15,26,4,
1735,87.09429264068604,69823.67344,59372.06800000001,0,25,14,31,22,12,9,47,34,18,23,39,1,36,6,16,45,43,41,17,3,24,10,32,13,42,35,28,5,48,49,40,46,21,30,20,44,37,38,29,8,19,27,7,33,11,2,15,26,4,
1736,87.13029170036316,70381.63317333334,59372.06800000001,0,25,14,31,22,12,9,47,34,18,23,39,1,36,6,16,45,43,41,17,3,24,10,32,13,42,35,28,5,48,49,40,46,21,30,20,44,37,38,29,8,19,27,7,33,11,2,15,26,4,
1737,87.16925477981567,69012.44032000001,59372.06800000001,0,25,14,31,22,12,9,47,34,18,23,39,1,36,6,16,45,43,41,17,3,24,10,32,13,42,35,28,5,48,49,40,46,21,30,20,44,37,38,29,8,19,27,7,33,11,2,15,26,4,
1738,87.20625162124634,70134.25794666668,59372.06800000001,0,25,14,31,22,12,9,47,34,18,23,39,1,36,6,16,45,43,41,17,3,24,10,32,13,42,35,28,5,48,49,40,46,21,30,20,44,37,38,29,8,19,27,7,33,11,2,15,26,4,
1739,87.24328994750977,71305.53255999999,59372.06800000001,0,25,14,31,22,12,9,47,34,18,23,39,1,36,6,16,45,43,41,17,3,24,10,32,13,42,35,28,5,48,49,40,46,21,30,20,44,37,38,29,8,19,27,7,33,11,2,15,26,4,
1740,87.2832510471344,70917.62890666666,59372.06800000001,0,25,14,31,22,12,9,47,34,18,23,39,1,36,6,16,45,43,41,17,3,24,10,32,13,42,35,28,5,48,49,40,46,21,30,20,44,37,38,29,8,19,27,7,33,11,2,15,26,4,
1741,87.32524991035461,72146.34573333334,59372.06800000001,0,25,14,31,22,12,9,47,34,18,23,39,1,36,6,16,45,43,41,17,3,24,10,32,13,42,35,28,5,48,49,40,46,21,30,20,44,37,38,29,8,19,27,7,33,11,2,15,26,4,
1742,87.36224889755249,72756.6628,59372.06800000001,0,25,14,31,22,12,9,47,34,18,23,39,1,36,6,16,45,43,41,17,3,24,10,32,13,42,35,28,5,48,49,40,46,21,30,20,44,37,38,29,8,19,27,7,33,11,2,15,26,4,
1743,87.39724922180176,70527.42152000002,59372.06800000001,0,25,14,31,22,12,9,47,34,18,23,39,1,36,6,16,45,43,41,17,3,24,10,32,13,42,35,28,5,48,49,40,46,21,30,20,44,37,38,29,8,19,27,7,33,11,2,15,26,4,
1744,87.43524694442749,70028.60768,59372.06800000001,0,25,14,31,22,12,9,47,34,18,23,39,1,36,6,16,45,43,41,17,3,24,10,32,13,42,35,28,5,48,49,40,46,21,30,20,44,37,38,29,8,19,27,7,33,11,2,15,26,4,
1745,87.47224521636963,70413.85311999999,59372.06800000001,0,25,14,31,22,12,9,47,34,18,23,39,1,36,6,16,45,43,41,17,3,24,10,32,13,42,35,28,5,48,49,40,46,21,30,20,44,37,38,29,8,19,27,7,33,11,2,15,26,4,
1746,87.50924515724182,70138.90336,59372.06800000001,0,25,14,31,22,12,9,47,34,18,23,39,1,36,6,16,45,43,41,17,3,24,10,32,13,42,35,28,5,48,49,40,46,21,30,20,44,37,38,29,8,19,27,7,33,11,2,15,26,4,
1747,87.549245595932,69743.16658666666,59372.06800000001,0,25,14,31,22,12,9,47,34,18,23,39,1,36,6,16,45,43,41,17,3,24,10,32,13,42,35,28,5,48,49,40,46,21,30,20,44,37,38,29,8,19,27,7,33,11,2,15,26,4,
1748,87.58924555778503,71245.61064,59372.06800000001,0,25,14,31,22,12,9,47,34,18,23,39,1,36,6,16,45,43,41,17,3,24,10,32,13,42,35,28,5,48,49,40,46,21,30,20,44,37,38,29,8,19,27,7,33,11,2,15,26,4,
1749,87.62624502182007,71713.2588,59372.06800000001,0,25,14,31,22,12,9,47,34,18,23,39,1,36,6,16,45,43,41,17,3,24,10,32,13,42,35,28,5,48,49,40,46,21,30,20,44,37,38,29,8,19,27,7,33,11,2,15,26,4,
1750,87.66324067115784,71749.66799999999,59372.06800000001,0,25,14,31,22,12,9,47,34,18,23,39,1,36,6,16,45,43,41,17,3,24,10,32,13,42,35,28,5,48,49,40,46,21,30,20,44,37,38,29,8,19,27,7,33,11,2,15,26,4,
1751,87.70324397087097,70911.69490666666,59372.06800000001,0,25,14,31,22,12,9,47,34,18,23,39,1,36,6,16,45,43,41,17,3,24,10,32,13,42,35,28,5,48,49,40,46,21,30,20,44,37,38,29,8,19,27,7,33,11,2,15,26,4,
1752,87.74028515815735,71284.51589333332,59372.06800000001,0,25,14,31,22,12,9,47,34,18,23,39,1,36,6,16,45,43,41,17,3,24,10,32,13,42,35,28,5,48,49,40,46,21,30,20,44,37,38,29,8,19,27,7,33,11,2,15,26,4,
1753,87.77724480628967,70891.49631999999,59372.06800000001,0,25,14,31,22,12,9,47,34,18,23,39,1,36,6,16,45,43,41,17,3,24,10,32,13,42,35,28,5,48,49,40,46,21,30,20,44,37,38,29,8,19,27,7,33,11,2,15,26,4,
1754,87.81424307823181,70658.69989333332,59372.06800000001,0,25,14,31,22,12,9,47,34,18,23,39,1,36,6,16,45,43,41,17,3,24,10,32,13,42,35,28,5,48,49,40,46,21,30,20,44,37,38,29,8,19,27,7,33,11,2,15,26,4,
1755,87.85324192047119,68677.55072,59372.06800000001,0,25,14,31,22,12,9,47,34,18,23,39,1,36,6,16,45,43,41,17,3,24,10,32,13,42,35,28,5,48,49,40,46,21,30,20,44,37,38,29,8,19,27,7,33,11,2,15,26,4,
1756,87.89024257659912,70661.97672,59372.06800000001,0,25,14,31,22,12,9,47,34,18,23,39,1,36,6,16,45,43,41,17,3,24,10,32,13,42,35,28,5,48,49,40,46,21,30,20,44,37,38,29,8,19,27,7,33,11,2,15,26,4,
1757,87.92624282836914,70105.22709333333,59372.06800000001,0,25,14,31,22,12,9,47,34,18,23,39,1,36,6,16,45,43,41,17,3,24,10,32,13,42,35,28,5,48,49,40,46,21,30,20,44,37,38,29,8,19,27,7,33,11,2,15,26,4,
1758,87.96424317359924,69635.19650666666,59372.06800000001,0,25,14,31,22,12,9,47,34,18,23,39,1,36,6,16,45,43,41,17,3,24,10,32,13,42,35,28,5,48,49,40,46,21,30,20,44,37,38,29,8,19,27,7,33,11,2,15,26,4,
1759,87.99928522109985,69029.77656000001,59372.06800000001,0,25,14,31,22,12,9,47,34,18,23,39,1,36,6,16,45,43,41,17,3,24,10,32,13,42,35,28,5,48,49,40,46,21,30,20,44,37,38,29,8,19,27,7,33,11,2,15,26,4,
1760,88.03833842277527,70810.34296000001,59372.06800000001,0,25,14,31,22,12,9,47,34,18,23,39,1,36,6,16,45,43,41,17,3,24,10,32,13,42,35,28,5,48,49,40,46,21,30,20,44,37,38,29,8,19,27,7,33,11,2,15,26,4,
1761,88.07633757591248,71444.13034666666,59372.06800000001,0,25,14,31,22,12,9,47,34,18,23,39,1,36,6,16,45,43,41,17,3,24,10,32,13,42,35,28,5,48,49,40,46,21,30,20,44,37,38,29,8,19,27,7,33,11,2,15,26,4,
1762,88.11731910705566,70402.65810666667,59372.06800000001,0,25,14,31,22,12,9,47,34,18,23,39,1,36,6,16,45,43,41,17,3,24,10,32,13,42,35,28,5,48,49,40,46,21,30,20,44,37,38,29,8,19,27,7,33,11,2,15,26,4,
1763,88.15431594848633,71112.83261333333,59372.06800000001,0,25,14,31,22,12,9,47,34,18,23,39,1,36,6,16,45,43,41,17,3,24,10,32,13,42,35,28,5,48,49,40,46,21,30,20,44,37,38,29,8,19,27,7,33,11,2,15,26,4,
1764,88.19227433204651,72055.61488,59372.06800000001,0,25,14,31,22,12,9,47,34,18,23,39,1,36,6,16,45,43,41,17,3,24,10,32,13,42,35,28,5,48,49,40,46,21,30,20,44,37,38,29,8,19,27,7,33,11,2,15,26,4,
1765,88.23023724555969,71225.06437333333,59372.06800000001,0,25,14,31,22,12,9,47,34,18,23,39,1,36,6,16,45,43,41,17,3,24,10,32,13,42,35,28,5,48,49,40,46,21,30,20,44,37,38,29,8,19,27,7,33,11,2,15,26,4,
1766,88.26824116706848,70638.77701333333,59372.06800000001,0,25,14,31,22,12,9,47,34,18,23,39,1,36,6,16,45,43,41,17,3,24,10,32,13,42,35,28,5,48,49,40,46,21,30,20,44,37,38,29,8,19,27,7,33,11,2,15,26,4,
1767,88.30428194999695,71082.04178666667,59372.06800000001,0,25,14,31,22,12,9,47,34,18,23,39,1,36,6,16,45,43,41,17,3,24,10,32,13,42,35,28,5,48,49,40,46,21,30,20,44,37,38,29,8,19,27,7,33,11,2,15,26,4,
1768,88.33929228782654,71059.51245333333,59372.06800000001,0,25,14,31,22,12,9,47,34,18,23,39,1,36,6,16,45,43,41,17,3,24,10,32,13,42,35,28,5,48,49,40,46,21,30,20,44,37,38,29,8,19,27,7,33,11,2,15,26,4,
1769,88.37725329399109,73104.41258666667,59372.06800000001,0,25,14,31,22,12,9,47,34,18,23,39,1,36,6,16,45,43,41,17,3,24,10,32,13,42,35,28,5,48,49,40,46,21,30,20,44,37,38,29,8,19,27,7,33,11,2,15,26,4,
1770,88.41225051879883,74811.58144,59372.06800000001,0,25,14,31,22,12,9,47,34,18,23,39,1,36,6,16,45,43,41,17,3,24,10,32,13,42,35,28,5,48,49,40,46,21,30,20,44,37,38,29,8,19,27,7,33,11,2,15,26,4,
1771,88.4502911567688,72667.39520000001,59372.06800000001,0,25,14,31,22,12,9,47,34,18,23,39,1,36,6,16,45,43,41,17,3,24,10,32,13,42,35,28,5,48,49,40,46,21,30,20,44,37,38,29,8,19,27,7,33,11,2,15,26,4,
1772,88.48733043670654,72587.00056,59372.06800000001,0,25,14,31,22,12,9,47,34,18,23,39,1,36,6,16,45,43,41,17,3,24,10,32,13,42,35,28,5,48,49,40,46,21,30,20,44,37,38,29,8,19,27,7,33,11,2,15,26,4,
1773,88.52735924720764,72033.78613333333,59372.06800000001,0,25,14,31,22,12,9,47,34,18,23,39,1,36,6,16,45,43,41,17,3,24,10,32,13,42,35,28,5,48,49,40,46,21,30,20,44,37,38,29,8,19,27,7,33,11,2,15,26,4,
1774,88.565358877182,74211.85482666668,59372.06800000001,0,25,14,31,22,12,9,47,34,18,23,39,1,36,6,16,45,43,41,17,3,24,10,32,13,42,35,28,5,48,49,40,46,21,30,20,44,37,38,29,8,19,27,7,33,11,2,15,26,4,
1775,88.60236287117004,73684.08039999999,59372.06800000001,0,25,14,31,22,12,9,47,34,18,23,39,1,36,6,16,45,43,41,17,3,24,10,32,13,42,35,28,5,48,49,40,46,21,30,20,44,37,38,29,8,19,27,7,33,11,2,15,26,4,
1776,88.63840246200562,73858.58256,59372.06800000001,0,25,14,31,22,12,9,47,34,18,23,39,1,36,6,16,45,43,41,17,3,24,10,32,13,42,35,28,5,48,49,40,46,21,30,20,44,37,38,29,8,19,27,7,33,11,2,15,26,4,
1777,88.6774411201477,75607.16554666669,59372.06800000001,0,25,14,31,22,12,9,47,34,18,23,39,1,36,6,16,45,43,41,17,3,24,10,32,13,42,35,28,5,48,49,40,46,21,30,20,44,37,38,29,8,19,27,7,33,11,2,15,26,4,
1778,88.71344470977783,76034.61858666668,59372.06800000001,0,25,14,31,22,12,9,47,34,18,23,39,1,36,6,16,45,43,41,17,3,24,10,32,13,42,35,28,5,48,49,40,46,21,30,20,44,37,38,29,8,19,27,7,33,11,2,15,26,4,
1779,88.7494432926178,74907.12202666668,59372.06800000001,0,25,14,31,22,12,9,47,34,18,23,39,1,36,6,16,45,43,41,17,3,24,10,32,13,42,35,28,5,48,49,40,46,21,30,20,44,37,38,29,8,19,27,7,33,11,2,15,26,4,
1780,88.78445363044739,75540.95264,59372.06800000001,0,25,14,31,22,12,9,47,34,18,23,39,1,36,6,16,45,43,41,17,3,24,10,32,13,42,35,28,5,48,49,40,46,21,30,20,44,37,38,29,8,19,27,7,33,11,2,15,26,4,
1781,88.82246375083923,75812.55826666667,59372.06800000001,0,25,14,31,22,12,9,47,34,18,23,39,1,36,6,16,45,43,41,17,3,24,10,32,13,42,35,28,5,48,49,40,46,21,30,20,44,37,38,29,8,19,27,7,33,11,2,15,26,4,
1782,88.85951900482178,73448.44090666668,59372.06800000001,0,25,14,31,22,12,9,47,34,18,23,39,1,36,6,16,45,43,41,17,3,24,10,32,13,42,35,28,5,48,49,40,46,21,30,20,44,37,38,29,8,19,27,7,33,11,2,15,26,4,
1783,88.89647579193115,70236.21018666668,59372.06800000001,0,25,14,31,22,12,9,47,34,18,23,39,1,36,6,16,45,43,41,17,3,24,10,32,13,42,35,28,5,48,49,40,46,21,30,20,44,37,38,29,8,19,27,7,33,11,2,15,26,4,
1784,88.9324369430542,72110.02586666668,59372.06800000001,0,25,14,31,22,12,9,47,34,18,23,39,1,36,6,16,45,43,41,17,3,24,10,32,13,42,35,28,5,48,49,40,46,21,30,20,44,37,38,29,8,19,27,7,33,11,2,15,26,4,
1785,88.9704315662384,71303.67362666667,59372.06800000001,0,25,14,31,22,12,9,47,34,18,23,39,1,36,6,16,45,43,41,17,3,24,10,32,13,42,35,28,5,48,49,40,46,21,30,20,44,37,38,29,8,19,27,7,33,11,2,15,26,4,
1786,89.0074372291565,70490.15309333334,59372.06800000001,0,25,14,31,22,12,9,47,34,18,23,39,1,36,6,16,45,43,41,17,3,24,10,32,13,42,35,28,5,48,49,40,46,21,30,20,44,37,38,29,8,19,27,7,33,11,2,15,26,4,
1787,89.04639434814453,71604.03005333334,59372.06800000001,0,25,14,31,22,12,9,47,34,18,23,39,1,36,6,16,45,43,41,17,3,24,10,32,13,42,35,28,5,48,49,40,46,21,30,20,44,37,38,29,8,19,27,7,33,11,2,15,26,4,
1788,89.08339405059814,73982.89784000002,59372.06800000001,0,25,14,31,22,12,9,47,34,18,23,39,1,36,6,16,45,43,41,17,3,24,10,32,13,42,35,28,5,48,49,40,46,21,30,20,44,37,38,29,8,19,27,7,33,11,2,15,26,4,
1789,89.12043166160583,73244.87680000001,59372.06800000001,0,25,14,31,22,12,9,47,34,18,23,39,1,36,6,16,45,43,41,17,3,24,10,32,13,42,35,28,5,48,49,40,46,21,30,20,44,37,38,29,8,19,27,7,33,11,2,15,26,4,
1790,89.15747404098511,76697.62762666667,59372.06800000001,0,25,14,31,22,12,9,47,34,18,23,39,1,36,6,16,45,43,41,17,3,24,10,32,13,42,35,28,5,48,49,40,46,21,30,20,44,37,38,29,8,19,27,7,33,11,2,15,26,4,
1791,89.19546914100647,74120.36589333334,59372.06800000001,0,25,14,31,22,12,9,47,34,18,23,39,1,36,6,16,45,43,41,17,3,24,10,32,13,42,35,28,5,48,49,40,46,21,30,20,44,37,38,29,8,19,27,7,33,11,2,15,26,4,
1792,89.23542618751526,76432.93162666669,59372.06800000001,0,25,14,31,22,12,9,47,34,18,23,39,1,36,6,16,45,43,41,17,3,24,10,32,13,42,35,28,5,48,49,40,46,21,30,20,44,37,38,29,8,19,27,7,33,11,2,15,26,4,
1793,89.27238845825195,74789.21154666667,59372.06800000001,0,25,14,31,22,12,9,47,34,18,23,39,1,36,6,16,45,43,41,17,3,24,10,32,13,42,35,28,5,48,49,40,46,21,30,20,44,37,38,29,8,19,27,7,33,11,2,15,26,4,
1794,89.30938458442688,69207.97141333335,59372.06800000001,0,25,14,31,22,12,9,47,34,18,23,39,1,36,6,16,45,43,41,17,3,24,10,32,13,42,35,28,5,48,49,40,46,21,30,20,44,37,38,29,8,19,27,7,33,11,2,15,26,4,
1795,89.34638261795044,71189.94911999999,59372.06800000001,0,25,14,31,22,12,9,47,34,18,23,39,1,36,6,16,45,43,41,17,3,24,10,32,13,42,35,28,5,48,49,40,46,21,30,20,44,37,38,29,8,19,27,7,33,11,2,15,26,4,
1796,89.38238072395325,71395.81669333333,59372.06800000001,0,25,14,31,22,12,9,47,34,18,23,39,1,36,6,16,45,43,41,17,3,24,10,32,13,42,35,28,5,48,49,40,46,21,30,20,44,37,38,29,8,19,27,7,33,11,2,15,26,4,
1797,89.41938018798828,70764.66853333334,59372.06800000001,0,25,14,31,22,12,9,47,34,18,23,39,1,36,6,16,45,43,41,17,3,24,10,32,13,42,35,28,5,48,49,40,46,21,30,20,44,37,38,29,8,19,27,7,33,11,2,15,26,4,
1798,89.4573860168457,68731.15853333334,59372.06800000001,0,25,14,31,22,12,9,47,34,18,23,39,1,36,6,16,45,43,41,17,3,24,10,32,13,42,35,28,5,48,49,40,46,21,30,20,44,37,38,29,8,19,27,7,33,11,2,15,26,4,
1799,92.01642727851868,71716.68989333334,59372.06800000001,0,25,14,31,22,12,9,47,34,18,23,39,1,36,6,16,45,43,41,17,3,24,10,32,13,42,35,28,5,48,49,40,46,21,30,20,44,37,38,29,8,19,27,7,33,11,2,15,26,4,
1800,92.05438590049744,72353.11226666666,59372.06800000001,0,25,14,31,22,12,9,47,34,18,23,39,1,36,6,16,45,43,41,17,3,24,10,32,13,42,35,28,5,48,49,40,46,21,30,20,44,37,38,29,8,19,27,7,33,11,2,15,26,4,
1801,92.09239983558655,70339.65461333335,59372.06800000001,0,25,14,31,22,12,9,47,34,18,23,39,1,36,6,16,45,43,41,17,3,24,10,32,13,42,35,28,5,48,49,40,46,21,30,20,44,37,38,29,8,19,27,7,33,11,2,15,26,4,
1802,92.13042283058167,72829.36701333334,59372.06800000001,0,25,14,31,22,12,9,47,34,18,23,39,1,36,6,16,45,43,41,17,3,24,10,32,13,42,35,28,5,48,49,40,46,21,30,20,44,37,38,29,8,19,27,7,33,11,2,15,26,4,
1803,92.16743087768555,70636.57162666669,59372.06800000001,0,25,14,31,22,12,9,47,34,18,23,39,1,36,6,16,45,43,41,17,3,24,10,32,13,42,35,28,5,48,49,40,46,21,30,20,44,37,38,29,8,19,27,7,33,11,2,15,26,4,
1804,92.20446848869324,74425.85725333335,59372.06800000001,0,25,14,31,22,12,9,47,34,18,23,39,1,36,6,16,45,43,41,17,3,24,10,32,13,42,35,28,5,48,49,40,46,21,30,20,44,37,38,29,8,19,27,7,33,11,2,15,26,4,
1805,92.24346995353699,74488.35165333335,59372.06800000001,0,25,14,31,22,12,9,47,34,18,23,39,1,36,6,16,45,43,41,17,3,24,10,32,13,42,35,28,5,48,49,40,46,21,30,20,44,37,38,29,8,19,27,7,33,11,2,15,26,4,
1806,92.2805073261261,74798.62645333335,59372.06800000001,0,25,14,31,22,12,9,47,34,18,23,39,1,36,6,16,45,43,41,17,3,24,10,32,13,42,35,28,5,48,49,40,46,21,30,20,44,37,38,29,8,19,27,7,33,11,2,15,26,4,
1807,92.31654262542725,75404.53741333334,59372.06800000001,0,25,14,31,22,12,9,47,34,18,23,39,1,36,6,16,45,43,41,17,3,24,10,32,13,42,35,28,5,48,49,40,46,21,30,20,44,37,38,29,8,19,27,7,33,11,2,15,26,4,
1808,92.35353827476501,75957.08917333334,59372.06800000001,0,25,14,31,22,12,9,47,34,18,23,39,1,36,6,16,45,43,41,17,3,24,10,32,13,42,35,28,5,48,49,40,46,21,30,20,44,37,38,29,8,19,27,7,33,11,2,15,26,4,
1809,92.39057326316833,74403.19530666666,59372.06800000001,0,25,14,31,22,12,9,47,34,18,23,39,1,36,6,16,45,43,41,17,3,24,10,32,13,42,35,28,5,48,49,40,46,21,30,20,44,37,38,29,8,19,27,7,33,11,2,15,26,4,
1810,92.4276225566864,73876.05669333333,59372.06800000001,0,25,14,31,22,12,9,47,34,18,23,39,1,36,6,16,45,43,41,17,3,24,10,32,13,42,35,28,5,48,49,40,46,21,30,20,44,37,38,29,8,19,27,7,33,11,2,15,26,4,
1811,92.46365785598755,74859.98085333334,59372.06800000001,0,25,14,31,22,12,9,47,34,18,23,39,1,36,6,16,45,43,41,17,3,24,10,32,13,42,35,28,5,48,49,40,46,21,30,20,44,37,38,29,8,19,27,7,33,11,2,15,26,4,
1812,92.49970746040344,74549.69834666666,59372.06800000001,0,25,14,31,22,12,9,47,34,18,23,39,1,36,6,16,45,43,41,17,3,24,10,32,13,42,35,28,5,48,49,40,46,21,30,20,44,37,38,29,8,19,27,7,33,11,2,15,26,4,
1813,92.53573369979858,75744.62191999999,59372.06800000001,0,25,14,31,22,12,9,47,34,18,23,39,1,36,6,16,45,43,41,17,3,24,10,32,13,42,35,28,5,48,49,40,46,21,30,20,44,37,38,29,8,19,27,7,33,11,2,15,26,4,
1814,92.57373404502869,76002.38994666666,59372.06800000001,0,25,14,31,22,12,9,47,34,18,23,39,1,36,6,16,45,43,41,17,3,24,10,32,13,42,35,28,5,48,49,40,46,21,30,20,44,37,38,29,8,19,27,7,33,11,2,15,26,4,
1815,92.61073422431946,74125.32266666665,59372.06800000001,0,25,14,31,22,12,9,47,34,18,23,39,1,36,6,16,45,43,41,17,3,24,10,32,13,42,35,28,5,48,49,40,46,21,30,20,44,37,38,29,8,19,27,7,33,11,2,15,26,4,
1816,92.64969778060913,73180.04213333332,59372.06800000001,0,25,14,31,22,12,9,47,34,18,23,39,1,36,6,16,45,43,41,17,3,24,10,32,13,42,35,28,5,48,49,40,46,21,30,20,44,37,38,29,8,19,27,7,33,11,2,15,26,4,
1817,92.6876904964447,72176.37455999998,59372.06800000001,0,25,14,31,22,12,9,47,34,18,23,39,1,36,6,16,45,43,41,17,3,24,10,32,13,42,35,28,5,48,49,40,46,21,30,20,44,37,38,29,8,19,27,7,33,11,2,15,26,4,
1818,92.72569108009338,71899.41346666667,59372.06800000001,0,25,14,31,22,12,9,47,34,18,23,39,1,36,6,16,45,43,41,17,3,24,10,32,13,42,35,28,5,48,49,40,46,21,30,20,44,37,38,29,8,19,27,7,33,11,2,15,26,4,
1819,92.76269292831421,73307.03202666667,59372.06800000001,0,25,14,31,22,12,9,47,34,18,23,39,1,36,6,16,45,43,41,17,3,24,10,32,13,42,35,28,5,48,49,40,46,21,30,20,44,37,38,29,8,19,27,7,33,11,2,15,26,4,
1820,92.79969906806946,72171.43578666665,59372.06800000001,0,25,14,31,22,12,9,47,34,18,23,39,1,36,6,16,45,43,41,17,3,24,10,32,13,42,35,28,5,48,49,40,46,21,30,20,44,37,38,29,8,19,27,7,33,11,2,15,26,4,
1821,92.83769583702087,71910.44959999999,59372.06800000001,0,25,14,31,22,12,9,47,34,18,23,39,1,36,6,16,45,43,41,17,3,24,10,32,13,42,35,28,5,48,49,40,46,21,30,20,44,37,38,29,8,19,27,7,33,11,2,15,26,4,
1822,92.87469506263733,73434.00653333333,59372.06800000001,0,25,14,31,22,12,9,47,34,18,23,39,1,36,6,16,45,43,41,17,3,24,10,32,13,42,35,28,5,48,49,40,46,21,30,20,44,37,38,29,8,19,27,7,33,11,2,15,26,4,
1823,92.91268968582153,73661.35594666668,59372.06800000001,0,25,14,31,22,12,9,47,34,18,23,39,1,36,6,16,45,43,41,17,3,24,10,32,13,42,35,28,5,48,49,40,46,21,30,20,44,37,38,29,8,19,27,7,33,11,2,15,26,4,
1824,92.94764494895935,78109.53168,59372.06800000001,0,25,14,31,22,12,9,47,34,18,23,39,1,36,6,16,45,43,41,17,3,24,10,32,13,42,35,28,5,48,49,40,46,21,30,20,44,37,38,29,8,19,27,7,33,11,2,15,26,4,
1825,92.98467874526978,75121.35349333333,59372.06800000001,0,25,14,31,22,12,9,47,34,18,23,39,1,36,6,16,45,43,41,17,3,24,10,32,13,42,35,28,5,48,49,40,46,21,30,20,44,37,38,29,8,19,27,7,33,11,2,15,26,4,
1826,93.02468824386597,76345.65333333335,59372.06800000001,0,25,14,31,22,12,9,47,34,18,23,39,1,36,6,16,45,43,41,17,3,24,10,32,13,42,35,28,5,48,49,40,46,21,30,20,44,37,38,29,8,19,27,7,33,11,2,15,26,4,
1827,93.06269812583923,77162.06869333335,59372.06800000001,0,25,14,31,22,12,9,47,34,18,23,39,1,36,6,16,45,43,41,17,3,24,10,32,13,42,35,28,5,48,49,40,46,21,30,20,44,37,38,29,8,19,27,7,33,11,2,15,26,4,
1828,93.10064840316772,79580.84661333334,59372.06800000001,0,25,14,31,22,12,9,47,34,18,23,39,1,36,6,16,45,43,41,17,3,24,10,32,13,42,35,28,5,48,49,40,46,21,30,20,44,37,38,29,8,19,27,7,33,11,2,15,26,4,
1829,93.13664937019348,80075.8092,59372.06800000001,0,25,14,31,22,12,9,47,34,18,23,39,1,36,6,16,45,43,41,17,3,24,10,32,13,42,35,28,5,48,49,40,46,21,30,20,44,37,38,29,8,19,27,7,33,11,2,15,26,4,
1830,93.17268633842468,76511.86909333334,59372.06800000001,0,25,14,31,22,12,9,47,34,18,23,39,1,36,6,16,45,43,41,17,3,24,10,32,13,42,35,28,5,48,49,40,46,21,30,20,44,37,38,29,8,19,27,7,33,11,2,15,26,4,
1831,93.2086968421936,72843.39189333335,59372.06800000001,0,25,14,31,22,12,9,47,34,18,23,39,1,36,6,16,45,43,41,17,3,24,10,32,13,42,35,28,5,48,49,40,46,21,30,20,44,37,38,29,8,19,27,7,33,11,2,15,26,4,
1832,93.24570345878601,72604.31136,59372.06800000001,0,25,14,31,22,12,9,47,34,18,23,39,1,36,6,16,45,43,41,17,3,24,10,32,13,42,35,28,5,48,49,40,46,21,30,20,44,37,38,29,8,19,27,7,33,11,2,15,26,4,
1833,93.28270292282104,72746.77021333334,59372.06800000001,0,25,14,31,22,12,9,47,34,18,23,39,1,36,6,16,45,43,41,17,3,24,10,32,13,42,35,28,5,48,49,40,46,21,30,20,44,37,38,29,8,19,27,7,33,11,2,15,26,4,
1834,93.3196964263916,73285.80314666667,59372.06800000001,0,25,14,31,22,12,9,47,34,18,23,39,1,36,6,16,45,43,41,17,3,24,10,32,13,42,35,28,5,48,49,40,46,21,30,20,44,37,38,29,8,19,27,7,33,11,2,15,26,4,
1835,93.36074686050415,72811.20221333334,59372.06800000001,0,25,14,31,22,12,9,47,34,18,23,39,1,36,6,16,45,43,41,17,3,24,10,32,13,42,35,28,5,48,49,40,46,21,30,20,44,37,38,29,8,19,27,7,33,11,2,15,26,4,
1836,93.39678716659546,74044.13472,59372.06800000001,0,25,14,31,22,12,9,47,34,18,23,39,1,36,6,16,45,43,41,17,3,24,10,32,13,42,35,28,5,48,49,40,46,21,30,20,44,37,38,29,8,19,27,7,33,11,2,15,26,4,
1837,93.43577814102173,72532.13978666667,59372.06800000001,0,25,14,31,22,12,9,47,34,18,23,39,1,36,6,16,45,43,41,17,3,24,10,32,13,42,35,28,5,48,49,40,46,21,30,20,44,37,38,29,8,19,27,7,33,11,2,15,26,4,
1838,93.47473812103271,74051.38293333334,59372.06800000001,0,25,14,31,22,12,9,47,34,18,23,39,1,36,6,16,45,43,41,17,3,24,10,32,13,42,35,28,5,48,49,40,46,21,30,20,44,37,38,29,8,19,27,7,33,11,2,15,26,4,
1839,93.51073145866394,73255.97501333333,59372.06800000001,0,25,14,31,22,12,9,47,34,18,23,39,1,36,6,16,45,43,41,17,3,24,10,32,13,42,35,28,5,48,49,40,46,21,30,20,44,37,38,29,8,19,27,7,33,11,2,15,26,4,
1840,93.54773092269897,71653.84767999999,59372.06800000001,0,25,14,31,22,12,9,47,34,18,23,39,1,36,6,16,45,43,41,17,3,24,10,32,13,42,35,28,5,48,49,40,46,21,30,20,44,37,38,29,8,19,27,7,33,11,2,15,26,4,
1841,93.58469581604004,73754.42477333335,59372.06800000001,0,25,14,31,22,12,9,47,34,18,23,39,1,36,6,16,45,43,41,17,3,24,10,32,13,42,35,28,5,48,49,40,46,21,30,20,44,37,38,29,8,19,27,7,33,11,2,15,26,4,
1842,93.62174963951111,73545.15781333334,59372.06800000001,0,25,14,31,22,12,9,47,34,18,23,39,1,36,6,16,45,43,41,17,3,24,10,32,13,42,35,28,5,48,49,40,46,21,30,20,44,37,38,29,8,19,27,7,33,11,2,15,26,4,
1843,93.65774869918823,74965.49997333334,59372.06800000001,0,25,14,31,22,12,9,47,34,18,23,39,1,36,6,16,45,43,41,17,3,24,10,32,13,42,35,28,5,48,49,40,46,21,30,20,44,37,38,29,8,19,27,7,33,11,2,15,26,4,
1844,93.69574522972107,73213.11605333335,59372.06800000001,0,25,14,31,22,12,9,47,34,18,23,39,1,36,6,16,45,43,41,17,3,24,10,32,13,42,35,28,5,48,49,40,46,21,30,20,44,37,38,29,8,19,27,7,33,11,2,15,26,4,
1845,93.73079133033752,72756.87485333334,59372.06800000001,0,25,14,31,22,12,9,47,34,18,23,39,1,36,6,16,45,43,41,17,3,24,10,32,13,42,35,28,5,48,49,40,46,21,30,20,44,37,38,29,8,19,27,7,33,11,2,15,26,4,
1846,93.76879048347473,71409.90922666667,59372.06800000001,0,25,14,31,22,12,9,47,34,18,23,39,1,36,6,16,45,43,41,17,3,24,10,32,13,42,35,28,5,48,49,40,46,21,30,20,44,37,38,29,8,19,27,7,33,11,2,15,26,4,
1847,93.80779218673706,71620.35562666667,59372.06800000001,0,25,14,31,22,12,9,47,34,18,23,39,1,36,6,16,45,43,41,17,3,24,10,32,13,42,35,28,5,48,49,40,46,21,30,20,44,37,38,29,8,19,27,7,33,11,2,15,26,4,
1848,93.84575629234314,74025.77872,59372.06800000001,0,25,14,31,22,12,9,47,34,18,23,39,1,36,6,16,45,43,41,17,3,24,10,32,13,42,35,28,5,48,49,40,46,21,30,20,44,37,38,29,8,19,27,7,33,11,2,15,26,4,
1849,93.88377022743225,73375.61728000002,59372.06800000001,0,25,14,31,22,12,9,47,34,18,23,39,1,36,6,16,45,43,41,17,3,24,10,32,13,42,35,28,5,48,49,40,46,21,30,20,44,37,38,29,8,19,27,7,33,11,2,15,26,4,
1850,93.91980624198914,72651.12058666667,59372.06800000001,0,25,14,31,22,12,9,47,34,18,23,39,1,36,6,16,45,43,41,17,3,24,10,32,13,42,35,28,5,48,49,40,46,21,30,20,44,37,38,29,8,19,27,7,33,11,2,15,26,4,
1851,93.96086263656616,69237.05973333336,59372.06800000001,0,25,14,31,22,12,9,47,34,18,23,39,1,36,6,16,45,43,41,17,3,24,10,32,13,42,35,28,5,48,49,40,46,21,30,20,44,37,38,29,8,19,27,7,33,11,2,15,26,4,
1852,93.99882054328918,71748.54677333332,59372.06800000001,0,25,14,31,22,12,9,47,34,18,23,39,1,36,6,16,45,43,41,17,3,24,10,32,13,42,35,28,5,48,49,40,46,21,30,20,44,37,38,29,8,19,27,7,33,11,2,15,26,4,
1853,94.03387069702148,69637.15021333333,59372.06800000001,0,25,14,31,22,12,9,47,34,18,23,39,1,36,6,16,45,43,41,17,3,24,10,32,13,42,35,28,5,48,49,40,46,21,30,20,44,37,38,29,8,19,27,7,33,11,2,15,26,4,
1854,94.07087206840515,71771.42525333332,59372.06800000001,0,25,14,31,22,12,9,47,34,18,23,39,1,36,6,16,45,43,41,17,3,24,10,32,13,42,35,28,5,48,49,40,46,21,30,20,44,37,38,29,8,19,27,7,33,11,2,15,26,4,
1855,94.10787105560303,70582.59704000001,59372.06800000001,0,25,14,31,22,12,9,47,34,18,23,39,1,36,6,16,45,43,41,17,3,24,10,32,13,42,35,28,5,48,49,40,46,21,30,20,44,37,38,29,8,19,27,7,33,11,2,15,26,4,
1856,94.14486885070801,71451.38136,59372.06800000001,0,25,14,31,22,12,9,47,34,18,23,39,1,36,6,16,45,43,41,17,3,24,10,32,13,42,35,28,5,48,49,40,46,21,30,20,44,37,38,29,8,19,27,7,33,11,2,15,26,4,
1857,94.18082308769226,72106.39176000001,59372.06800000001,0,25,14,31,22,12,9,47,34,18,23,39,1,36,6,16,45,43,41,17,3,24,10,32,13,42,35,28,5,48,49,40,46,21,30,20,44,37,38,29,8,19,27,7,33,11,2,15,26,4,
1858,94.21787333488464,70994.04586666667,59372.06800000001,0,25,14,31,22,12,9,47,34,18,23,39,1,36,6,16,45,43,41,17,3,24,10,32,13,42,35,28,5,48,49,40,46,21,30,20,44,37,38,29,8,19,27,7,33,11,2,15,26,4,
1859,94.25588202476501,71595.45176000001,59372.06800000001,0,25,14,31,22,12,9,47,34,18,23,39,1,36,6,16,45,43,41,17,3,24,10,32,13,42,35,28,5,48,49,40,46,21,30,20,44,37,38,29,8,19,27,7,33,11,2,15,26,4,
1860,94.29484248161316,74251.2448,59372.06800000001,0,25,14,31,22,12,9,47,34,18,23,39,1,36,6,16,45,43,41,17,3,24,10,32,13,42,35,28,5,48,49,40,46,21,30,20,44,37,38,29,8,19,27,7,33,11,2,15,26,4,
1861,94.33284521102905,74015.62352000001,59372.06800000001,0,25,14,31,22,12,9,47,34,18,23,39,1,36,6,16,45,43,41,17,3,24,10,32,13,42,35,28,5,48,49,40,46,21,30,20,44,37,38,29,8,19,27,7,33,11,2,15,26,4,
1862,94.37184429168701,72873.81485333333,59372.06800000001,0,25,14,31,22,12,9,47,34,18,23,39,1,36,6,16,45,43,41,17,3,24,10,32,13,42,35,28,5,48,49,40,46,21,30,20,44,37,38,29,8,19,27,7,33,11,2,15,26,4,
1863,94.41682648658752,72805.59458666667,59372.06800000001,0,25,14,31,22,12,9,47,34,18,23,39,1,36,6,16,45,43,41,17,3,24,10,32,13,42,35,28,5,48,49,40,46,21,30,20,44,37,38,29,8,19,27,7,33,11,2,15,26,4,
1864,94.46282458305359,69734.6632,59372.06800000001,0,25,14,31,22,12,9,47,34,18,23,39,1,36,6,16,45,43,41,17,3,24,10,32,13,42,35,28,5,48,49,40,46,21,30,20,44,37,38,29,8,19,27,7,33,11,2,15,26,4,
1865,94.50285840034485,71940.23781333334,59372.06800000001,0,25,14,31,22,12,9,47,34,18,23,39,1,36,6,16,45,43,41,17,3,24,10,32,13,42,35,28,5,48,49,40,46,21,30,20,44,37,38,29,8,19,27,7,33,11,2,15,26,4,
1866,94.54285550117493,73454.93834666666,59372.06800000001,0,25,14,31,22,12,9,47,34,18,23,39,1,36,6,16,45,43,41,17,3,24,10,32,13,42,35,28,5,48,49,40,46,21,30,20,44,37,38,29,8,19,27,7,33,11,2,15,26,4,
1867,94.58085894584656,74696.76757333333,59372.06800000001,0,25,14,31,22,12,9,47,34,18,23,39,1,36,6,16,45,43,41,17,3,24,10,32,13,42,35,28,5,48,49,40,46,21,30,20,44,37,38,29,8,19,27,7,33,11,2,15,26,4,
1868,94.61782145500183,74019.68813333334,59372.06800000001,0,25,14,31,22,12,9,47,34,18,23,39,1,36,6,16,45,43,41,17,3,24,10,32,13,42,35,28,5,48,49,40,46,21,30,20,44,37,38,29,8,19,27,7,33,11,2,15,26,4,
1869,94.65782046318054,72393.18848,59372.06800000001,0,25,14,31,22,12,9,47,34,18,23,39,1,36,6,16,45,43,41,17,3,24,10,32,13,42,35,28,5,48,49,40,46,21,30,20,44,37,38,29,8,19,27,7,33,11,2,15,26,4,
1870,94.69681811332703,72955.46730666667,59372.06800000001,0,25,14,31,22,12,9,47,34,18,23,39,1,36,6,16,45,43,41,17,3,24,10,32,13,42,35,28,5,48,49,40,46,21,30,20,44,37,38,29,8,19,27,7,33,11,2,15,26,4,
1871,94.7358193397522,73085.94301333334,59372.06800000001,0,25,14,31,22,12,9,47,34,18,23,39,1,36,6,16,45,43,41,17,3,24,10,32,13,42,35,28,5,48,49,40,46,21,30,20,44,37,38,29,8,19,27,7,33,11,2,15,26,4,
1872,94.7718493938446,72161.47690666666,59372.06800000001,0,25,14,31,22,12,9,47,34,18,23,39,1,36,6,16,45,43,41,17,3,24,10,32,13,42,35,28,5,48,49,40,46,21,30,20,44,37,38,29,8,19,27,7,33,11,2,15,26,4,
1873,94.81384873390198,71632.74594666666,59372.06800000001,0,25,14,31,22,12,9,47,34,18,23,39,1,36,6,16,45,43,41,17,3,24,10,32,13,42,35,28,5,48,49,40,46,21,30,20,44,37,38,29,8,19,27,7,33,11,2,15,26,4,
1874,94.85581302642822,71887.00997333335,59372.06800000001,0,25,14,31,22,12,9,47,34,18,23,39,1,36,6,16,45,43,41,17,3,24,10,32,13,42,35,28,5,48,49,40,46,21,30,20,44,37,38,29,8,19,27,7,33,11,2,15,26,4,
1875,94.90281319618225,71591.68488,59372.06800000001,0,25,14,31,22,12,9,47,34,18,23,39,1,36,6,16,45,43,41,17,3,24,10,32,13,42,35,28,5,48,49,40,46,21,30,20,44,37,38,29,8,19,27,7,33,11,2,15,26,4,
1876,94.9438087940216,74002.10805333334,59372.06800000001,0,25,14,31,22,12,9,47,34,18,23,39,1,36,6,16,45,43,41,17,3,24,10,32,13,42,35,28,5,48,49,40,46,21,30,20,44,37,38,29,8,19,27,7,33,11,2,15,26,4,
1877,94.98577237129211,72456.52253333335,59372.06800000001,0,25,14,31,22,12,9,47,34,18,23,39,1,36,6,16,45,43,41,17,3,24,10,32,13,42,35,28,5,48,49,40,46,21,30,20,44,37,38,29,8,19,27,7,33,11,2,15,26,4,
1878,95.02280187606812,73452.52026666667,59372.06800000001,0,25,14,31,22,12,9,47,34,18,23,39,1,36,6,16,45,43,41,17,3,24,10,32,13,42,35,28,5,48,49,40,46,21,30,20,44,37,38,29,8,19,27,7,33,11,2,15,26,4,
1879,95.06883239746094,73618.22197333335,59372.06800000001,0,25,14,31,22,12,9,47,34,18,23,39,1,36,6,16,45,43,41,17,3,24,10,32,13,42,35,28,5,48,49,40,46,21,30,20,44,37,38,29,8,19,27,7,33,11,2,15,26,4,
1880,95.10686326026917,72790.19101333334,59372.06800000001,0,25,14,31,22,12,9,47,34,18,23,39,1,36,6,16,45,43,41,17,3,24,10,32,13,42,35,28,5,48,49,40,46,21,30,20,44,37,38,29,8,19,27,7,33,11,2,15,26,4,
1881,95.15289783477783,72578.01877333333,59372.06800000001,0,25,14,31,22,12,9,47,34,18,23,39,1,36,6,16,45,43,41,17,3,24,10,32,13,42,35,28,5,48,49,40,46,21,30,20,44,37,38,29,8,19,27,7,33,11,2,15,26,4,
1882,95.19189190864563,72776.92952000002,59372.06800000001,0,25,14,31,22,12,9,47,34,18,23,39,1,36,6,16,45,43,41,17,3,24,10,32,13,42,35,28,5,48,49,40,46,21,30,20,44,37,38,29,8,19,27,7,33,11,2,15,26,4,
1883,95.23992657661438,74901.82802666667,59372.06800000001,0,25,14,31,22,12,9,47,34,18,23,39,1,36,6,16,45,43,41,17,3,24,10,32,13,42,35,28,5,48,49,40,46,21,30,20,44,37,38,29,8,19,27,7,33,11,2,15,26,4,
1884,95.28192281723022,74189.82216000001,59372.06800000001,0,25,14,31,22,12,9,47,34,18,23,39,1,36,6,16,45,43,41,17,3,24,10,32,13,42,35,28,5,48,49,40,46,21,30,20,44,37,38,29,8,19,27,7,33,11,2,15,26,4,
1885,95.32392024993896,72033.0716,59372.06800000001,0,25,14,31,22,12,9,47,34,18,23,39,1,36,6,16,45,43,41,17,3,24,10,32,13,42,35,28,5,48,49,40,46,21,30,20,44,37,38,29,8,19,27,7,33,11,2,15,26,4,
1886,95.36495566368103,71979.05309333334,59372.06800000001,0,25,14,31,22,12,9,47,34,18,23,39,1,36,6,16,45,43,41,17,3,24,10,32,13,42,35,28,5,48,49,40,46,21,30,20,44,37,38,29,8,19,27,7,33,11,2,15,26,4,
1887,95.40299677848816,71791.81016,59372.06800000001,0,25,14,31,22,12,9,47,34,18,23,39,1,36,6,16,45,43,41,17,3,24,10,32,13,42,35,28,5,48,49,40,46,21,30,20,44,37,38,29,8,19,27,7,33,11,2,15,26,4,
1888,95.43999361991882,72594.71338666667,59372.06800000001,0,25,14,31,22,12,9,47,34,18,23,39,1,36,6,16,45,43,41,17,3,24,10,32,13,42,35,28,5,48,49,40,46,21,30,20,44,37,38,29,8,19,27,7,33,11,2,15,26,4,
1889,95.4770348072052,74068.19416,59372.06800000001,0,25,14,31,22,12,9,47,34,18,23,39,1,36,6,16,45,43,41,17,3,24,10,32,13,42,35,28,5,48,49,40,46,21,30,20,44,37,38,29,8,19,27,7,33,11,2,15,26,4,
1890,95.5120325088501,73006.31634666666,59372.06800000001,0,25,14,31,22,12,9,47,34,18,23,39,1,36,6,16,45,43,41,17,3,24,10,32,13,42,35,28,5,48,49,40,46,21,30,20,44,37,38,29,8,19,27,7,33,11,2,15,26,4,
1891,95.5490300655365,71869.19058666668,59372.06800000001,0,25,14,31,22,12,9,47,34,18,23,39,1,36,6,16,45,43,41,17,3,24,10,32,13,42,35,28,5,48,49,40,46,21,30,20,44,37,38,29,8,19,27,7,33,11,2,15,26,4,
1892,95.58602404594421,71537.54138666666,59372.06800000001,0,25,14,31,22,12,9,47,34,18,23,39,1,36,6,16,45,43,41,17,3,24,10,32,13,42,35,28,5,48,49,40,46,21,30,20,44,37,38,29,8,19,27,7,33,11,2,15,26,4,
1893,95.62606596946716,72229.90072,59372.06800000001,0,25,14,31,22,12,9,47,34,18,23,39,1,36,6,16,45,43,41,17,3,24,10,32,13,42,35,28,5,48,49,40,46,21,30,20,44,37,38,29,8,19,27,7,33,11,2,15,26,4,
1894,95.66306805610657,71969.46269333333,59372.06800000001,0,25,14,31,22,12,9,47,34,18,23,39,1,36,6,16,45,43,41,17,3,24,10,32,13,42,35,28,5,48,49,40,46,21,30,20,44,37,38,29,8,19,27,7,33,11,2,15,26,4,
1895,95.70106673240662,72854.38711999998,59372.06800000001,0,25,14,31,22,12,9,47,34,18,23,39,1,36,6,16,45,43,41,17,3,24,10,32,13,42,35,28,5,48,49,40,46,21,30,20,44,37,38,29,8,19,27,7,33,11,2,15,26,4,
1896,95.7400336265564,72501.77050666667,59372.06800000001,0,25,14,31,22,12,9,47,34,18,23,39,1,36,6,16,45,43,41,17,3,24,10,32,13,42,35,28,5,48,49,40,46,21,30,20,44,37,38,29,8,19,27,7,33,11,2,15,26,4,
1897,95.77707552909851,74356.0388,59372.06800000001,0,25,14,31,22,12,9,47,34,18,23,39,1,36,6,16,45,43,41,17,3,24,10,32,13,42,35,28,5,48,49,40,46,21,30,20,44,37,38,29,8,19,27,7,33,11,2,15,26,4,
1898,95.8130395412445,74123.96517333333,59372.06800000001,0,25,14,31,22,12,9,47,34,18,23,39,1,36,6,16,45,43,41,17,3,24,10,32,13,42,35,28,5,48,49,40,46,21,30,20,44,37,38,29,8,19,27,7,33,11,2,15,26,4,
1899,95.84907793998718,71684.01258666665,59372.06800000001,0,25,14,31,22,12,9,47,34,18,23,39,1,36,6,16,45,43,41,17,3,24,10,32,13,42,35,28,5,48,49,40,46,21,30,20,44,37,38,29,8,19,27,7,33,11,2,15,26,4,
1900,95.88707184791565,71133.9896,59372.06800000001,0,25,14,31,22,12,9,47,34,18,23,39,1,36,6,16,45,43,41,17,3,24,10,32,13,42,35,28,5,48,49,40,46,21,30,20,44,37,38,29,8,19,27,7,33,11,2,15,26,4,
1901,95.92212319374084,69875.25533333332,59372.06800000001,0,25,14,31,22,12,9,47,34,18,23,39,1,36,6,16,45,43,41,17,3,24,10,32,13,42,35,28,5,48,49,40,46,21,30,20,44,37,38,29,8,19,27,7,33,11,2,15,26,4,
1902,95.95710611343384,70620.83279999999,59372.06800000001,0,25,14,31,22,12,9,47,34,18,23,39,1,36,6,16,45,43,41,17,3,24,10,32,13,42,35,28,5,48,49,40,46,21,30,20,44,37,38,29,8,19,27,7,33,11,2,15,26,4,
1903,95.99315643310547,72152.11448,59372.06800000001,0,25,14,31,22,12,9,47,34,18,23,39,1,36,6,16,45,43,41,17,3,24,10,32,13,42,35,28,5,48,49,40,46,21,30,20,44,37,38,29,8,19,27,7,33,11,2,15,26,4,
1904,96.03011751174927,73083.33285333333,59372.06800000001,0,25,14,31,22,12,9,47,34,18,23,39,1,36,6,16,45,43,41,17,3,24,10,32,13,42,35,28,5,48,49,40,46,21,30,20,44,37,38,29,8,19,27,7,33,11,2,15,26,4,
1905,96.0681164264679,72669.99704,59372.06800000001,0,25,14,31,22,12,9,47,34,18,23,39,1,36,6,16,45,43,41,17,3,24,10,32,13,42,35,28,5,48,49,40,46,21,30,20,44,37,38,29,8,19,27,7,33,11,2,15,26,4,
1906,96.10511517524719,71833.11197333332,59372.06800000001,0,25,14,31,22,12,9,47,34,18,23,39,1,36,6,16,45,43,41,17,3,24,10,32,13,42,35,28,5,48,49,40,46,21,30,20,44,37,38,29,8,19,27,7,33,11,2,15,26,4,
1907,96.14412069320679,68724.48469333332,59372.06800000001,0,25,14,31,22,12,9,47,34,18,23,39,1,36,6,16,45,43,41,17,3,24,10,32,13,42,35,28,5,48,49,40,46,21,30,20,44,37,38,29,8,19,27,7,33,11,2,15,26,4,
1908,96.18116116523743,68113.43064,59372.06800000001,0,25,14,31,22,12,9,47,34,18,23,39,1,36,6,16,45,43,41,17,3,24,10,32,13,42,35,28,5,48,49,40,46,21,30,20,44,37,38,29,8,19,27,7,33,11,2,15,26,4,
1909,96.21912503242493,67211.54077333334,59372.06800000001,0,25,14,31,22,12,9,47,34,18,23,39,1,36,6,16,45,43,41,17,3,24,10,32,13,42,35,28,5,48,49,40,46,21,30,20,44,37,38,29,8,19,27,7,33,11,2,15,26,4,
1910,96.25508689880371,66807.52333333333,59372.06800000001,0,25,14,31,22,12,9,47,34,18,23,39,1,36,6,16,45,43,41,17,3,24,10,32,13,42,35,28,5,48,49,40,46,21,30,20,44,37,38,29,8,19,27,7,33,11,2,15,26,4,
1911,96.2921245098114,67091.12800000001,59372.06800000001,0,25,14,31,22,12,9,47,34,18,23,39,1,36,6,16,45,43,41,17,3,24,10,32,13,42,35,28,5,48,49,40,46,21,30,20,44,37,38,29,8,19,27,7,33,11,2,15,26,4,
1912,96.33012509346008,68575.47352,59372.06800000001,0,25,14,31,22,12,9,47,34,18,23,39,1,36,6,16,45,43,41,17,3,24,10,32,13,42,35,28,5,48,49,40,46,21,30,20,44,37,38,29,8,19,27,7,33,11,2,15,26,4,
1913,96.36912679672241,68404.10029333334,59372.06800000001,0,25,14,31,22,12,9,47,34,18,23,39,1,36,6,16,45,43,41,17,3,24,10,32,13,42,35,28,5,48,49,40,46,21,30,20,44,37,38,29,8,19,27,7,33,11,2,15,26,4,
1914,96.40613913536072,68947.54626666666,59372.06800000001,0,25,14,31,22,12,9,47,34,18,23,39,1,36,6,16,45,43,41,17,3,24,10,32,13,42,35,28,5,48,49,40,46,21,30,20,44,37,38,29,8,19,27,7,33,11,2,15,26,4,
1915,96.44214034080505,69017.39866666666,59372.06800000001,0,25,14,31,22,12,9,47,34,18,23,39,1,36,6,16,45,43,41,17,3,24,10,32,13,42,35,28,5,48,49,40,46,21,30,20,44,37,38,29,8,19,27,7,33,11,2,15,26,4,
1916,96.4791796207428,71703.35573333333,59372.06800000001,0,25,14,31,22,12,9,47,34,18,23,39,1,36,6,16,45,43,41,17,3,24,10,32,13,42,35,28,5,48,49,40,46,21,30,20,44,37,38,29,8,19,27,7,33,11,2,15,26,4,
1917,96.51522994041443,70801.96053333333,59372.06800000001,0,25,14,31,22,12,9,47,34,18,23,39,1,36,6,16,45,43,41,17,3,24,10,32,13,42,35,28,5,48,49,40,46,21,30,20,44,37,38,29,8,19,27,7,33,11,2,15,26,4,
1918,96.55426812171936,69754.52933333332,59372.06800000001,0,25,14,31,22,12,9,47,34,18,23,39,1,36,6,16,45,43,41,17,3,24,10,32,13,42,35,28,5,48,49,40,46,21,30,20,44,37,38,29,8,19,27,7,33,11,2,15,26,4,
1919,96.59126949310303,72015.58701333334,59372.06800000001,0,25,14,31,22,12,9,47,34,18,23,39,1,36,6,16,45,43,41,17,3,24,10,32,13,42,35,28,5,48,49,40,46,21,30,20,44,37,38,29,8,19,27,7,33,11,2,15,26,4,
1920,96.63023614883423,74405.13072,59372.06800000001,0,25,14,31,22,12,9,47,34,18,23,39,1,36,6,16,45,43,41,17,3,24,10,32,13,42,35,28,5,48,49,40,46,21,30,20,44,37,38,29,8,19,27,7,33,11,2,15,26,4,
1921,96.66623497009277,74249.72690666666,59372.06800000001,0,25,14,31,22,12,9,47,34,18,23,39,1,36,6,16,45,43,41,17,3,24,10,32,13,42,35,28,5,48,49,40,46,21,30,20,44,37,38,29,8,19,27,7,33,11,2,15,26,4,
1922,96.70523262023926,75031.96826666665,59372.06800000001,0,25,14,31,22,12,9,47,34,18,23,39,1,36,6,16,45,43,41,17,3,24,10,32,13,42,35,28,5,48,49,40,46,21,30,20,44,37,38,29,8,19,27,7,33,11,2,15,26,4,
1923,96.7431960105896,74655.13453333333,59372.06800000001,0,25,14,31,22,12,9,47,34,18,23,39,1,36,6,16,45,43,41,17,3,24,10,32,13,42,35,28,5,48,49,40,46,21,30,20,44,37,38,29,8,19,27,7,33,11,2,15,26,4,
1924,96.78023481369019,72901.23653333333,59372.06800000001,0,25,14,31,22,12,9,47,34,18,23,39,1,36,6,16,45,43,41,17,3,24,10,32,13,42,35,28,5,48,49,40,46,21,30,20,44,37,38,29,8,19,27,7,33,11,2,15,26,4,
1925,96.81823468208313,72390.79119999999,59372.06800000001,0,25,14,31,22,12,9,47,34,18,23,39,1,36,6,16,45,43,41,17,3,24,10,32,13,42,35,28,5,48,49,40,46,21,30,20,44,37,38,29,8,19,27,7,33,11,2,15,26,4,
1926,96.85424876213074,68099.54653333334,59372.06800000001,0,25,14,31,22,12,9,47,34,18,23,39,1,36,6,16,45,43,41,17,3,24,10,32,13,42,35,28,5,48,49,40,46,21,30,20,44,37,38,29,8,19,27,7,33,11,2,15,26,4,
1927,96.89128303527832,68588.82069333334,59372.06800000001,0,25,14,31,22,12,9,47,34,18,23,39,1,36,6,16,45,43,41,17,3,24,10,32,13,42,35,28,5,48,49,40,46,21,30,20,44,37,38,29,8,19,27,7,33,11,2,15,26,4,
1928,96.92833518981934,68385.13514666665,59372.06800000001,0,25,14,31,22,12,9,47,34,18,23,39,1,36,6,16,45,43,41,17,3,24,10,32,13,42,35,28,5,48,49,40,46,21,30,20,44,37,38,29,8,19,27,7,33,11,2,15,26,4,
1929,96.96833491325378,68030.15490666668,59372.06800000001,0,25,14,31,22,12,9,47,34,18,23,39,1,36,6,16,45,43,41,17,3,24,10,32,13,42,35,28,5,48,49,40,46,21,30,20,44,37,38,29,8,19,27,7,33,11,2,15,26,4,
1930,97.00534200668335,67391.32181333333,59372.06800000001,0,25,14,31,22,12,9,47,34,18,23,39,1,36,6,16,45,43,41,17,3,24,10,32,13,42,35,28,5,48,49,40,46,21,30,20,44,37,38,29,8,19,27,7,33,11,2,15,26,4,
1931,97.04138088226318,70912.28306666667,59372.06800000001,0,25,14,31,22,12,9,47,34,18,23,39,1,36,6,16,45,43,41,17,3,24,10,32,13,42,35,28,5,48,49,40,46,21,30,20,44,37,38,29,8,19,27,7,33,11,2,15,26,4,
1932,97.08038401603699,69210.16333333333,59372.06800000001,0,25,14,31,22,12,9,47,34,18,23,39,1,36,6,16,45,43,41,17,3,24,10,32,13,42,35,28,5,48,49,40,46,21,30,20,44,37,38,29,8,19,27,7,33,11,2,15,26,4,
1933,97.11635136604309,69646.90730666669,59372.06800000001,0,25,14,31,22,12,9,47,34,18,23,39,1,36,6,16,45,43,41,17,3,24,10,32,13,42,35,28,5,48,49,40,46,21,30,20,44,37,38,29,8,19,27,7,33,11,2,15,26,4,
1934,97.1533534526825,70228.22925333335,59372.06800000001,0,25,14,31,22,12,9,47,34,18,23,39,1,36,6,16,45,43,41,17,3,24,10,32,13,42,35,28,5,48,49,40,46,21,30,20,44,37,38,29,8,19,27,7,33,11,2,15,26,4,
1935,97.18939328193665,70433.53786666667,59372.06800000001,0,25,14,31,22,12,9,47,34,18,23,39,1,36,6,16,45,43,41,17,3,24,10,32,13,42,35,28,5,48,49,40,46,21,30,20,44,37,38,29,8,19,27,7,33,11,2,15,26,4,
1936,97.22738933563232,70746.13866666667,59372.06800000001,0,25,14,31,22,12,9,47,34,18,23,39,1,36,6,16,45,43,41,17,3,24,10,32,13,42,35,28,5,48,49,40,46,21,30,20,44,37,38,29,8,19,27,7,33,11,2,15,26,4,
1937,97.26742720603943,70274.9892,59372.06800000001,0,25,14,31,22,12,9,47,34,18,23,39,1,36,6,16,45,43,41,17,3,24,10,32,13,42,35,28,5,48,49,40,46,21,30,20,44,37,38,29,8,19,27,7,33,11,2,15,26,4,
1938,97.30146193504333,69008.26293333335,59372.06800000001,0,25,14,31,22,12,9,47,34,18,23,39,1,36,6,16,45,43,41,17,3,24,10,32,13,42,35,28,5,48,49,40,46,21,30,20,44,37,38,29,8,19,27,7,33,11,2,15,26,4,
1939,97.33850431442261,70282.52933333335,59372.06800000001,0,25,14,31,22,12,9,47,34,18,23,39,1,36,6,16,45,43,41,17,3,24,10,32,13,42,35,28,5,48,49,40,46,21,30,20,44,37,38,29,8,19,27,7,33,11,2,15,26,4,
1940,97.37746787071228,70476.96946666668,59372.06800000001,0,25,14,31,22,12,9,47,34,18,23,39,1,36,6,16,45,43,41,17,3,24,10,32,13,42,35,28,5,48,49,40,46,21,30,20,44,37,38,29,8,19,27,7,33,11,2,15,26,4,
1941,97.4145176410675,70484.99842666669,59372.06800000001,0,25,14,31,22,12,9,47,34,18,23,39,1,36,6,16,45,43,41,17,3,24,10,32,13,42,35,28,5,48,49,40,46,21,30,20,44,37,38,29,8,19,27,7,33,11,2,15,26,4,
1942,97.452476978302,71383.47856,59372.06800000001,0,25,14,31,22,12,9,47,34,18,23,39,1,36,6,16,45,43,41,17,3,24,10,32,13,42,35,28,5,48,49,40,46,21,30,20,44,37,38,29,8,19,27,7,33,11,2,15,26,4,
1943,97.49048185348511,71208.91989333334,59372.06800000001,0,25,14,31,22,12,9,47,34,18,23,39,1,36,6,16,45,43,41,17,3,24,10,32,13,42,35,28,5,48,49,40,46,21,30,20,44,37,38,29,8,19,27,7,33,11,2,15,26,4,
1944,97.52651596069336,70797.16936,59372.06800000001,0,25,14,31,22,12,9,47,34,18,23,39,1,36,6,16,45,43,41,17,3,24,10,32,13,42,35,28,5,48,49,40,46,21,30,20,44,37,38,29,8,19,27,7,33,11,2,15,26,4,
1945,97.56951880455017,72389.50919999999,59372.06800000001,0,25,14,31,22,12,9,47,34,18,23,39,1,36,6,16,45,43,41,17,3,24,10,32,13,42,35,28,5,48,49,40,46,21,30,20,44,37,38,29,8,19,27,7,33,11,2,15,26,4,
1946,97.60852217674255,73446.07482666665,59372.06800000001,0,25,14,31,22,12,9,47,34,18,23,39,1,36,6,16,45,43,41,17,3,24,10,32,13,42,35,28,5,48,49,40,46,21,30,20,44,37,38,29,8,19,27,7,33,11,2,15,26,4,
1947,97.64748573303223,72207.40552,59372.06800000001,0,25,14,31,22,12,9,47,34,18,23,39,1,36,6,16,45,43,41,17,3,24,10,32,13,42,35,28,5,48,49,40,46,21,30,20,44,37,38,29,8,19,27,7,33,11,2,15,26,4,
1948,97.6844847202301,71748.93266666666,59372.06800000001,0,25,14,31,22,12,9,47,34,18,23,39,1,36,6,16,45,43,41,17,3,24,10,32,13,42,35,28,5,48,49,40,46,21,30,20,44,37,38,29,8,19,27,7,33,11,2,15,26,4,
1949,97.72051811218262,70210.46535999999,59372.06800000001,0,25,14,31,22,12,9,47,34,18,23,39,1,36,6,16,45,43,41,17,3,24,10,32,13,42,35,28,5,48,49,40,46,21,30,20,44,37,38,29,8,19,27,7,33,11,2,15,26,4,
1950,97.75851631164551,68301.30989333332,59372.06800000001,0,25,14,31,22,12,9,47,34,18,23,39,1,36,6,16,45,43,41,17,3,24,10,32,13,42,35,28,5,48,49,40,46,21,30,20,44,37,38,29,8,19,27,7,33,11,2,15,26,4,
1951,97.79647445678711,70013.92184000001,59372.06800000001,0,25,14,31,22,12,9,47,34,18,23,39,1,36,6,16,45,43,41,17,3,24,10,32,13,42,35,28,5,48,49,40,46,21,30,20,44,37,38,29,8,19,27,7,33,11,2,15,26,4,
1952,97.83751821517944,70673.01354666667,59372.06800000001,0,25,14,31,22,12,9,47,34,18,23,39,1,36,6,16,45,43,41,17,3,24,10,32,13,42,35,28,5,48,49,40,46,21,30,20,44,37,38,29,8,19,27,7,33,11,2,15,26,4,
1953,97.87555956840515,72414.41341333333,59372.06800000001,0,25,14,31,22,12,9,47,34,18,23,39,1,36,6,16,45,43,41,17,3,24,10,32,13,42,35,28,5,48,49,40,46,21,30,20,44,37,38,29,8,19,27,7,33,11,2,15,26,4,
1954,97.91259789466858,72219.35541333332,59372.06800000001,0,25,14,31,22,12,9,47,34,18,23,39,1,36,6,16,45,43,41,17,3,24,10,32,13,42,35,28,5,48,49,40,46,21,30,20,44,37,38,29,8,19,27,7,33,11,2,15,26,4,
1955,97.94859981536865,73549.96312,59372.06800000001,0,25,14,31,22,12,9,47,34,18,23,39,1,36,6,16,45,43,41,17,3,24,10,32,13,42,35,28,5,48,49,40,46,21,30,20,44,37,38,29,8,19,27,7,33,11,2,15,26,4,
1956,97.9865972995758,72688.54685333333,59372.06800000001,0,25,14,31,22,12,9,47,34,18,23,39,1,36,6,16,45,43,41,17,3,24,10,32,13,42,35,28,5,48,49,40,46,21,30,20,44,37,38,29,8,19,27,7,33,11,2,15,26,4,
1957,98.02359747886658,72132.73133333333,59372.06800000001,0,25,14,31,22,12,9,47,34,18,23,39,1,36,6,16,45,43,41,17,3,24,10,32,13,42,35,28,5,48,49,40,46,21,30,20,44,37,38,29,8,19,27,7,33,11,2,15,26,4,
1958,98.06159901618958,70512.07255999999,59372.06800000001,0,25,14,31,22,12,9,47,34,18,23,39,1,36,6,16,45,43,41,17,3,24,10,32,13,42,35,28,5,48,49,40,46,21,30,20,44,37,38,29,8,19,27,7,33,11,2,15,26,4,
1959,98.09863710403442,72742.93693333332,59372.06800000001,0,25,14,31,22,12,9,47,34,18,23,39,1,36,6,16,45,43,41,17,3,24,10,32,13,42,35,28,5,48,49,40,46,21,30,20,44,37,38,29,8,19,27,7,33,11,2,15,26,4,
1960,98.1346001625061,71016.99906666666,59372.06800000001,0,25,14,31,22,12,9,47,34,18,23,39,1,36,6,16,45,43,41,17,3,24,10,32,13,42,35,28,5,48,49,40,46,21,30,20,44,37,38,29,8,19,27,7,33,11,2,15,26,4,
1961,98.17360162734985,71449.16935999999,59372.06800000001,0,25,14,31,22,12,9,47,34,18,23,39,1,36,6,16,45,43,41,17,3,24,10,32,13,42,35,28,5,48,49,40,46,21,30,20,44,37,38,29,8,19,27,7,33,11,2,15,26,4,
1962,98.21059989929199,71514.36714666666,59372.06800000001,0,25,14,31,22,12,9,47,34,18,23,39,1,36,6,16,45,43,41,17,3,24,10,32,13,42,35,28,5,48,49,40,46,21,30,20,44,37,38,29,8,19,27,7,33,11,2,15,26,4,
1963,98.24763941764832,73342.01023999999,59372.06800000001,0,25,14,31,22,12,9,47,34,18,23,39,1,36,6,16,45,43,41,17,3,24,10,32,13,42,35,28,5,48,49,40,46,21,30,20,44,37,38,29,8,19,27,7,33,11,2,15,26,4,
1964,98.2836377620697,72352.28424,59372.06800000001,0,25,14,31,22,12,9,47,34,18,23,39,1,36,6,16,45,43,41,17,3,24,10,32,13,42,35,28,5,48,49,40,46,21,30,20,44,37,38,29,8,19,27,7,33,11,2,15,26,4,
1965,98.31968641281128,73839.16034666667,59372.06800000001,0,25,14,31,22,12,9,47,34,18,23,39,1,36,6,16,45,43,41,17,3,24,10,32,13,42,35,28,5,48,49,40,46,21,30,20,44,37,38,29,8,19,27,7,33,11,2,15,26,4,
1966,98.35872888565063,72557.23797333334,59372.06800000001,0,25,14,31,22,12,9,47,34,18,23,39,1,36,6,16,45,43,41,17,3,24,10,32,13,42,35,28,5,48,49,40,46,21,30,20,44,37,38,29,8,19,27,7,33,11,2,15,26,4,
1967,98.39573311805725,70754.16413333335,59372.06800000001,0,25,14,31,22,12,9,47,34,18,23,39,1,36,6,16,45,43,41,17,3,24,10,32,13,42,35,28,5,48,49,40,46,21,30,20,44,37,38,29,8,19,27,7,33,11,2,15,26,4,
1968,98.43170738220215,72265.86693333334,59372.06800000001,0,25,14,31,22,12,9,47,34,18,23,39,1,36,6,16,45,43,41,17,3,24,10,32,13,42,35,28,5,48,49,40,46,21,30,20,44,37,38,29,8,19,27,7,33,11,2,15,26,4,
1969,98.46871042251587,71249.46514666668,59372.06800000001,0,25,14,31,22,12,9,47,34,18,23,39,1,36,6,16,45,43,41,17,3,24,10,32,13,42,35,28,5,48,49,40,46,21,30,20,44,37,38,29,8,19,27,7,33,11,2,15,26,4,
1970,98.5067036151886,69761.26141333334,59372.06800000001,0,25,14,31,22,12,9,47,34,18,23,39,1,36,6,16,45,43,41,17,3,24,10,32,13,42,35,28,5,48,49,40,46,21,30,20,44,37,38,29,8,19,27,7,33,11,2,15,26,4,
1971,98.54271459579468,67472.77768,59372.06800000001,0,25,14,31,22,12,9,47,34,18,23,39,1,36,6,16,45,43,41,17,3,24,10,32,13,42,35,28,5,48,49,40,46,21,30,20,44,37,38,29,8,19,27,7,33,11,2,15,26,4,
1972,98.57872867584229,68941.94922666666,59372.06800000001,0,25,14,31,22,12,9,47,34,18,23,39,1,36,6,16,45,43,41,17,3,24,10,32,13,42,35,28,5,48,49,40,46,21,30,20,44,37,38,29,8,19,27,7,33,11,2,15,26,4,
1973,98.61573028564453,68056.93765333333,59372.06800000001,0,25,14,31,22,12,9,47,34,18,23,39,1,36,6,16,45,43,41,17,3,24,10,32,13,42,35,28,5,48,49,40,46,21,30,20,44,37,38,29,8,19,27,7,33,11,2,15,26,4,
1974,98.65269064903259,68801.63418666666,59372.06800000001,0,25,14,31,22,12,9,47,34,18,23,39,1,36,6,16,45,43,41,17,3,24,10,32,13,42,35,28,5,48,49,40,46,21,30,20,44,37,38,29,8,19,27,7,33,11,2,15,26,4,
1975,98.69065022468567,66915.29682666667,59372.06800000001,0,25,14,31,22,12,9,47,34,18,23,39,1,36,6,16,45,43,41,17,3,24,10,32,13,42,35,28,5,48,49,40,46,21,30,20,44,37,38,29,8,19,27,7,33,11,2,15,26,4,
1976,98.72764563560486,68197.21071999999,59372.06800000001,0,25,14,31,22,12,9,47,34,18,23,39,1,36,6,16,45,43,41,17,3,24,10,32,13,42,35,28,5,48,49,40,46,21,30,20,44,37,38,29,8,19,27,7,33,11,2,15,26,4,
1977,98.76367855072021,69350.76178666666,59372.06800000001,0,25,14,31,22,12,9,47,34,18,23,39,1,36,6,16,45,43,41,17,3,24,10,32,13,42,35,28,5,48,49,40,46,21,30,20,44,37,38,29,8,19,27,7,33,11,2,15,26,4,
1978,98.79967641830444,70539.77762666666,59372.06800000001,0,25,14,31,22,12,9,47,34,18,23,39,1,36,6,16,45,43,41,17,3,24,10,32,13,42,35,28,5,48,49,40,46,21,30,20,44,37,38,29,8,19,27,7,33,11,2,15,26,4,
1979,98.83872890472412,70715.90634666666,59372.06800000001,0,25,14,31,22,12,9,47,34,18,23,39,1,36,6,16,45,43,41,17,3,24,10,32,13,42,35,28,5,48,49,40,46,21,30,20,44,37,38,29,8,19,27,7,33,11,2,15,26,4,
1980,98.87673854827881,69572.21485333334,59372.06800000001,0,25,14,31,22,12,9,47,34,18,23,39,1,36,6,16,45,43,41,17,3,24,10,32,13,42,35,28,5,48,49,40,46,21,30,20,44,37,38,29,8,19,27,7,33,11,2,15,26,4,
1981,98.9157485961914,70545.33632,59372.06800000001,0,25,14,31,22,12,9,47,34,18,23,39,1,36,6,16,45,43,41,17,3,24,10,32,13,42,35,28,5,48,49,40,46,21,30,20,44,37,38,29,8,19,27,7,33,11,2,15,26,4,
1982,98.95274758338928,68330.51970666667,59372.06800000001,0,25,14,31,22,12,9,47,34,18,23,39,1,36,6,16,45,43,41,17,3,24,10,32,13,42,35,28,5,48,49,40,46,21,30,20,44,37,38,29,8,19,27,7,33,11,2,15,26,4,
1983,98.99078297615051,68458.72850666665,59372.06800000001,0,25,14,31,22,12,9,47,34,18,23,39,1,36,6,16,45,43,41,17,3,24,10,32,13,42,35,28,5,48,49,40,46,21,30,20,44,37,38,29,8,19,27,7,33,11,2,15,26,4,
1984,99.02673554420471,68770.24653333332,59372.06800000001,0,25,14,31,22,12,9,47,34,18,23,39,1,36,6,16,45,43,41,17,3,24,10,32,13,42,35,28,5,48,49,40,46,21,30,20,44,37,38,29,8,19,27,7,33,11,2,15,26,4,
1985,99.06569409370422,70202.50136000001,59372.06800000001,0,25,14,31,22,12,9,47,34,18,23,39,1,36,6,16,45,43,41,17,3,24,10,32,13,42,35,28,5,48,49,40,46,21,30,20,44,37,38,29,8,19,27,7,33,11,2,15,26,4,
1986,99.10370373725891,72346.06512,59372.06800000001,0,25,14,31,22,12,9,47,34,18,23,39,1,36,6,16,45,43,41,17,3,24,10,32,13,42,35,28,5,48,49,40,46,21,30,20,44,37,38,29,8,19,27,7,33,11,2,15,26,4,
1987,99.14170265197754,71730.56146666665,59372.06800000001,0,25,14,31,22,12,9,47,34,18,23,39,1,36,6,16,45,43,41,17,3,24,10,32,13,42,35,28,5,48,49,40,46,21,30,20,44,37,38,29,8,19,27,7,33,11,2,15,26,4,
1988,99.17970395088196,73496.67133333335,59372.06800000001,0,25,14,31,22,12,9,47,34,18,23,39,1,36,6,16,45,43,41,17,3,24,10,32,13,42,35,28,5,48,49,40,46,21,30,20,44,37,38,29,8,19,27,7,33,11,2,15,26,4,
1989,99.21671414375305,74098.664,59372.06800000001,0,25,14,31,22,12,9,47,34,18,23,39,1,36,6,16,45,43,41,17,3,24,10,32,13,42,35,28,5,48,49,40,46,21,30,20,44,37,38,29,8,19,27,7,33,11,2,15,26,4,
1990,99.25374603271484,72526.84093333333,59372.06800000001,0,25,14,31,22,12,9,47,34,18,23,39,1,36,6,16,45,43,41,17,3,24,10,32,13,42,35,28,5,48,49,40,46,21,30,20,44,37,38,29,8,19,27,7,33,11,2,15,26,4,
1991,99.29078531265259,74550.58909333333,59372.06800000001,0,25,14,31,22,12,9,47,34,18,23,39,1,36,6,16,45,43,41,17,3,24,10,32,13,42,35,28,5,48,49,40,46,21,30,20,44,37,38,29,8,19,27,7,33,11,2,15,26,4,
1992,99.32879567146301,72254.18288,59372.06800000001,0,25,14,31,22,12,9,47,34,18,23,39,1,36,6,16,45,43,41,17,3,24,10,32,13,42,35,28,5,48,49,40,46,21,30,20,44,37,38,29,8,19,27,7,33,11,2,15,26,4,
1993,99.36579513549805,70714.35272,59372.06800000001,0,25,14,31,22,12,9,47,34,18,23,39,1,36,6,16,45,43,41,17,3,24,10,32,13,42,35,28,5,48,49,40,46,21,30,20,44,37,38,29,8,19,27,7,33,11,2,15,26,4,
1994,99.40679240226746,70511.19994666667,59372.06800000001,0,25,14,31,22,12,9,47,34,18,23,39,1,36,6,16,45,43,41,17,3,24,10,32,13,42,35,28,5,48,49,40,46,21,30,20,44,37,38,29,8,19,27,7,33,11,2,15,26,4,
1995,99.44379425048828,70149.62285333335,59372.06800000001,0,25,14,31,22,12,9,47,34,18,23,39,1,36,6,16,45,43,41,17,3,24,10,32,13,42,35,28,5,48,49,40,46,21,30,20,44,37,38,29,8,19,27,7,33,11,2,15,26,4,
1996,99.48426175117493,68354.25453333334,59372.06800000001,0,25,14,31,22,12,9,47,34,18,23,39,1,36,6,16,45,43,41,17,3,24,10,32,13,42,35,28,5,48,49,40,46,21,30,20,44,37,38,29,8,19,27,7,33,11,2,15,26,4,
1997,99.52026510238647,69988.31394666666,59372.06800000001,0,25,14,31,22,12,9,47,34,18,23,39,1,36,6,16,45,43,41,17,3,24,10,32,13,42,35,28,5,48,49,40,46,21,30,20,44,37,38,29,8,19,27,7,33,11,2,15,26,4,
1998,99.55830645561218,69973.54920000001,59372.06800000001,0,25,14,31,22,12,9,47,34,18,23,39,1,36,6,16,45,43,41,17,3,24,10,32,13,42,35,28,5,48,49,40,46,21,30,20,44,37,38,29,8,19,27,7,33,11,2,15,26,4,
1999,102.28326773643494,71013.30589333334,59372.06800000001,0,25,14,31,22,12,9,47,34,18,23,39,1,36,6,16,45,43,41,17,3,24,10,32,13,42,35,28,5,48,49,40,46,21,30,20,44,37,38,29,8,19,27,7,33,11,2,15,26,4,
2000,102.320321559906,69990.37413333335,59372.06800000001,0,25,14,31,22,12,9,47,34,18,23,39,1,36,6,16,45,43,41,17,3,24,10,32,13,42,35,28,5,48,49,40,46,21,30,20,44,37,38,29,8,19,27,7,33,11,2,15,26,4,
2001,102.35827994346619,69505.31618666668,59372.06800000001,0,25,14,31,22,12,9,47,34,18,23,39,1,36,6,16,45,43,41,17,3,24,10,32,13,42,35,28,5,48,49,40,46,21,30,20,44,37,38,29,8,19,27,7,33,11,2,15,26,4,
2002,102.39529395103455,70518.61226666668,59372.06800000001,0,25,14,31,22,12,9,47,34,18,23,39,1,36,6,16,45,43,41,17,3,24,10,32,13,42,35,28,5,48,49,40,46,21,30,20,44,37,38,29,8,19,27,7,33,11,2,15,26,4,
2003,102.43232917785645,73994.28576,59372.06800000001,0,25,14,31,22,12,9,47,34,18,23,39,1,36,6,16,45,43,41,17,3,24,10,32,13,42,35,28,5,48,49,40,46,21,30,20,44,37,38,29,8,19,27,7,33,11,2,15,26,4,
2004,102.46839237213135,68248.01952,59372.06800000001,0,25,14,31,22,12,9,47,34,18,23,39,1,36,6,16,45,43,41,17,3,24,10,32,13,42,35,28,5,48,49,40,46,21,30,20,44,37,38,29,8,19,27,7,33,11,2,15,26,4,
2005,102.50835537910461,68368.01712000002,59372.06800000001,0,25,14,31,22,12,9,47,34,18,23,39,1,36,6,16,45,43,41,17,3,24,10,32,13,42,35,28,5,48,49,40,46,21,30,20,44,37,38,29,8,19,27,7,33,11,2,15,26,4,
2006,102.54336524009705,70256.96725333334,59372.06800000001,0,25,14,31,22,12,9,47,34,18,23,39,1,36,6,16,45,43,41,17,3,24,10,32,13,42,35,28,5,48,49,40,46,21,30,20,44,37,38,29,8,19,27,7,33,11,2,15,26,4,
2007,102.579421043396,70874.18376000001,59372.06800000001,0,25,14,31,22,12,9,47,34,18,23,39,1,36,6,16,45,43,41,17,3,24,10,32,13,42,35,28,5,48,49,40,46,21,30,20,44,37,38,29,8,19,27,7,33,11,2,15,26,4,
2008,102.61538028717041,71055.85973333333,59372.06800000001,0,25,14,31,22,12,9,47,34,18,23,39,1,36,6,16,45,43,41,17,3,24,10,32,13,42,35,28,5,48,49,40,46,21,30,20,44,37,38,29,8,19,27,7,33,11,2,15,26,4,
2009,102.6513900756836,69428.13882666668,59372.06800000001,0,25,14,31,22,12,9,47,34,18,23,39,1,36,6,16,45,43,41,17,3,24,10,32,13,42,35,28,5,48,49,40,46,21,30,20,44,37,38,29,8,19,27,7,33,11,2,15,26,4,
2010,102.68739175796509,69229.05469333335,59372.06800000001,0,25,14,31,22,12,9,47,34,18,23,39,1,36,6,16,45,43,41,17,3,24,10,32,13,42,35,28,5,48,49,40,46,21,30,20,44,37,38,29,8,19,27,7,33,11,2,15,26,4,
2011,102.72444105148315,68104.54346666667,59372.06800000001,0,25,14,31,22,12,9,47,34,18,23,39,1,36,6,16,45,43,41,17,3,24,10,32,13,42,35,28,5,48,49,40,46,21,30,20,44,37,38,29,8,19,27,7,33,11,2,15,26,4,
2012,102.76340055465698,67610.80088000001,59372.06800000001,0,25,14,31,22,12,9,47,34,18,23,39,1,36,6,16,45,43,41,17,3,24,10,32,13,42,35,28,5,48,49,40,46,21,30,20,44,37,38,29,8,19,27,7,33,11,2,15,26,4,
2013,102.79936337471008,70468.72048,59372.06800000001,0,25,14,31,22,12,9,47,34,18,23,39,1,36,6,16,45,43,41,17,3,24,10,32,13,42,35,28,5,48,49,40,46,21,30,20,44,37,38,29,8,19,27,7,33,11,2,15,26,4,
2014,102.83640813827515,73366.45272,59372.06800000001,0,25,14,31,22,12,9,47,34,18,23,39,1,36,6,16,45,43,41,17,3,24,10,32,13,42,35,28,5,48,49,40,46,21,30,20,44,37,38,29,8,19,27,7,33,11,2,15,26,4,
2015,102.87437772750854,71773.32144000001,59372.06800000001,0,25,14,31,22,12,9,47,34,18,23,39,1,36,6,16,45,43,41,17,3,24,10,32,13,42,35,28,5,48,49,40,46,21,30,20,44,37,38,29,8,19,27,7,33,11,2,15,26,4,
2016,102.91043853759766,71544.31442666668,59372.06800000001,0,25,14,31,22,12,9,47,34,18,23,39,1,36,6,16,45,43,41,17,3,24,10,32,13,42,35,28,5,48,49,40,46,21,30,20,44,37,38,29,8,19,27,7,33,11,2,15,26,4,
2017,102.94840431213379,71230.29194666668,59372.06800000001,0,25,14,31,22,12,9,47,34,18,23,39,1,36,6,16,45,43,41,17,3,24,10,32,13,42,35,28,5,48,49,40,46,21,30,20,44,37,38,29,8,19,27,7,33,11,2,15,26,4,
2018,102.98444056510925,71680.48178666667,59372.06800000001,0,25,14,31,22,12,9,47,34,18,23,39,1,36,6,16,45,43,41,17,3,24,10,32,13,42,35,28,5,48,49,40,46,21,30,20,44,37,38,29,8,19,27,7,33,11,2,15,26,4,
2019,103.0224359035492,74673.53693333334,59372.06800000001,0,25,14,31,22,12,9,47,34,18,23,39,1,36,6,16,45,43,41,17,3,24,10,32,13,42,35,28,5,48,49,40,46,21,30,20,44,37,38,29,8,19,27,7,33,11,2,15,26,4,
2020,103.05747604370117,75839.57677333333,59372.06800000001,0,25,14,31,22,12,9,47,34,18,23,39,1,36,6,16,45,43,41,17,3,24,10,32,13,42,35,28,5,48,49,40,46,21,30,20,44,37,38,29,8,19,27,7,33,11,2,15,26,4,
2021,103.0984754562378,75413.17469333333,59372.06800000001,0,25,14,31,22,12,9,47,34,18,23,39,1,36,6,16,45,43,41,17,3,24,10,32,13,42,35,28,5,48,49,40,46,21,30,20,44,37,38,29,8,19,27,7,33,11,2,15,26,4,
2022,103.1354353427887,73115.86445333334,59372.06800000001,0,25,14,31,22,12,9,47,34,18,23,39,1,36,6,16,45,43,41,17,3,24,10,32,13,42,35,28,5,48,49,40,46,21,30,20,44,37,38,29,8,19,27,7,33,11,2,15,26,4,
2023,103.17147588729858,71382.42048,59372.06800000001,0,25,14,31,22,12,9,47,34,18,23,39,1,36,6,16,45,43,41,17,3,24,10,32,13,42,35,28,5,48,49,40,46,21,30,20,44,37,38,29,8,19,27,7,33,11,2,15,26,4,
2024,103.21048617362976,73966.59416000001,59372.06800000001,0,25,14,31,22,12,9,47,34,18,23,39,1,36,6,16,45,43,41,17,3,24,10,32,13,42,35,28,5,48,49,40,46,21,30,20,44,37,38,29,8,19,27,7,33,11,2,15,26,4,
2025,103.24748659133911,73434.04898666668,59372.06800000001,0,25,14,31,22,12,9,47,34,18,23,39,1,36,6,16,45,43,41,17,3,24,10,32,13,42,35,28,5,48,49,40,46,21,30,20,44,37,38,29,8,19,27,7,33,11,2,15,26,4,
2026,103.2834849357605,72687.73794666668,59372.06800000001,0,25,14,31,22,12,9,47,34,18,23,39,1,36,6,16,45,43,41,17,3,24,10,32,13,42,35,28,5,48,49,40,46,21,30,20,44,37,38,29,8,19,27,7,33,11,2,15,26,4,
2027,103.320485830307,73961.56288,59372.06800000001,0,25,14,31,22,12,9,47,34,18,23,39,1,36,6,16,45,43,41,17,3,24,10,32,13,42,35,28,5,48,49,40,46,21,30,20,44,37,38,29,8,19,27,7,33,11,2,15,26,4,
2028,103.36048555374146,74407.36074666666,59372.06800000001,0,25,14,31,22,12,9,47,34,18,23,39,1,36,6,16,45,43,41,17,3,24,10,32,13,42,35,28,5,48,49,40,46,21,30,20,44,37,38,29,8,19,27,7,33,11,2,15,26,4,
2029,103.39948320388794,74458.33146666666,59372.06800000001,0,25,14,31,22,12,9,47,34,18,23,39,1,36,6,16,45,43,41,17,3,24,10,32,13,42,35,28,5,48,49,40,46,21,30,20,44,37,38,29,8,19,27,7,33,11,2,15,26,4,
2030,103.43553805351257,75483.70005333332,59372.06800000001,0,25,14,31,22,12,9,47,34,18,23,39,1,36,6,16,45,43,41,17,3,24,10,32,13,42,35,28,5,48,49,40,46,21,30,20,44,37,38,29,8,19,27,7,33,11,2,15,26,4,
2031,103.4735460281372,76107.66458666667,59372.06800000001,0,25,14,31,22,12,9,47,34,18,23,39,1,36,6,16,45,43,41,17,3,24,10,32,13,42,35,28,5,48,49,40,46,21,30,20,44,37,38,29,8,19,27,7,33,11,2,15,26,4,
2032,103.51150488853455,75305.63072,59372.06800000001,0,25,14,31,22,12,9,47,34,18,23,39,1,36,6,16,45,43,41,17,3,24,10,32,13,42,35,28,5,48,49,40,46,21,30,20,44,37,38,29,8,19,27,7,33,11,2,15,26,4,
2033,103.54950261116028,76371.10906666666,59372.06800000001,0,25,14,31,22,12,9,47,34,18,23,39,1,36,6,16,45,43,41,17,3,24,10,32,13,42,35,28,5,48,49,40,46,21,30,20,44,37,38,29,8,19,27,7,33,11,2,15,26,4,
2034,103.58650016784668,75971.23962666666,59372.06800000001,0,25,14,31,22,12,9,47,34,18,23,39,1,36,6,16,45,43,41,17,3,24,10,32,13,42,35,28,5,48,49,40,46,21,30,20,44,37,38,29,8,19,27,7,33,11,2,15,26,4,
2035,103.62250328063965,76158.96810666667,59372.06800000001,0,25,14,31,22,12,9,47,34,18,23,39,1,36,6,16,45,43,41,17,3,24,10,32,13,42,35,28,5,48,49,40,46,21,30,20,44,37,38,29,8,19,27,7,33,11,2,15,26,4,
2036,103.66346383094788,73757.76418666665,59372.06800000001,0,25,14,31,22,12,9,47,34,18,23,39,1,36,6,16,45,43,41,17,3,24,10,32,13,42,35,28,5,48,49,40,46,21,30,20,44,37,38,29,8,19,27,7,33,11,2,15,26,4,
2037,103.69951701164246,74047.95056,59372.06800000001,0,25,14,31,22,12,9,47,34,18,23,39,1,36,6,16,45,43,41,17,3,24,10,32,13,42,35,28,5,48,49,40,46,21,30,20,44,37,38,29,8,19,27,7,33,11,2,15,26,4,
2038,103.73855495452881,74908.03973333334,59372.06800000001,0,25,14,31,22,12,9,47,34,18,23,39,1,36,6,16,45,43,41,17,3,24,10,32,13,42,35,28,5,48,49,40,46,21,30,20,44,37,38,29,8,19,27,7,33,11,2,15,26,4,
2039,103.77855730056763,77143.52191999998,59372.06800000001,0,25,14,31,22,12,9,47,34,18,23,39,1,36,6,16,45,43,41,17,3,24,10,32,13,42,35,28,5,48,49,40,46,21,30,20,44,37,38,29,8,19,27,7,33,11,2,15,26,4,
2040,103.81460952758789,76744.33133333334,59372.06800000001,0,25,14,31,22,12,9,47,34,18,23,39,1,36,6,16,45,43,41,17,3,24,10,32,13,42,35,28,5,48,49,40,46,21,30,20,44,37,38,29,8,19,27,7,33,11,2,15,26,4,
2041,103.85064244270325,74211.67834666667,59372.06800000001,0,25,14,31,22,12,9,47,34,18,23,39,1,36,6,16,45,43,41,17,3,24,10,32,13,42,35,28,5,48,49,40,46,21,30,20,44,37,38,29,8,19,27,7,33,11,2,15,26,4,
2042,103.8876428604126,73628.90712,59372.06800000001,0,25,14,31,22,12,9,47,34,18,23,39,1,36,6,16,45,43,41,17,3,24,10,32,13,42,35,28,5,48,49,40,46,21,30,20,44,37,38,29,8,19,27,7,33,11,2,15,26,4,
2043,103.92569136619568,73066.15261333334,59372.06800000001,0,25,14,31,22,12,9,47,34,18,23,39,1,36,6,16,45,43,41,17,3,24,10,32,13,42,35,28,5,48,49,40,46,21,30,20,44,37,38,29,8,19,27,7,33,11,2,15,26,4,
2044,103.96269059181213,72261.84437333333,59372.06800000001,0,25,14,31,22,12,9,47,34,18,23,39,1,36,6,16,45,43,41,17,3,24,10,32,13,42,35,28,5,48,49,40,46,21,30,20,44,37,38,29,8,19,27,7,33,11,2,15,26,4,
2045,103.99865365028381,71668.82858666666,59372.06800000001,0,25,14,31,22,12,9,47,34,18,23,39,1,36,6,16,45,43,41,17,3,24,10,32,13,42,35,28,5,48,49,40,46,21,30,20,44,37,38,29,8,19,27,7,33,11,2,15,26,4,
2046,104.03465795516968,73206.16261333333,59372.06800000001,0,25,14,31,22,12,9,47,34,18,23,39,1,36,6,16,45,43,41,17,3,24,10,32,13,42,35,28,5,48,49,40,46,21,30,20,44,37,38,29,8,19,27,7,33,11,2,15,26,4,
2047,104.07167387008667,76114.86754666666,59372.06800000001,0,25,14,31,22,12,9,47,34,18,23,39,1,36,6,16,45,43,41,17,3,24,10,32,13,42,35,28,5,48,49,40,46,21,30,20,44,37,38,29,8,19,27,7,33,11,2,15,26,4,
2048,104.10768604278564,75140.24272,59372.06800000001,0,25,14,31,22,12,9,47,34,18,23,39,1,36,6,16,45,43,41,17,3,24,10,32,13,42,35,28,5,48,49,40,46,21,30,20,44,37,38,29,8,19,27,7,33,11,2,15,26,4,
2049,104.14667773246765,73181.68578666667,59372.06800000001,0,25,14,31,22,12,9,47,34,18,23,39,1,36,6,16,45,43,41,17,3,24,10,32,13,42,35,28,5,48,49,40,46,21,30,20,44,37,38,29,8,19,27,7,33,11,2,15,26,4,
2050,104.18821787834167,76415.22864,59372.06800000001,0,25,14,31,22,12,9,47,34,18,23,39,1,36,6,16,45,43,41,17,3,24,10,32,13,42,35,28,5,48,49,40,46,21,30,20,44,37,38,29,8,19,27,7,33,11,2,15,26,4,
2051,104.2242202758789,74740.36383999999,59372.06800000001,0,25,14,31,22,12,9,47,34,18,23,39,1,36,6,16,45,43,41,17,3,24,10,32,13,42,35,28,5,48,49,40,46,21,30,20,44,37,38,29,8,19,27,7,33,11,2,15,26,4,
2052,104.26126980781555,74416.88170666667,59372.06800000001,0,25,14,31,22,12,9,47,34,18,23,39,1,36,6,16,45,43,41,17,3,24,10,32,13,42,35,28,5,48,49,40,46,21,30,20,44,37,38,29,8,19,27,7,33,11,2,15,26,4,
2053,104.3002290725708,75417.72821333332,59372.06800000001,0,25,14,31,22,12,9,47,34,18,23,39,1,36,6,16,45,43,41,17,3,24,10,32,13,42,35,28,5,48,49,40,46,21,30,20,44,37,38,29,8,19,27,7,33,11,2,15,26,4,
2054,104.33727931976318,75377.28248,59372.06800000001,0,25,14,31,22,12,9,47,34,18,23,39,1,36,6,16,45,43,41,17,3,24,10,32,13,42,35,28,5,48,49,40,46,21,30,20,44,37,38,29,8,19,27,7,33,11,2,15,26,4,
2055,104.37427926063538,77790.48303999999,59372.06800000001,0,25,14,31,22,12,9,47,34,18,23,39,1,36,6,16,45,43,41,17,3,24,10,32,13,42,35,28,5,48,49,40,46,21,30,20,44,37,38,29,8,19,27,7,33,11,2,15,26,4,
2056,104.41127824783325,77006.87605333333,59372.06800000001,0,25,14,31,22,12,9,47,34,18,23,39,1,36,6,16,45,43,41,17,3,24,10,32,13,42,35,28,5,48,49,40,46,21,30,20,44,37,38,29,8,19,27,7,33,11,2,15,26,4,
2057,104.44927406311035,76410.60706666666,59372.06800000001,0,25,14,31,22,12,9,47,34,18,23,39,1,36,6,16,45,43,41,17,3,24,10,32,13,42,35,28,5,48,49,40,46,21,30,20,44,37,38,29,8,19,27,7,33,11,2,15,26,4,
2058,104.4852728843689,76730.79448,59372.06800000001,0,25,14,31,22,12,9,47,34,18,23,39,1,36,6,16,45,43,41,17,3,24,10,32,13,42,35,28,5,48,49,40,46,21,30,20,44,37,38,29,8,19,27,7,33,11,2,15,26,4,
2059,104.52326726913452,72589.43413333333,59372.06800000001,0,25,14,31,22,12,9,47,34,18,23,39,1,36,6,16,45,43,41,17,3,24,10,32,13,42,35,28,5,48,49,40,46,21,30,20,44,37,38,29,8,19,27,7,33,11,2,15,26,4,
2060,104.5622808933258,72749.48157333332,59372.06800000001,0,25,14,31,22,12,9,47,34,18,23,39,1,36,6,16,45,43,41,17,3,24,10,32,13,42,35,28,5,48,49,40,46,21,30,20,44,37,38,29,8,19,27,7,33,11,2,15,26,4,
2061,104.59633088111877,76161.02,59372.06800000001,0,25,14,31,22,12,9,47,34,18,23,39,1,36,6,16,45,43,41,17,3,24,10,32,13,42,35,28,5,48,49,40,46,21,30,20,44,37,38,29,8,19,27,7,33,11,2,15,26,4,
2062,104.6352891921997,74755.88584,59372.06800000001,0,25,14,31,22,12,9,47,34,18,23,39,1,36,6,16,45,43,41,17,3,24,10,32,13,42,35,28,5,48,49,40,46,21,30,20,44,37,38,29,8,19,27,7,33,11,2,15,26,4,
2063,104.67229866981506,74998.40607999999,59372.06800000001,0,25,14,31,22,12,9,47,34,18,23,39,1,36,6,16,45,43,41,17,3,24,10,32,13,42,35,28,5,48,49,40,46,21,30,20,44,37,38,29,8,19,27,7,33,11,2,15,26,4,
2064,104.70829963684082,77057.952,59372.06800000001,0,25,14,31,22,12,9,47,34,18,23,39,1,36,6,16,45,43,41,17,3,24,10,32,13,42,35,28,5,48,49,40,46,21,30,20,44,37,38,29,8,19,27,7,33,11,2,15,26,4,
2065,104.7453498840332,77877.54013333333,59372.06800000001,0,25,14,31,22,12,9,47,34,18,23,39,1,36,6,16,45,43,41,17,3,24,10,32,13,42,35,28,5,48,49,40,46,21,30,20,44,37,38,29,8,19,27,7,33,11,2,15,26,4,
2066,104.78234958648682,76570.98280000001,59372.06800000001,0,25,14,31,22,12,9,47,34,18,23,39,1,36,6,16,45,43,41,17,3,24,10,32,13,42,35,28,5,48,49,40,46,21,30,20,44,37,38,29,8,19,27,7,33,11,2,15,26,4,
2067,104.81836342811584,74798.59125333335,59372.06800000001,0,25,14,31,22,12,9,47,34,18,23,39,1,36,6,16,45,43,41,17,3,24,10,32,13,42,35,28,5,48,49,40,46,21,30,20,44,37,38,29,8,19,27,7,33,11,2,15,26,4,
2068,104.8554196357727,74587.96085333334,59372.06800000001,0,25,14,31,22,12,9,47,34,18,23,39,1,36,6,16,45,43,41,17,3,24,10,32,13,42,35,28,5,48,49,40,46,21,30,20,44,37,38,29,8,19,27,7,33,11,2,15,26,4,
2069,104.89143395423889,75108.81816000001,59372.06800000001,0,25,14,31,22,12,9,47,34,18,23,39,1,36,6,16,45,43,41,17,3,24,10,32,13,42,35,28,5,48,49,40,46,21,30,20,44,37,38,29,8,19,27,7,33,11,2,15,26,4,
2070,104.9274480342865,75019.32370666666,59372.06800000001,0,25,14,31,22,12,9,47,34,18,23,39,1,36,6,16,45,43,41,17,3,24,10,32,13,42,35,28,5,48,49,40,46,21,30,20,44,37,38,29,8,19,27,7,33,11,2,15,26,4,
2071,104.96442294120789,75921.70458666669,59372.06800000001,0,25,14,31,22,12,9,47,34,18,23,39,1,36,6,16,45,43,41,17,3,24,10,32,13,42,35,28,5,48,49,40,46,21,30,20,44,37,38,29,8,19,27,7,33,11,2,15,26,4,
2072,105.00342583656311,71015.72368000002,59372.06800000001,0,25,14,31,22,12,9,47,34,18,23,39,1,36,6,16,45,43,41,17,3,24,10,32,13,42,35,28,5,48,49,40,46,21,30,20,44,37,38,29,8,19,27,7,33,11,2,15,26,4,
2073,105.04041814804077,73403.20981333335,59372.06800000001,0,25,14,31,22,12,9,47,34,18,23,39,1,36,6,16,45,43,41,17,3,24,10,32,13,42,35,28,5,48,49,40,46,21,30,20,44,37,38,29,8,19,27,7,33,11,2,15,26,4,
2074,105.07942175865173,73299.88957333333,59372.06800000001,0,25,14,31,22,12,9,47,34,18,23,39,1,36,6,16,45,43,41,17,3,24,10,32,13,42,35,28,5,48,49,40,46,21,30,20,44,37,38,29,8,19,27,7,33,11,2,15,26,4,
2075,105.11842060089111,75076.02312000001,59372.06800000001,0,25,14,31,22,12,9,47,34,18,23,39,1,36,6,16,45,43,41,17,3,24,10,32,13,42,35,28,5,48,49,40,46,21,30,20,44,37,38,29,8,19,27,7,33,11,2,15,26,4,
2076,105.15042066574097,75841.61330666668,59372.06800000001,0,25,14,31,22,12,9,47,34,18,23,39,1,36,6,16,45,43,41,17,3,24,10,32,13,42,35,28,5,48,49,40,46,21,30,20,44,37,38,29,8,19,27,7,33,11,2,15,26,4,
2077,105.17642545700073,59372.06800000001,59372.06800000001,0,25,14,31,22,12,9,47,34,18,23,39,1,36,6,16,45,43,41,17,3,24,10,32,13,42,35,28,5,48,49,40,46,21,30,20,44,37,38,29,8,19,27,7,33,11,2,15,26,4,
2078,105.20238542556763,59372.06800000001,59372.06800000001,0,25,14,31,22,12,9,47,34,18,23,39,1,36,6,16,45,43,41,17,3,24,10,32,13,42,35,28,5,48,49,40,46,21,30,20,44,37,38,29,8,19,27,7,33,11,2,15,26,4,
2079,105.22735023498535,59372.06800000001,59372.06800000001,0,25,14,31,22,12,9,47,34,18,23,39,1,36,6,16,45,43,41,17,3,24,10,32,13,42,35,28,5,48,49,40,46,21,30,20,44,37,38,29,8,19,27,7,33,11,2,15,26,4,
2080,105.2513542175293,59372.06800000001,59372.06800000001,0,25,14,31,22,12,9,47,34,18,23,39,1,36,6,16,45,43,41,17,3,24,10,32,13,42,35,28,5,48,49,40,46,21,30,20,44,37,38,29,8,19,27,7,33,11,2,15,26,4,
2081,105.27639436721802,59372.06800000001,59372.06800000001,0,25,14,31,22,12,9,47,34,18,23,39,1,36,6,16,45,43,41,17,3,24,10,32,13,42,35,28,5,48,49,40,46,21,30,20,44,37,38,29,8,19,27,7,33,11,2,15,26,4,
2082,105.30238842964172,59372.06800000001,59372.06800000001,0,25,14,31,22,12,9,47,34,18,23,39,1,36,6,16,45,43,41,17,3,24,10,32,13,42,35,28,5,48,49,40,46,21,30,20,44,37,38,29,8,19,27,7,33,11,2,15,26,4,
2083,105.3293867111206,59372.06800000001,59372.06800000001,0,25,14,31,22,12,9,47,34,18,23,39,1,36,6,16,45,43,41,17,3,24,10,32,13,42,35,28,5,48,49,40,46,21,30,20,44,37,38,29,8,19,27,7,33,11,2,15,26,4,
2084,105.35535168647766,59372.06800000001,59372.06800000001,0,25,14,31,22,12,9,47,34,18,23,39,1,36,6,16,45,43,41,17,3,24,10,32,13,42,35,28,5,48,49,40,46,21,30,20,44,37,38,29,8,19,27,7,33,11,2,15,26,4,
2085,105.38035130500793,59372.06800000001,59372.06800000001,0,25,14,31,22,12,9,47,34,18,23,39,1,36,6,16,45,43,41,17,3,24,10,32,13,42,35,28,5,48,49,40,46,21,30,20,44,37,38,29,8,19,27,7,33,11,2,15,26,4,
2086,105.40538716316223,59372.06800000001,59372.06800000001,0,25,14,31,22,12,9,47,34,18,23,39,1,36,6,16,45,43,41,17,3,24,10,32,13,42,35,28,5,48,49,40,46,21,30,20,44,37,38,29,8,19,27,7,33,11,2,15,26,4,
2087,105.43038582801819,59372.06800000001,59372.06800000001,0,25,14,31,22,12,9,47,34,18,23,39,1,36,6,16,45,43,41,17,3,24,10,32,13,42,35,28,5,48,49,40,46,21,30,20,44,37,38,29,8,19,27,7,33,11,2,15,26,4,
2088,105.45638060569763,59372.06800000001,59372.06800000001,0,25,14,31,22,12,9,47,34,18,23,39,1,36,6,16,45,43,41,17,3,24,10,32,13,42,35,28,5,48,49,40,46,21,30,20,44,37,38,29,8,19,27,7,33,11,2,15,26,4,
2089,105.48241853713989,59372.06800000001,59372.06800000001,0,25,14,31,22,12,9,47,34,18,23,39,1,36,6,16,45,43,41,17,3,24,10,32,13,42,35,28,5,48,49,40,46,21,30,20,44,37,38,29,8,19,27,7,33,11,2,15,26,4,
2090,105.50838303565979,59372.06800000001,59372.06800000001,0,25,14,31,22,12,9,47,34,18,23,39,1,36,6,16,45,43,41,17,3,24,10,32,13,42,35,28,5,48,49,40,46,21,30,20,44,37,38,29,8,19,27,7,33,11,2,15,26,4,
2091,105.53234362602234,59372.06800000001,59372.06800000001,0,25,14,31,22,12,9,47,34,18,23,39,1,36,6,16,45,43,41,17,3,24,10,32,13,42,35,28,5,48,49,40,46,21,30,20,44,37,38,29,8,19,27,7,33,11,2,15,26,4,
2092,105.55533909797668,59372.06800000001,59372.06800000001,0,25,14,31,22,12,9,47,34,18,23,39,1,36,6,16,45,43,41,17,3,24,10,32,13,42,35,28,5,48,49,40,46,21,30,20,44,37,38,29,8,19,27,7,33,11,2,15,26,4,
2093,105.5803759098053,59372.06800000001,59372.06800000001,0,25,14,31,22,12,9,47,34,18,23,39,1,36,6,16,45,43,41,17,3,24,10,32,13,42,35,28,5,48,49,40,46,21,30,20,44,37,38,29,8,19,27,7,33,11,2,15,26,4,
2094,105.60537695884705,59372.06800000001,59372.06800000001,0,25,14,31,22,12,9,47,34,18,23,39,1,36,6,16,45,43,41,17,3,24,10,32,13,42,35,28,5,48,49,40,46,21,30,20,44,37,38,29,8,19,27,7,33,11,2,15,26,4,
2095,105.62939190864563,59372.06800000001,59372.06800000001,0,25,14,31,22,12,9,47,34,18,23,39,1,36,6,16,45,43,41,17,3,24,10,32,13,42,35,28,5,48,49,40,46,21,30,20,44,37,38,29,8,19,27,7,33,11,2,15,26,4,
2096,105.65438914299011,59372.06800000001,59372.06800000001,0,25,14,31,22,12,9,47,34,18,23,39,1,36,6,16,45,43,41,17,3,24,10,32,13,42,35,28,5,48,49,40,46,21,30,20,44,37,38,29,8,19,27,7,33,11,2,15,26,4,
2097,105.67839932441711,59372.06800000001,59372.06800000001,0,25,14,31,22,12,9,47,34,18,23,39,1,36,6,16,45,43,41,17,3,24,10,32,13,42,35,28,5,48,49,40,46,21,30,20,44,37,38,29,8,19,27,7,33,11,2,15,26,4,
2098,105.70343899726868,59372.06800000001,59372.06800000001,0,25,14,31,22,12,9,47,34,18,23,39,1,36,6,16,45,43,41,17,3,24,10,32,13,42,35,28,5,48,49,40,46,21,30,20,44,37,38,29,8,19,27,7,33,11,2,15,26,4,
2099,105.72843956947327,59372.06800000001,59372.06800000001,0,25,14,31,22,12,9,47,34,18,23,39,1,36,6,16,45,43,41,17,3,24,10,32,13,42,35,28,5,48,49,40,46,21,30,20,44,37,38,29,8,19,27,7,33,11,2,15,26,4,
2100,105.75346112251282,59372.06800000001,59372.06800000001,0,25,14,31,22,12,9,47,34,18,23,39,1,36,6,16,45,43,41,17,3,24,10,32,13,42,35,28,5,48,49,40,46,21,30,20,44,37,38,29,8,19,27,7,33,11,2,15,26,4,
2101,105.77742099761963,59372.06800000001,59372.06800000001,0,25,14,31,22,12,9,47,34,18,23,39,1,36,6,16,45,43,41,17,3,24,10,32,13,42,35,28,5,48,49,40,46,21,30,20,44,37,38,29,8,19,27,7,33,11,2,15,26,4,
2102,105.80145454406738,59372.06800000001,59372.06800000001,0,25,14,31,22,12,9,47,34,18,23,39,1,36,6,16,45,43,41,17,3,24,10,32,13,42,35,28,5,48,49,40,46,21,30,20,44,37,38,29,8,19,27,7,33,11,2,15,26,4,
2103,105.82749462127686,59372.06800000001,59372.06800000001,0,25,14,31,22,12,9,47,34,18,23,39,1,36,6,16,45,43,41,17,3,24,10,32,13,42,35,28,5,48,49,40,46,21,30,20,44,37,38,29,8,19,27,7,33,11,2,15,26,4,
2104,105.85545301437378,59372.06800000001,59372.06800000001,0,25,14,31,22,12,9,47,34,18,23,39,1,36,6,16,45,43,41,17,3,24,10,32,13,42,35,28,5,48,49,40,46,21,30,20,44,37,38,29,8,19,27,7,33,11,2,15,26,4,
2105,105.88145351409912,59372.06800000001,59372.06800000001,0,25,14,31,22,12,9,47,34,18,23,39,1,36,6,16,45,43,41,17,3,24,10,32,13,42,35,28,5,48,49,40,46,21,30,20,44,37,38,29,8,19,27,7,33,11,2,15,26,4,
2106,105.90545439720154,59372.06800000001,59372.06800000001,0,25,14,31,22,12,9,47,34,18,23,39,1,36,6,16,45,43,41,17,3,24,10,32,13,42,35,28,5,48,49,40,46,21,30,20,44,37,38,29,8,19,27,7,33,11,2,15,26,4,
2107,105.930415391922,59372.06800000001,59372.06800000001,0,25,14,31,22,12,9,47,34,18,23,39,1,36,6,16,45,43,41,17,3,24,10,32,13,42,35,28,5,48,49,40,46,21,30,20,44,37,38,29,8,19,27,7,33,11,2,15,26,4,
2108,105.95640707015991,59372.06800000001,59372.06800000001,0,25,14,31,22,12,9,47,34,18,23,39,1,36,6,16,45,43,41,17,3,24,10,32,13,42,35,28,5,48,49,40,46,21,30,20,44,37,38,29,8,19,27,7,33,11,2,15,26,4,
2109,105.98339653015137,59372.06800000001,59372.06800000001,0,25,14,31,22,12,9,47,34,18,23,39,1,36,6,16,45,43,41,17,3,24,10,32,13,42,35,28,5,48,49,40,46,21,30,20,44,37,38,29,8,19,27,7,33,11,2,15,26,4,
2110,106.00939917564392,59372.06800000001,59372.06800000001,0,25,14,31,22,12,9,47,34,18,23,39,1,36,6,16,45,43,41,17,3,24,10,32,13,42,35,28,5,48,49,40,46,21,30,20,44,37,38,29,8,19,27,7,33,11,2,15,26,4,
2111,106.03536343574524,59372.06800000001,59372.06800000001,0,25,14,31,22,12,9,47,34,18,23,39,1,36,6,16,45,43,41,17,3,24,10,32,13,42,35,28,5,48,49,40,46,21,30,20,44,37,38,29,8,19,27,7,33,11,2,15,26,4,
2112,106.0603289604187,59372.06800000001,59372.06800000001,0,25,14,31,22,12,9,47,34,18,23,39,1,36,6,16,45,43,41,17,3,24,10,32,13,42,35,28,5,48,49,40,46,21,30,20,44,37,38,29,8,19,27,7,33,11,2,15,26,4,
2113,106.08536195755005,59372.06800000001,59372.06800000001,0,25,14,31,22,12,9,47,34,18,23,39,1,36,6,16,45,43,41,17,3,24,10,32,13,42,35,28,5,48,49,40,46,21,30,20,44,37,38,29,8,19,27,7,33,11,2,15,26,4,
2114,106.11137771606445,59372.06800000001,59372.06800000001,0,25,14,31,22,12,9,47,34,18,23,39,1,36,6,16,45,43,41,17,3,24,10,32,13,42,35,28,5,48,49,40,46,21,30,20,44,37,38,29,8,19,27,7,33,11,2,15,26,4,
2115,106.13737678527832,59372.06800000001,59372.06800000001,0,25,14,31,22,12,9,47,34,18,23,39,1,36,6,16,45,43,41,17,3,24,10,32,13,42,35,28,5,48,49,40,46,21,30,20,44,37,38,29,8,19,27,7,33,11,2,15,26,4,
2116,106.16237711906433,59372.06800000001,59372.06800000001,0,25,14,31,22,12,9,47,34,18,23,39,1,36,6,16,45,43,41,17,3,24,10,32,13,42,35,28,5,48,49,40,46,21,30,20,44,37,38,29,8,19,27,7,33,11,2,15,26,4,
2117,106.18841505050659,59372.06800000001,59372.06800000001,0,25,14,31,22,12,9,47,34,18,23,39,1,36,6,16,45,43,41,17,3,24,10,32,13,42,35,28,5,48,49,40,46,21,30,20,44,37,38,29,8,19,27,7,33,11,2,15,26,4,
2118,106.2184100151062,59372.06800000001,59372.06800000001,0,25,14,31,22,12,9,47,34,18,23,39,1,36,6,16,45,43,41,17,3,24,10,32,13,42,35,28,5,48,49,40,46,21,30,20,44,37,38,29,8,19,27,7,33,11,2,15,26,4,
2119,106.24337792396545,59372.06800000001,59372.06800000001,0,25,14,31,22,12,9,47,34,18,23,39,1,36,6,16,45,43,41,17,3,24,10,32,13,42,35,28,5,48,49,40,46,21,30,20,44,37,38,29,8,19,27,7,33,11,2,15,26,4,
2120,106.2684154510498,59372.06800000001,59372.06800000001,0,25,14,31,22,12,9,47,34,18,23,39,1,36,6,16,45,43,41,17,3,24,10,32,13,42,35,28,5,48,49,40,46,21,30,20,44,37,38,29,8,19,27,7,33,11,2,15,26,4,
2121,106.29437899589539,59372.06800000001,59372.06800000001,0,25,14,31,22,12,9,47,34,18,23,39,1,36,6,16,45,43,41,17,3,24,10,32,13,42,35,28,5,48,49,40,46,21,30,20,44,37,38,29,8,19,27,7,33,11,2,15,26,4,
2122,106.32041621208191,59372.06800000001,59372.06800000001,0,25,14,31,22,12,9,47,34,18,23,39,1,36,6,16,45,43,41,17,3,24,10,32,13,42,35,28,5,48,49,40,46,21,30,20,44,37,38,29,8,19,27,7,33,11,2,15,26,4,
2123,106.34641671180725,59372.06800000001,59372.06800000001,0,25,14,31,22,12,9,47,34,18,23,39,1,36,6,16,45,43,41,17,3,24,10,32,13,42,35,28,5,48,49,40,46,21,30,20,44,37,38,29,8,19,27,7,33,11,2,15,26,4,
2124,106.3713846206665,59372.06800000001,59372.06800000001,0,25,14,31,22,12,9,47,34,18,23,39,1,36,6,16,45,43,41,17,3,24,10,32,13,42,35,28,5,48,49,40,46,21,30,20,44,37,38,29,8,19,27,7,33,11,2,15,26,4,
2125,106.39642763137817,59372.06800000001,59372.06800000001,0,25,14,31,22,12,9,47,34,18,23,39,1,36,6,16,45,43,41,17,3,24,10,32,13,42,35,28,5,48,49,40,46,21,30,20,44,37,38,29,8,19,27,7,33,11,2,15,26,4,
2126,106.4223895072937,59372.06800000001,59372.06800000001,0,25,14,31,22,12,9,47,34,18,23,39,1,36,6,16,45,43,41,17,3,24,10,32,13,42,35,28,5,48,49,40,46,21,30,20,44,37,38,29,8,19,27,7,33,11,2,15,26,4,
2127,106.44742107391357,59372.06800000001,59372.06800000001,0,25,14,31,22,12,9,47,34,18,23,39,1,36,6,16,45,43,41,17,3,24,10,32,13,42,35,28,5,48,49,40,46,21,30,20,44,37,38,29,8,19,27,7,33,11,2,15,26,4,
2128,106.47247099876404,59372.06800000001,59372.06800000001,0,25,14,31,22,12,9,47,34,18,23,39,1,36,6,16,45,43,41,17,3,24,10,32,13,42,35,28,5,48,49,40,46,21,30,20,44,37,38,29,8,19,27,7,33,11,2,15,26,4,
2129,106.49643135070801,59372.06800000001,59372.06800000001,0,25,14,31,22,12,9,47,34,18,23,39,1,36,6,16,45,43,41,17,3,24,10,32,13,42,35,28,5,48,49,40,46,21,30,20,44,37,38,29,8,19,27,7,33,11,2,15,26,4,
2130,106.52239465713501,59372.06800000001,59372.06800000001,0,25,14,31,22,12,9,47,34,18,23,39,1,36,6,16,45,43,41,17,3,24,10,32,13,42,35,28,5,48,49,40,46,21,30,20,44,37,38,29,8,19,27,7,33,11,2,15,26,4,
2131,106.54739379882812,59372.06800000001,59372.06800000001,0,25,14,31,22,12,9,47,34,18,23,39,1,36,6,16,45,43,41,17,3,24,10,32,13,42,35,28,5,48,49,40,46,21,30,20,44,37,38,29,8,19,27,7,33,11,2,15,26,4,
2132,106.57340383529663,59372.06800000001,59372.06800000001,0,25,14,31,22,12,9,47,34,18,23,39,1,36,6,16,45,43,41,17,3,24,10,32,13,42,35,28,5,48,49,40,46,21,30,20,44,37,38,29,8,19,27,7,33,11,2,15,26,4,
2133,106.59840369224548,59372.06800000001,59372.06800000001,0,25,14,31,22,12,9,47,34,18,23,39,1,36,6,16,45,43,41,17,3,24,10,32,13,42,35,28,5,48,49,40,46,21,30,20,44,37,38,29,8,19,27,7,33,11,2,15,26,4,
2134,106.62236404418945,59372.06800000001,59372.06800000001,0,25,14,31,22,12,9,47,34,18,23,39,1,36,6,16,45,43,41,17,3,24,10,32,13,42,35,28,5,48,49,40,46,21,30,20,44,37,38,29,8,19,27,7,33,11,2,15,26,4,
2135,106.6473298072815,59372.06800000001,59372.06800000001,0,25,14,31,22,12,9,47,34,18,23,39,1,36,6,16,45,43,41,17,3,24,10,32,13,42,35,28,5,48,49,40,46,21,30,20,44,37,38,29,8,19,27,7,33,11,2,15,26,4,
2136,106.67332816123962,59372.06800000001,59372.06800000001,0,25,14,31,22,12,9,47,34,18,23,39,1,36,6,16,45,43,41,17,3,24,10,32,13,42,35,28,5,48,49,40,46,21,30,20,44,37,38,29,8,19,27,7,33,11,2,15,26,4,
2137,106.6983277797699,59372.06800000001,59372.06800000001,0,25,14,31,22,12,9,47,34,18,23,39,1,36,6,16,45,43,41,17,3,24,10,32,13,42,35,28,5,48,49,40,46,21,30,20,44,37,38,29,8,19,27,7,33,11,2,15,26,4,
2138,106.72232627868652,59372.06800000001,59372.06800000001,0,25,14,31,22,12,9,47,34,18,23,39,1,36,6,16,45,43,41,17,3,24,10,32,13,42,35,28,5,48,49,40,46,21,30,20,44,37,38,29,8,19,27,7,33,11,2,15,26,4,
2139,106.74832534790039,59372.06800000001,59372.06800000001,0,25,14,31,22,12,9,47,34,18,23,39,1,36,6,16,45,43,41,17,3,24,10,32,13,42,35,28,5,48,49,40,46,21,30,20,44,37,38,29,8,19,27,7,33,11,2,15,26,4,
2140,106.77232265472412,59372.06800000001,59372.06800000001,0,25,14,31,22,12,9,47,34,18,23,39,1,36,6,16,45,43,41,17,3,24,10,32,13,42,35,28,5,48,49,40,46,21,30,20,44,37,38,29,8,19,27,7,33,11,2,15,26,4,
2141,106.79836201667786,59372.06800000001,59372.06800000001,0,25,14,31,22,12,9,47,34,18,23,39,1,36,6,16,45,43,41,17,3,24,10,32,13,42,35,28,5,48,49,40,46,21,30,20,44,37,38,29,8,19,27,7,33,11,2,15,26,4,
2142,106.82432556152344,59372.06800000001,59372.06800000001,0,25,14,31,22,12,9,47,34,18,23,39,1,36,6,16,45,43,41,17,3,24,10,32,13,42,35,28,5,48,49,40,46,21,30,20,44,37,38,29,8,19,27,7,33,11,2,15,26,4,
2143,106.85032153129578,59372.06800000001,59372.06800000001,0,25,14,31,22,12,9,47,34,18,23,39,1,36,6,16,45,43,41,17,3,24,10,32,13,42,35,28,5,48,49,40,46,21,30,20,44,37,38,29,8,19,27,7,33,11,2,15,26,4,
2144,106.87536072731018,59372.06800000001,59372.06800000001,0,25,14,31,22,12,9,47,34,18,23,39,1,36,6,16,45,43,41,17,3,24,10,32,13,42,35,28,5,48,49,40,46,21,30,20,44,37,38,29,8,19,27,7,33,11,2,15,26,4,
2145,106.89939761161804,59372.06800000001,59372.06800000001,0,25,14,31,22,12,9,47,34,18,23,39,1,36,6,16,45,43,41,17,3,24,10,32,13,42,35,28,5,48,49,40,46,21,30,20,44,37,38,29,8,19,27,7,33,11,2,15,26,4,
2146,106.9273931980133,59372.06800000001,59372.06800000001,0,25,14,31,22,12,9,47,34,18,23,39,1,36,6,16,45,43,41,17,3,24,10,32,13,42,35,28,5,48,49,40,46,21,30,20,44,37,38,29,8,19,27,7,33,11,2,15,26,4,
2147,106.9533920288086,59372.06800000001,59372.06800000001,0,25,14,31,22,12,9,47,34,18,23,39,1,36,6,16,45,43,41,17,3,24,10,32,13,42,35,28,5,48,49,40,46,21,30,20,44,37,38,29,8,19,27,7,33,11,2,15,26,4,
2148,106.97839307785034,59372.06800000001,59372.06800000001,0,25,14,31,22,12,9,47,34,18,23,39,1,36,6,16,45,43,41,17,3,24,10,32,13,42,35,28,5,48,49,40,46,21,30,20,44,37,38,29,8,19,27,7,33,11,2,15,26,4,
2149,107.0033917427063,59372.06800000001,59372.06800000001,0,25,14,31,22,12,9,47,34,18,23,39,1,36,6,16,45,43,41,17,3,24,10,32,13,42,35,28,5,48,49,40,46,21,30,20,44,37,38,29,8,19,27,7,33,11,2,15,26,4,
2150,107.02934551239014,59372.06800000001,59372.06800000001,0,25,14,31,22,12,9,47,34,18,23,39,1,36,6,16,45,43,41,17,3,24,10,32,13,42,35,28,5,48,49,40,46,21,30,20,44,37,38,29,8,19,27,7,33,11,2,15,26,4,
2151,107.05437874794006,59372.06800000001,59372.06800000001,0,25,14,31,22,12,9,47,34,18,23,39,1,36,6,16,45,43,41,17,3,24,10,32,13,42,35,28,5,48,49,40,46,21,30,20,44,37,38,29,8,19,27,7,33,11,2,15,26,4,
2152,107.08033800125122,59372.06800000001,59372.06800000001,0,25,14,31,22,12,9,47,34,18,23,39,1,36,6,16,45,43,41,17,3,24,10,32,13,42,35,28,5,48,49,40,46,21,30,20,44,37,38,29,8,19,27,7,33,11,2,15,26,4,
2153,107.10533094406128,59372.06800000001,59372.06800000001,0,25,14,31,22,12,9,47,34,18,23,39,1,36,6,16,45,43,41,17,3,24,10,32,13,42,35,28,5,48,49,40,46,21,30,20,44,37,38,29,8,19,27,7,33,11,2,15,26,4,
2154,107.12934350967407,59372.06800000001,59372.06800000001,0,25,14,31,22,12,9,47,34,18,23,39,1,36,6,16,45,43,41,17,3,24,10,32,13,42,35,28,5,48,49,40,46,21,30,20,44,37,38,29,8,19,27,7,33,11,2,15,26,4,
2155,107.15335321426392,59372.06800000001,59372.06800000001,0,25,14,31,22,12,9,47,34,18,23,39,1,36,6,16,45,43,41,17,3,24,10,32,13,42,35,28,5,48,49,40,46,21,30,20,44,37,38,29,8,19,27,7,33,11,2,15,26,4,
2156,107.17835211753845,59372.06800000001,59372.06800000001,0,25,14,31,22,12,9,47,34,18,23,39,1,36,6,16,45,43,41,17,3,24,10,32,13,42,35,28,5,48,49,40,46,21,30,20,44,37,38,29,8,19,27,7,33,11,2,15,26,4,
2157,107.20335268974304,59372.06800000001,59372.06800000001,0,25,14,31,22,12,9,47,34,18,23,39,1,36,6,16,45,43,41,17,3,24,10,32,13,42,35,28,5,48,49,40,46,21,30,20,44,37,38,29,8,19,27,7,33,11,2,15,26,4,
2158,107.22836303710938,59372.06800000001,59372.06800000001,0,25,14,31,22,12,9,47,34,18,23,39,1,36,6,16,45,43,41,17,3,24,10,32,13,42,35,28,5,48,49,40,46,21,30,20,44,37,38,29,8,19,27,7,33,11,2,15,26,4,
2159,107.2533631324768,59372.06800000001,59372.06800000001,0,25,14,31,22,12,9,47,34,18,23,39,1,36,6,16,45,43,41,17,3,24,10,32,13,42,35,28,5,48,49,40,46,21,30,20,44,37,38,29,8,19,27,7,33,11,2,15,26,4,
2160,107.27839636802673,59372.06800000001,59372.06800000001,0,25,14,31,22,12,9,47,34,18,23,39,1,36,6,16,45,43,41,17,3,24,10,32,13,42,35,28,5,48,49,40,46,21,30,20,44,37,38,29,8,19,27,7,33,11,2,15,26,4,
2161,107.30439257621765,59372.06800000001,59372.06800000001,0,25,14,31,22,12,9,47,34,18,23,39,1,36,6,16,45,43,41,17,3,24,10,32,13,42,35,28,5,48,49,40,46,21,30,20,44,37,38,29,8,19,27,7,33,11,2,15,26,4,
2162,107.3284342288971,59372.06800000001,59372.06800000001,0,25,14,31,22,12,9,47,34,18,23,39,1,36,6,16,45,43,41,17,3,24,10,32,13,42,35,28,5,48,49,40,46,21,30,20,44,37,38,29,8,19,27,7,33,11,2,15,26,4,
2163,107.35345149040222,59372.06800000001,59372.06800000001,0,25,14,31,22,12,9,47,34,18,23,39,1,36,6,16,45,43,41,17,3,24,10,32,13,42,35,28,5,48,49,40,46,21,30,20,44,37,38,29,8,19,27,7,33,11,2,15,26,4,
2164,107.37841486930847,59372.06800000001,59372.06800000001,0,25,14,31,22,12,9,47,34,18,23,39,1,36,6,16,45,43,41,17,3,24,10,32,13,42,35,28,5,48,49,40,46,21,30,20,44,37,38,29,8,19,27,7,33,11,2,15,26,4,
2165,107.40245079994202,59372.06800000001,59372.06800000001,0,25,14,31,22,12,9,47,34,18,23,39,1,36,6,16,45,43,41,17,3,24,10,32,13,42,35,28,5,48,49,40,46,21,30,20,44,37,38,29,8,19,27,7,33,11,2,15,26,4,
2166,107.42645192146301,59372.06800000001,59372.06800000001,0,25,14,31,22,12,9,47,34,18,23,39,1,36,6,16,45,43,41,17,3,24,10,32,13,42,35,28,5,48,49,40,46,21,30,20,44,37,38,29,8,19,27,7,33,11,2,15,26,4,
2167,107.45142579078674,59372.06800000001,59372.06800000001,0,25,14,31,22,12,9,47,34,18,23,39,1,36,6,16,45,43,41,17,3,24,10,32,13,42,35,28,5,48,49,40,46,21,30,20,44,37,38,29,8,19,27,7,33,11,2,15,26,4,
2168,107.47742366790771,59372.06800000001,59372.06800000001,0,25,14,31,22,12,9,47,34,18,23,39,1,36,6,16,45,43,41,17,3,24,10,32,13,42,35,28,5,48,49,40,46,21,30,20,44,37,38,29,8,19,27,7,33,11,2,15,26,4,
2169,107.50338578224182,59372.06800000001,59372.06800000001,0,25,14,31,22,12,9,47,34,18,23,39,1,36,6,16,45,43,41,17,3,24,10,32,13,42,35,28,5,48,49,40,46,21,30,20,44,37,38,29,8,19,27,7,33,11,2,15,26,4,
2170,107.52838182449341,59372.06800000001,59372.06800000001,0,25,14,31,22,12,9,47,34,18,23,39,1,36,6,16,45,43,41,17,3,24,10,32,13,42,35,28,5,48,49,40,46,21,30,20,44,37,38,29,8,19,27,7,33,11,2,15,26,4,
2171,107.55338191986084,59372.06800000001,59372.06800000001,0,25,14,31,22,12,9,47,34,18,23,39,1,36,6,16,45,43,41,17,3,24,10,32,13,42,35,28,5,48,49,40,46,21,30,20,44,37,38,29,8,19,27,7,33,11,2,15,26,4,
2172,107.57738494873047,59372.06800000001,59372.06800000001,0,25,14,31,22,12,9,47,34,18,23,39,1,36,6,16,45,43,41,17,3,24,10,32,13,42,35,28,5,48,49,40,46,21,30,20,44,37,38,29,8,19,27,7,33,11,2,15,26,4,
2173,107.6014232635498,59372.06800000001,59372.06800000001,0,25,14,31,22,12,9,47,34,18,23,39,1,36,6,16,45,43,41,17,3,24,10,32,13,42,35,28,5,48,49,40,46,21,30,20,44,37,38,29,8,19,27,7,33,11,2,15,26,4,
2174,107.62642216682434,59372.06800000001,59372.06800000001,0,25,14,31,22,12,9,47,34,18,23,39,1,36,6,16,45,43,41,17,3,24,10,32,13,42,35,28,5,48,49,40,46,21,30,20,44,37,38,29,8,19,27,7,33,11,2,15,26,4,
2175,107.6524248123169,59372.06800000001,59372.06800000001,0,25,14,31,22,12,9,47,34,18,23,39,1,36,6,16,45,43,41,17,3,24,10,32,13,42,35,28,5,48,49,40,46,21,30,20,44,37,38,29,8,19,27,7,33,11,2,15,26,4,
2176,107.67742395401001,59372.06800000001,59372.06800000001,0,25,14,31,22,12,9,47,34,18,23,39,1,36,6,16,45,43,41,17,3,24,10,32,13,42,35,28,5,48,49,40,46,21,30,20,44,37,38,29,8,19,27,7,33,11,2,15,26,4,
2177,107.70442581176758,59372.06800000001,59372.06800000001,0,25,14,31,22,12,9,47,34,18,23,39,1,36,6,16,45,43,41,17,3,24,10,32,13,42,35,28,5,48,49,40,46,21,30,20,44,37,38,29,8,19,27,7,33,11,2,15,26,4,
2178,107.72846269607544,59372.06800000001,59372.06800000001,0,25,14,31,22,12,9,47,34,18,23,39,1,36,6,16,45,43,41,17,3,24,10,32,13,42,35,28,5,48,49,40,46,21,30,20,44,37,38,29,8,19,27,7,33,11,2,15,26,4,
2179,107.75441884994507,59372.06800000001,59372.06800000001,0,25,14,31,22,12,9,47,34,18,23,39,1,36,6,16,45,43,41,17,3,24,10,32,13,42,35,28,5,48,49,40,46,21,30,20,44,37,38,29,8,19,27,7,33,11,2,15,26,4,
2180,107.78037738800049,59372.06800000001,59372.06800000001,0,25,14,31,22,12,9,47,34,18,23,39,1,36,6,16,45,43,41,17,3,24,10,32,13,42,35,28,5,48,49,40,46,21,30,20,44,37,38,29,8,19,27,7,33,11,2,15,26,4,
2181,107.80636811256409,59372.06800000001,59372.06800000001,0,25,14,31,22,12,9,47,34,18,23,39,1,36,6,16,45,43,41,17,3,24,10,32,13,42,35,28,5,48,49,40,46,21,30,20,44,37,38,29,8,19,27,7,33,11,2,15,26,4,
2182,107.83140420913696,59372.06800000001,59372.06800000001,0,25,14,31,22,12,9,47,34,18,23,39,1,36,6,16,45,43,41,17,3,24,10,32,13,42,35,28,5,48,49,40,46,21,30,20,44,37,38,29,8,19,27,7,33,11,2,15,26,4,
2183,107.85740542411804,59372.06800000001,59372.06800000001,0,25,14,31,22,12,9,47,34,18,23,39,1,36,6,16,45,43,41,17,3,24,10,32,13,42,35,28,5,48,49,40,46,21,30,20,44,37,38,29,8,19,27,7,33,11,2,15,26,4,
2184,107.88144373893738,59372.06800000001,59372.06800000001,0,25,14,31,22,12,9,47,34,18,23,39,1,36,6,16,45,43,41,17,3,24,10,32,13,42,35,28,5,48,49,40,46,21,30,20,44,37,38,29,8,19,27,7,33,11,2,15,26,4,
2185,107.90544199943542,59372.06800000001,59372.06800000001,0,25,14,31,22,12,9,47,34,18,23,39,1,36,6,16,45,43,41,17,3,24,10,32,13,42,35,28,5,48,49,40,46,21,30,20,44,37,38,29,8,19,27,7,33,11,2,15,26,4,
2186,107.93047428131104,59372.06800000001,59372.06800000001,0,25,14,31,22,12,9,47,34,18,23,39,1,36,6,16,45,43,41,17,3,24,10,32,13,42,35,28,5,48,49,40,46,21,30,20,44,37,38,29,8,19,27,7,33,11,2,15,26,4,
2187,107.95547366142273,59372.06800000001,59372.06800000001,0,25,14,31,22,12,9,47,34,18,23,39,1,36,6,16,45,43,41,17,3,24,10,32,13,42,35,28,5,48,49,40,46,21,30,20,44,37,38,29,8,19,27,7,33,11,2,15,26,4,
2188,107.97947072982788,59372.06800000001,59372.06800000001,0,25,14,31,22,12,9,47,34,18,23,39,1,36,6,16,45,43,41,17,3,24,10,32,13,42,35,28,5,48,49,40,46,21,30,20,44,37,38,29,8,19,27,7,33,11,2,15,26,4,
2189,108.00742888450623,59372.06800000001,59372.06800000001,0,25,14,31,22,12,9,47,34,18,23,39,1,36,6,16,45,43,41,17,3,24,10,32,13,42,35,28,5,48,49,40,46,21,30,20,44,37,38,29,8,19,27,7,33,11,2,15,26,4,
2190,108.03342366218567,59372.06800000001,59372.06800000001,0,25,14,31,22,12,9,47,34,18,23,39,1,36,6,16,45,43,41,17,3,24,10,32,13,42,35,28,5,48,49,40,46,21,30,20,44,37,38,29,8,19,27,7,33,11,2,15,26,4,
2191,108.05843353271484,59372.06800000001,59372.06800000001,0,25,14,31,22,12,9,47,34,18,23,39,1,36,6,16,45,43,41,17,3,24,10,32,13,42,35,28,5,48,49,40,46,21,30,20,44,37,38,29,8,19,27,7,33,11,2,15,26,4,
2192,108.08344674110413,59372.06800000001,59372.06800000001,0,25,14,31,22,12,9,47,34,18,23,39,1,36,6,16,45,43,41,17,3,24,10,32,13,42,35,28,5,48,49,40,46,21,30,20,44,37,38,29,8,19,27,7,33,11,2,15,26,4,
2193,108.10840940475464,59372.06800000001,59372.06800000001,0,25,14,31,22,12,9,47,34,18,23,39,1,36,6,16,45,43,41,17,3,24,10,32,13,42,35,28,5,48,49,40,46,21,30,20,44,37,38,29,8,19,27,7,33,11,2,15,26,4,
2194,108.13240218162537,59372.06800000001,59372.06800000001,0,25,14,31,22,12,9,47,34,18,23,39,1,36,6,16,45,43,41,17,3,24,10,32,13,42,35,28,5,48,49,40,46,21,30,20,44,37,38,29,8,19,27,7,33,11,2,15,26,4,
2195,108.15940618515015,59372.06800000001,59372.06800000001,0,25,14,31,22,12,9,47,34,18,23,39,1,36,6,16,45,43,41,17,3,24,10,32,13,42,35,28,5,48,49,40,46,21,30,20,44,37,38,29,8,19,27,7,33,11,2,15,26,4,
2196,108.1853609085083,59372.06800000001,59372.06800000001,0,25,14,31,22,12,9,47,34,18,23,39,1,36,6,16,45,43,41,17,3,24,10,32,13,42,35,28,5,48,49,40,46,21,30,20,44,37,38,29,8,19,27,7,33,11,2,15,26,4,
2197,108.21136450767517,59372.06800000001,59372.06800000001,0,25,14,31,22,12,9,47,34,18,23,39,1,36,6,16,45,43,41,17,3,24,10,32,13,42,35,28,5,48,49,40,46,21,30,20,44,37,38,29,8,19,27,7,33,11,2,15,26,4,
2198,108.23636841773987,59372.06800000001,59372.06800000001,0,25,14,31,22,12,9,47,34,18,23,39,1,36,6,16,45,43,41,17,3,24,10,32,13,42,35,28,5,48,49,40,46,21,30,20,44,37,38,29,8,19,27,7,33,11,2,15,26,4,
2199,118.33236765861511,59372.06800000001,59372.06800000001,0,25,14,31,22,12,9,47,34,18,23,39,1,36,6,16,45,43,41,17,3,24,10,32,13,42,35,28,5,48,49,40,46,21,30,20,44,37,38,29,8,19,27,7,33,11,2,15,26,4,
2200,118.35631942749023,59372.06800000001,59372.06800000001,0,25,14,31,22,12,9,47,34,18,23,39,1,36,6,16,45,43,41,17,3,24,10,32,13,42,35,28,5,48,49,40,46,21,30,20,44,37,38,29,8,19,27,7,33,11,2,15,26,4,
2201,118.38127899169922,59372.06800000001,59372.06800000001,0,25,14,31,22,12,9,47,34,18,23,39,1,36,6,16,45,43,41,17,3,24,10,32,13,42,35,28,5,48,49,40,46,21,30,20,44,37,38,29,8,19,27,7,33,11,2,15,26,4,
2202,118.40624523162842,59372.06800000001,59372.06800000001,0,25,14,31,22,12,9,47,34,18,23,39,1,36,6,16,45,43,41,17,3,24,10,32,13,42,35,28,5,48,49,40,46,21,30,20,44,37,38,29,8,19,27,7,33,11,2,15,26,4,
2203,118.43224930763245,59372.06800000001,59372.06800000001,0,25,14,31,22,12,9,47,34,18,23,39,1,36,6,16,45,43,41,17,3,24,10,32,13,42,35,28,5,48,49,40,46,21,30,20,44,37,38,29,8,19,27,7,33,11,2,15,26,4,
2204,118.45725154876709,59372.06800000001,59372.06800000001,0,25,14,31,22,12,9,47,34,18,23,39,1,36,6,16,45,43,41,17,3,24,10,32,13,42,35,28,5,48,49,40,46,21,30,20,44,37,38,29,8,19,27,7,33,11,2,15,26,4,
2205,118.48326182365417,59372.06800000001,59372.06800000001,0,25,14,31,22,12,9,47,34,18,23,39,1,36,6,16,45,43,41,17,3,24,10,32,13,42,35,28,5,48,49,40,46,21,30,20,44,37,38,29,8,19,27,7,33,11,2,15,26,4,
2206,118.50822257995605,59372.06800000001,59372.06800000001,0,25,14,31,22,12,9,47,34,18,23,39,1,36,6,16,45,43,41,17,3,24,10,32,13,42,35,28,5,48,49,40,46,21,30,20,44,37,38,29,8,19,27,7,33,11,2,15,26,4,
2207,118.53418397903442,59372.06800000001,59372.06800000001,0,25,14,31,22,12,9,47,34,18,23,39,1,36,6,16,45,43,41,17,3,24,10,32,13,42,35,28,5,48,49,40,46,21,30,20,44,37,38,29,8,19,27,7,33,11,2,15,26,4,
2208,118.55918455123901,59372.06800000001,59372.06800000001,0,25,14,31,22,12,9,47,34,18,23,39,1,36,6,16,45,43,41,17,3,24,10,32,13,42,35,28,5,48,49,40,46,21,30,20,44,37,38,29,8,19,27,7,33,11,2,15,26,4,
2209,118.58418369293213,59372.06800000001,59372.06800000001,0,25,14,31,22,12,9,47,34,18,23,39,1,36,6,16,45,43,41,17,3,24,10,32,13,42,35,28,5,48,49,40,46,21,30,20,44,37,38,29,8,19,27,7,33,11,2,15,26,4,
2210,118.60918235778809,59372.06800000001,59372.06800000001,0,25,14,31,22,12,9,47,34,18,23,39,1,36,6,16,45,43,41,17,3,24,10,32,13,42,35,28,5,48,49,40,46,21,30,20,44,37,38,29,8,19,27,7,33,11,2,15,26,4,
2211,118.63521838188171,59372.06800000001,59372.06800000001,0,25,14,31,22,12,9,47,34,18,23,39,1,36,6,16,45,43,41,17,3,24,10,32,13,42,35,28,5,48,49,40,46,21,30,20,44,37,38,29,8,19,27,7,33,11,2,15,26,4,
2212,118.66118311882019,59372.06800000001,59372.06800000001,0,25,14,31,22,12,9,47,34,18,23,39,1,36,6,16,45,43,41,17,3,24,10,32,13,42,35,28,5,48,49,40,46,21,30,20,44,37,38,29,8,19,27,7,33,11,2,15,26,4,
2213,118.68519425392151,59372.06800000001,59372.06800000001,0,25,14,31,22,12,9,47,34,18,23,39,1,36,6,16,45,43,41,17,3,24,10,32,13,42,35,28,5,48,49,40,46,21,30,20,44,37,38,29,8,19,27,7,33,11,2,15,26,4,
2214,118.70919346809387,59372.06800000001,59372.06800000001,0,25,14,31,22,12,9,47,34,18,23,39,1,36,6,16,45,43,41,17,3,24,10,32,13,42,35,28,5,48,49,40,46,21,30,20,44,37,38,29,8,19,27,7,33,11,2,15,26,4,
2215,118.73419404029846,59372.06800000001,59372.06800000001,0,25,14,31,22,12,9,47,34,18,23,39,1,36,6,16,45,43,41,17,3,24,10,32,13,42,35,28,5,48,49,40,46,21,30,20,44,37,38,29,8,19,27,7,33,11,2,15,26,4,
2216,118.76019263267517,59372.06800000001,59372.06800000001,0,25,14,31,22,12,9,47,34,18,23,39,1,36,6,16,45,43,41,17,3,24,10,32,13,42,35,28,5,48,49,40,46,21,30,20,44,37,38,29,8,19,27,7,33,11,2,15,26,4,
2217,118.78523850440979,59372.06800000001,59372.06800000001,0,25,14,31,22,12,9,47,34,18,23,39,1,36,6,16,45,43,41,17,3,24,10,32,13,42,35,28,5,48,49,40,46,21,30,20,44,37,38,29,8,19,27,7,33,11,2,15,26,4,
2218,118.81123328208923,59372.06800000001,59372.06800000001,0,25,14,31,22,12,9,47,34,18,23,39,1,36,6,16,45,43,41,17,3,24,10,32,13,42,35,28,5,48,49,40,46,21,30,20,44,37,38,29,8,19,27,7,33,11,2,15,26,4,
2219,118.83523035049438,59372.06800000001,59372.06800000001,0,25,14,31,22,12,9,47,34,18,23,39,1,36,6,16,45,43,41,17,3,24,10,32,13,42,35,28,5,48,49,40,46,21,30,20,44,37,38,29,8,19,27,7,33,11,2,15,26,4,
2220,118.86022973060608,59372.06800000001,59372.06800000001,0,25,14,31,22,12,9,47,34,18,23,39,1,36,6,16,45,43,41,17,3,24,10,32,13,42,35,28,5,48,49,40,46,21,30,20,44,37,38,29,8,19,27,7,33,11,2,15,26,4,
2221,118.88619256019592,59372.06800000001,59372.06800000001,0,25,14,31,22,12,9,47,34,18,23,39,1,36,6,16,45,43,41,17,3,24,10,32,13,42,35,28,5,48,49,40,46,21,30,20,44,37,38,29,8,19,27,7,33,11,2,15,26,4,
2222,118.91415071487427,59372.06800000001,59372.06800000001,0,25,14,31,22,12,9,47,34,18,23,39,1,36,6,16,45,43,41,17,3,24,10,32,13,42,35,28,5,48,49,40,46,21,30,20,44,37,38,29,8,19,27,7,33,11,2,15,26,4,
2223,118.93820095062256,59372.06800000001,59372.06800000001,0,25,14,31,22,12,9,47,34,18,23,39,1,36,6,16,45,43,41,17,3,24,10,32,13,42,35,28,5,48,49,40,46,21,30,20,44,37,38,29,8,19,27,7,33,11,2,15,26,4,
2224,118.96221089363098,59372.06800000001,59372.06800000001,0,25,14,31,22,12,9,47,34,18,23,39,1,36,6,16,45,43,41,17,3,24,10,32,13,42,35,28,5,48,49,40,46,21,30,20,44,37,38,29,8,19,27,7,33,11,2,15,26,4,
2225,118.9862470626831,59372.06800000001,59372.06800000001,0,25,14,31,22,12,9,47,34,18,23,39,1,36,6,16,45,43,41,17,3,24,10,32,13,42,35,28,5,48,49,40,46,21,30,20,44,37,38,29,8,19,27,7,33,11,2,15,26,4,
2226,119.0112943649292,59372.06800000001,59372.06800000001,0,25,14,31,22,12,9,47,34,18,23,39,1,36,6,16,45,43,41,17,3,24,10,32,13,42,35,28,5,48,49,40,46,21,30,20,44,37,38,29,8,19,27,7,33,11,2,15,26,4,
2227,119.03633451461792,59372.06800000001,59372.06800000001,0,25,14,31,22,12,9,47,34,18,23,39,1,36,6,16,45,43,41,17,3,24,10,32,13,42,35,28,5,48,49,40,46,21,30,20,44,37,38,29,8,19,27,7,33,11,2,15,26,4,
2228,119.06033444404602,59372.06800000001,59372.06800000001,0,25,14,31,22,12,9,47,34,18,23,39,1,36,6,16,45,43,41,17,3,24,10,32,13,42,35,28,5,48,49,40,46,21,30,20,44,37,38,29,8,19,27,7,33,11,2,15,26,4,
2229,119.08534526824951,59372.06800000001,59372.06800000001,0,25,14,31,22,12,9,47,34,18,23,39,1,36,6,16,45,43,41,17,3,24,10,32,13,42,35,28,5,48,49,40,46,21,30,20,44,37,38,29,8,19,27,7,33,11,2,15,26,4,
2230,119.1103618144989,59372.06800000001,59372.06800000001,0,25,14,31,22,12,9,47,34,18,23,39,1,36,6,16,45,43,41,17,3,24,10,32,13,42,35,28,5,48,49,40,46,21,30,20,44,37,38,29,8,19,27,7,33,11,2,15,26,4,
2231,119.13537168502808,59372.06800000001,59372.06800000001,0,25,14,31,22,12,9,47,34,18,23,39,1,36,6,16,45,43,41,17,3,24,10,32,13,42,35,28,5,48,49,40,46,21,30,20,44,37,38,29,8,19,27,7,33,11,2,15,26,4,
2232,119.15938353538513,59372.06800000001,59372.06800000001,0,25,14,31,22,12,9,47,34,18,23,39,1,36,6,16,45,43,41,17,3,24,10,32,13,42,35,28,5,48,49,40,46,21,30,20,44,37,38,29,8,19,27,7,33,11,2,15,26,4,
2233,119.18438696861267,59372.06800000001,59372.06800000001,0,25,14,31,22,12,9,47,34,18,23,39,1,36,6,16,45,43,41,17,3,24,10,32,13,42,35,28,5,48,49,40,46,21,30,20,44,37,38,29,8,19,27,7,33,11,2,15,26,4,
2234,119.2103865146637,59372.06800000001,59372.06800000001,0,25,14,31,22,12,9,47,34,18,23,39,1,36,6,16,45,43,41,17,3,24,10,32,13,42,35,28,5,48,49,40,46,21,30,20,44,37,38,29,8,19,27,7,33,11,2,15,26,4,
2235,119.2353904247284,59372.06800000001,59372.06800000001,0,25,14,31,22,12,9,47,34,18,23,39,1,36,6,16,45,43,41,17,3,24,10,32,13,42,35,28,5,48,49,40,46,21,30,20,44,37,38,29,8,19,27,7,33,11,2,15,26,4,
2236,119.26141953468323,59372.06800000001,59372.06800000001,0,25,14,31,22,12,9,47,34,18,23,39,1,36,6,16,45,43,41,17,3,24,10,32,13,42,35,28,5,48,49,40,46,21,30,20,44,37,38,29,8,19,27,7,33,11,2,15,26,4,
2237,119.28937840461731,59372.06800000001,59372.06800000001,0,25,14,31,22,12,9,47,34,18,23,39,1,36,6,16,45,43,41,17,3,24,10,32,13,42,35,28,5,48,49,40,46,21,30,20,44,37,38,29,8,19,27,7,33,11,2,15,26,4,
2238,119.31541562080383,59372.06800000001,59372.06800000001,0,25,14,31,22,12,9,47,34,18,23,39,1,36,6,16,45,43,41,17,3,24,10,32,13,42,35,28,5,48,49,40,46,21,30,20,44,37,38,29,8,19,27,7,33,11,2,15,26,4,
2239,119.3414523601532,59372.06800000001,59372.06800000001,0,25,14,31,22,12,9,47,34,18,23,39,1,36,6,16,45,43,41,17,3,24,10,32,13,42,35,28,5,48,49,40,46,21,30,20,44,37,38,29,8,19,27,7,33,11,2,15,26,4,
2240,119.36744499206543,59372.06800000001,59372.06800000001,0,25,14,31,22,12,9,47,34,18,23,39,1,36,6,16,45,43,41,17,3,24,10,32,13,42,35,28,5,48,49,40,46,21,30,20,44,37,38,29,8,19,27,7,33,11,2,15,26,4,
2241,119.3924469947815,59372.06800000001,59372.06800000001,0,25,14,31,22,12,9,47,34,18,23,39,1,36,6,16,45,43,41,17,3,24,10,32,13,42,35,28,5,48,49,40,46,21,30,20,44,37,38,29,8,19,27,7,33,11,2,15,26,4,
2242,119.41745638847351,59372.06800000001,59372.06800000001,0,25,14,31,22,12,9,47,34,18,23,39,1,36,6,16,45,43,41,17,3,24,10,32,13,42,35,28,5,48,49,40,46,21,30,20,44,37,38,29,8,19,27,7,33,11,2,15,26,4,
2243,119.44441437721252,59372.06800000001,59372.06800000001,0,25,14,31,22,12,9,47,34,18,23,39,1,36,6,16,45,43,41,17,3,24,10,32,13,42,35,28,5,48,49,40,46,21,30,20,44,37,38,29,8,19,27,7,33,11,2,15,26,4,
2244,119.4693775177002,59372.06800000001,59372.06800000001,0,25,14,31,22,12,9,47,34,18,23,39,1,36,6,16,45,43,41,17,3,24,10,32,13,42,35,28,5,48,49,40,46,21,30,20,44,37,38,29,8,19,27,7,33,11,2,15,26,4,
2245,119.4953384399414,59372.06800000001,59372.06800000001,0,25,14,31,22,12,9,47,34,18,23,39,1,36,6,16,45,43,41,17,3,24,10,32,13,42,35,28,5,48,49,40,46,21,30,20,44,37,38,29,8,19,27,7,33,11,2,15,26,4,
2246,119.52133536338806,59372.06800000001,59372.06800000001,0,25,14,31,22,12,9,47,34,18,23,39,1,36,6,16,45,43,41,17,3,24,10,32,13,42,35,28,5,48,49,40,46,21,30,20,44,37,38,29,8,19,27,7,33,11,2,15,26,4,
2247,119.54833698272705,59372.06800000001,59372.06800000001,0,25,14,31,22,12,9,47,34,18,23,39,1,36,6,16,45,43,41,17,3,24,10,32,13,42,35,28,5,48,49,40,46,21,30,20,44,37,38,29,8,19,27,7,33,11,2,15,26,4,
2248,119.57233762741089,59372.06800000001,59372.06800000001,0,25,14,31,22,12,9,47,34,18,23,39,1,36,6,16,45,43,41,17,3,24,10,32,13,42,35,28,5,48,49,40,46,21,30,20,44,37,38,29,8,19,27,7,33,11,2,15,26,4,
2249,119.59637451171875,59372.06800000001,59372.06800000001,0,25,14,31,22,12,9,47,34,18,23,39,1,36,6,16,45,43,41,17,3,24,10,32,13,42,35,28,5,48,49,40,46,21,30,20,44,37,38,29,8,19,27,7,33,11,2,15,26,4,
2250,119.6223349571228,59372.06800000001,59372.06800000001,0,25,14,31,22,12,9,47,34,18,23,39,1,36,6,16,45,43,41,17,3,24,10,32,13,42,35,28,5,48,49,40,46,21,30,20,44,37,38,29,8,19,27,7,33,11,2,15,26,4,
2251,119.64838433265686,59372.06800000001,59372.06800000001,0,25,14,31,22,12,9,47,34,18,23,39,1,36,6,16,45,43,41,17,3,24,10,32,13,42,35,28,5,48,49,40,46,21,30,20,44,37,38,29,8,19,27,7,33,11,2,15,26,4,
2252,119.67443633079529,59372.06800000001,59372.06800000001,0,25,14,31,22,12,9,47,34,18,23,39,1,36,6,16,45,43,41,17,3,24,10,32,13,42,35,28,5,48,49,40,46,21,30,20,44,37,38,29,8,19,27,7,33,11,2,15,26,4,
2253,119.69948863983154,59372.06800000001,59372.06800000001,0,25,14,31,22,12,9,47,34,18,23,39,1,36,6,16,45,43,41,17,3,24,10,32,13,42,35,28,5,48,49,40,46,21,30,20,44,37,38,29,8,19,27,7,33,11,2,15,26,4,
2254,119.72448062896729,59372.06800000001,59372.06800000001,0,25,14,31,22,12,9,47,34,18,23,39,1,36,6,16,45,43,41,17,3,24,10,32,13,42,35,28,5,48,49,40,46,21,30,20,44,37,38,29,8,19,27,7,33,11,2,15,26,4,
2255,119.7505292892456,59372.06800000001,59372.06800000001,0,25,14,31,22,12,9,47,34,18,23,39,1,36,6,16,45,43,41,17,3,24,10,32,13,42,35,28,5,48,49,40,46,21,30,20,44,37,38,29,8,19,27,7,33,11,2,15,26,4,
2256,119.77452802658081,59372.06800000001,59372.06800000001,0,25,14,31,22,12,9,47,34,18,23,39,1,36,6,16,45,43,41,17,3,24,10,32,13,42,35,28,5,48,49,40,46,21,30,20,44,37,38,29,8,19,27,7,33,11,2,15,26,4,
2257,119.80052137374878,59372.06800000001,59372.06800000001,0,25,14,31,22,12,9,47,34,18,23,39,1,36,6,16,45,43,41,17,3,24,10,32,13,42,35,28,5,48,49,40,46,21,30,20,44,37,38,29,8,19,27,7,33,11,2,15,26,4,
2258,119.8265163898468,59372.06800000001,59372.06800000001,0,25,14,31,22,12,9,47,34,18,23,39,1,36,6,16,45,43,41,17,3,24,10,32,13,42,35,28,5,48,49,40,46,21,30,20,44,37,38,29,8,19,27,7,33,11,2,15,26,4,
2259,119.85155749320984,59372.06800000001,59372.06800000001,0,25,14,31,22,12,9,47,34,18,23,39,1,36,6,16,45,43,41,17,3,24,10,32,13,42,35,28,5,48,49,40,46,21,30,20,44,37,38,29,8,19,27,7,33,11,2,15,26,4,
2260,119.87759780883789,59372.06800000001,59372.06800000001,0,25,14,31,22,12,9,47,34,18,23,39,1,36,6,16,45,43,41,17,3,24,10,32,13,42,35,28,5,48,49,40,46,21,30,20,44,37,38,29,8,19,27,7,33,11,2,15,26,4,
2261,119.90263867378235,59372.06800000001,59372.06800000001,0,25,14,31,22,12,9,47,34,18,23,39,1,36,6,16,45,43,41,17,3,24,10,32,13,42,35,28,5,48,49,40,46,21,30,20,44,37,38,29,8,19,27,7,33,11,2,15,26,4,
2262,119.92859649658203,59372.06800000001,59372.06800000001,0,25,14,31,22,12,9,47,34,18,23,39,1,36,6,16,45,43,41,17,3,24,10,32,13,42,35,28,5,48,49,40,46,21,30,20,44,37,38,29,8,19,27,7,33,11,2,15,26,4,
2263,119.95559573173523,59372.06800000001,59372.06800000001,0,25,14,31,22,12,9,47,34,18,23,39,1,36,6,16,45,43,41,17,3,24,10,32,13,42,35,28,5,48,49,40,46,21,30,20,44,37,38,29,8,19,27,7,33,11,2,15,26,4,
2264,119.98055458068848,59372.06800000001,59372.06800000001,0,25,14,31,22,12,9,47,34,18,23,39,1,36,6,16,45,43,41,17,3,24,10,32,13,42,35,28,5,48,49,40,46,21,30,20,44,37,38,29,8,19,27,7,33,11,2,15,26,4,
2265,120.00555467605591,59372.06800000001,59372.06800000001,0,25,14,31,22,12,9,47,34,18,23,39,1,36,6,16,45,43,41,17,3,24,10,32,13,42,35,28,5,48,49,40,46,21,30,20,44,37,38,29,8,19,27,7,33,11,2,15,26,4,
2266,120.0295934677124,59372.06800000001,59372.06800000001,0,25,14,31,22,12,9,47,34,18,23,39,1,36,6,16,45,43,41,17,3,24,10,32,13,42,35,28,5,48,49,40,46,21,30,20,44,37,38,29,8,19,27,7,33,11,2,15,26,4,
2267,120.05455040931702,59372.06800000001,59372.06800000001,0,25,14,31,22,12,9,47,34,18,23,39,1,36,6,16,45,43,41,17,3,24,10,32,13,42,35,28,5,48,49,40,46,21,30,20,44,37,38,29,8,19,27,7,33,11,2,15,26,4,
2268,120.08051681518555,59372.06800000001,59372.06800000001,0,25,14,31,22,12,9,47,34,18,23,39,1,36,6,16,45,43,41,17,3,24,10,32,13,42,35,28,5,48,49,40,46,21,30,20,44,37,38,29,8,19,27,7,33,11,2,15,26,4,
2269,120.10648036003113,59372.06800000001,59372.06800000001,0,25,14,31,22,12,9,47,34,18,23,39,1,36,6,16,45,43,41,17,3,24,10,32,13,42,35,28,5,48,49,40,46,21,30,20,44,37,38,29,8,19,27,7,33,11,2,15,26,4,
2270,120.1324725151062,59372.06800000001,59372.06800000001,0,25,14,31,22,12,9,47,34,18,23,39,1,36,6,16,45,43,41,17,3,24,10,32,13,42,35,28,5,48,49,40,46,21,30,20,44,37,38,29,8,19,27,7,33,11,2,15,26,4,
2271,120.16042613983154,59372.06800000001,59372.06800000001,0,25,14,31,22,12,9,47,34,18,23,39,1,36,6,16,45,43,41,17,3,24,10,32,13,42,35,28,5,48,49,40,46,21,30,20,44,37,38,29,8,19,27,7,33,11,2,15,26,4,
2272,120.18647646903992,59372.06800000001,59372.06800000001,0,25,14,31,22,12,9,47,34,18,23,39,1,36,6,16,45,43,41,17,3,24,10,32,13,42,35,28,5,48,49,40,46,21,30,20,44,37,38,29,8,19,27,7,33,11,2,15,26,4,
2273,120.21244072914124,59372.06800000001,59372.06800000001,0,25,14,31,22,12,9,47,34,18,23,39,1,36,6,16,45,43,41,17,3,24,10,32,13,42,35,28,5,48,49,40,46,21,30,20,44,37,38,29,8,19,27,7,33,11,2,15,26,4,
2274,120.23743987083435,59372.06800000001,59372.06800000001,0,25,14,31,22,12,9,47,34,18,23,39,1,36,6,16,45,43,41,17,3,24,10,32,13,42,35,28,5,48,49,40,46,21,30,20,44,37,38,29,8,19,27,7,33,11,2,15,26,4,
2275,120.26143980026245,59372.06800000001,59372.06800000001,0,25,14,31,22,12,9,47,34,18,23,39,1,36,6,16,45,43,41,17,3,24,10,32,13,42,35,28,5,48,49,40,46,21,30,20,44,37,38,29,8,19,27,7,33,11,2,15,26,4,
2276,120.28547692298889,59372.06800000001,59372.06800000001,0,25,14,31,22,12,9,47,34,18,23,39,1,36,6,16,45,43,41,17,3,24,10,32,13,42,35,28,5,48,49,40,46,21,30,20,44,37,38,29,8,19,27,7,33,11,2,15,26,4,
2277,120.31043839454651,59372.06800000001,59372.06800000001,0,25,14,31,22,12,9,47,34,18,23,39,1,36,6,16,45,43,41,17,3,24,10,32,13,42,35,28,5,48,49,40,46,21,30,20,44,37,38,29,8,19,27,7,33,11,2,15,26,4,
2278,120.3354754447937,59372.06800000001,59372.06800000001,0,25,14,31,22,12,9,47,34,18,23,39,1,36,6,16,45,43,41,17,3,24,10,32,13,42,35,28,5,48,49,40,46,21,30,20,44,37,38,29,8,19,27,7,33,11,2,15,26,4,
2279,120.35951280593872,59372.06800000001,59372.06800000001,0,25,14,31,22,12,9,47,34,18,23,39,1,36,6,16,45,43,41,17,3,24,10,32,13,42,35,28,5,48,49,40,46,21,30,20,44,37,38,29,8,19,27,7,33,11,2,15,26,4,
2280,120.38450932502747,59372.06800000001,59372.06800000001,0,25,14,31,22,12,9,47,34,18,23,39,1,36,6,16,45,43,41,17,3,24,10,32,13,42,35,28,5,48,49,40,46,21,30,20,44,37,38,29,8,19,27,7,33,11,2,15,26,4,
2281,120.41050791740417,59372.06800000001,59372.06800000001,0,25,14,31,22,12,9,47,34,18,23,39,1,36,6,16,45,43,41,17,3,24,10,32,13,42,35,28,5,48,49,40,46,21,30,20,44,37,38,29,8,19,27,7,33,11,2,15,26,4,
2282,120.43651247024536,59372.06800000001,59372.06800000001,0,25,14,31,22,12,9,47,34,18,23,39,1,36,6,16,45,43,41,17,3,24,10,32,13,42,35,28,5,48,49,40,46,21,30,20,44,37,38,29,8,19,27,7,33,11,2,15,26,4,
2283,120.46047472953796,59372.06800000001,59372.06800000001,0,25,14,31,22,12,9,47,34,18,23,39,1,36,6,16,45,43,41,17,3,24,10,32,13,42,35,28,5,48,49,40,46,21,30,20,44,37,38,29,8,19,27,7,33,11,2,15,26,4,
2284,120.48543763160706,59372.06800000001,59372.06800000001,0,25,14,31,22,12,9,47,34,18,23,39,1,36,6,16,45,43,41,17,3,24,10,32,13,42,35,28,5,48,49,40,46,21,30,20,44,37,38,29,8,19,27,7,33,11,2,15,26,4,
2285,120.5104341506958,59372.06800000001,59372.06800000001,0,25,14,31,22,12,9,47,34,18,23,39,1,36,6,16,45,43,41,17,3,24,10,32,13,42,35,28,5,48,49,40,46,21,30,20,44,37,38,29,8,19,27,7,33,11,2,15,26,4,
2286,120.53539443016052,59372.06800000001,59372.06800000001,0,25,14,31,22,12,9,47,34,18,23,39,1,36,6,16,45,43,41,17,3,24,10,32,13,42,35,28,5,48,49,40,46,21,30,20,44,37,38,29,8,19,27,7,33,11,2,15,26,4,
2287,120.56035828590393,59372.06800000001,59372.06800000001,0,25,14,31,22,12,9,47,34,18,23,39,1,36,6,16,45,43,41,17,3,24,10,32,13,42,35,28,5,48,49,40,46,21,30,20,44,37,38,29,8,19,27,7,33,11,2,15,26,4,
2288,120.58639216423035,59372.06800000001,59372.06800000001,0,25,14,31,22,12,9,47,34,18,23,39,1,36,6,16,45,43,41,17,3,24,10,32,13,42,35,28,5,48,49,40,46,21,30,20,44,37,38,29,8,19,27,7,33,11,2,15,26,4,
2289,120.61042666435242,59372.06800000001,59372.06800000001,0,25,14,31,22,12,9,47,34,18,23,39,1,36,6,16,45,43,41,17,3,24,10,32,13,42,35,28,5,48,49,40,46,21,30,20,44,37,38,29,8,19,27,7,33,11,2,15,26,4,
2290,120.63543748855591,59372.06800000001,59372.06800000001,0,25,14,31,22,12,9,47,34,18,23,39,1,36,6,16,45,43,41,17,3,24,10,32,13,42,35,28,5,48,49,40,46,21,30,20,44,37,38,29,8,19,27,7,33,11,2,15,26,4,
2291,120.66043782234192,59372.06800000001,59372.06800000001,0,25,14,31,22,12,9,47,34,18,23,39,1,36,6,16,45,43,41,17,3,24,10,32,13,42,35,28,5,48,49,40,46,21,30,20,44,37,38,29,8,19,27,7,33,11,2,15,26,4,
2292,120.68639945983887,59372.06800000001,59372.06800000001,0,25,14,31,22,12,9,47,34,18,23,39,1,36,6,16,45,43,41,17,3,24,10,32,13,42,35,28,5,48,49,40,46,21,30,20,44,37,38,29,8,19,27,7,33,11,2,15,26,4,
2293,120.71145057678223,59372.06800000001,59372.06800000001,0,25,14,31,22,12,9,47,34,18,23,39,1,36,6,16,45,43,41,17,3,24,10,32,13,42,35,28,5,48,49,40,46,21,30,20,44,37,38,29,8,19,27,7,33,11,2,15,26,4,
2294,120.73544764518738,59372.06800000001,59372.06800000001,0,25,14,31,22,12,9,47,34,18,23,39,1,36,6,16,45,43,41,17,3,24,10,32,13,42,35,28,5,48,49,40,46,21,30,20,44,37,38,29,8,19,27,7,33,11,2,15,26,4,
2295,120.75948452949524,59372.06800000001,59372.06800000001,0,25,14,31,22,12,9,47,34,18,23,39,1,36,6,16,45,43,41,17,3,24,10,32,13,42,35,28,5,48,49,40,46,21,30,20,44,37,38,29,8,19,27,7,33,11,2,15,26,4,
2296,120.78552341461182,59372.06800000001,59372.06800000001,0,25,14,31,22,12,9,47,34,18,23,39,1,36,6,16,45,43,41,17,3,24,10,32,13,42,35,28,5,48,49,40,46,21,30,20,44,37,38,29,8,19,27,7,33,11,2,15,26,4,
2297,120.81053376197815,59372.06800000001,59372.06800000001,0,25,14,31,22,12,9,47,34,18,23,39,1,36,6,16,45,43,41,17,3,24,10,32,13,42,35,28,5,48,49,40,46,21,30,20,44,37,38,29,8,19,27,7,33,11,2,15,26,4,
2298,120.83559727668762,59372.06800000001,59372.06800000001,0,25,14,31,22,12,9,47,34,18,23,39,1,36,6,16,45,43,41,17,3,24,10,32,13,42,35,28,5,48,49,40,46,21,30,20,44,37,38,29,8,19,27,7,33,11,2,15,26,4,
2299,120.85960721969604,59372.06800000001,59372.06800000001,0,25,14,31,22,12,9,47,34,18,23,39,1,36,6,16,45,43,41,17,3,24,10,32,13,42,35,28,5,48,49,40,46,21,30,20,44,37,38,29,8,19,27,7,33,11,2,15,26,4,
2300,120.88365483283997,59372.06800000001,59372.06800000001,0,25,14,31,22,12,9,47,34,18,23,39,1,36,6,16,45,43,41,17,3,24,10,32,13,42,35,28,5,48,49,40,46,21,30,20,44,37,38,29,8,19,27,7,33,11,2,15,26,4,
2301,120.90865397453308,59372.06800000001,59372.06800000001,0,25,14,31,22,12,9,47,34,18,23,39,1,36,6,16,45,43,41,17,3,24,10,32,13,42,35,28,5,48,49,40,46,21,30,20,44,37,38,29,8,19,27,7,33,11,2,15,26,4,
2302,120.93369483947754,59372.06800000001,59372.06800000001,0,25,14,31,22,12,9,47,34,18,23,39,1,36,6,16,45,43,41,17,3,24,10,32,13,42,35,28,5,48,49,40,46,21,30,20,44,37,38,29,8,19,27,7,33,11,2,15,26,4,
2303,120.95969605445862,59372.06800000001,59372.06800000001,0,25,14,31,22,12,9,47,34,18,23,39,1,36,6,16,45,43,41,17,3,24,10,32,13,42,35,28,5,48,49,40,46,21,30,20,44,37,38,29,8,19,27,7,33,11,2,15,26,4,
2304,120.9856653213501,59372.06800000001,59372.06800000001,0,25,14,31,22,12,9,47,34,18,23,39,1,36,6,16,45,43,41,17,3,24,10,32,13,42,35,28,5,48,49,40,46,21,30,20,44,37,38,29,8,19,27,7,33,11,2,15,26,4,
2305,121.00962710380554,59372.06800000001,59372.06800000001,0,25,14,31,22,12,9,47,34,18,23,39,1,36,6,16,45,43,41,17,3,24,10,32,13,42,35,28,5,48,49,40,46,21,30,20,44,37,38,29,8,19,27,7,33,11,2,15,26,4,
2306,121.03762912750244,59372.06800000001,59372.06800000001,0,25,14,31,22,12,9,47,34,18,23,39,1,36,6,16,45,43,41,17,3,24,10,32,13,42,35,28,5,48,49,40,46,21,30,20,44,37,38,29,8,19,27,7,33,11,2,15,26,4,
2307,121.062668800354,59372.06800000001,59372.06800000001,0,25,14,31,22,12,9,47,34,18,23,39,1,36,6,16,45,43,41,17,3,24,10,32,13,42,35,28,5,48,49,40,46,21,30,20,44,37,38,29,8,19,27,7,33,11,2,15,26,4,
2308,121.08867931365967,59372.06800000001,59372.06800000001,0,25,14,31,22,12,9,47,34,18,23,39,1,36,6,16,45,43,41,17,3,24,10,32,13,42,35,28,5,48,49,40,46,21,30,20,44,37,38,29,8,19,27,7,33,11,2,15,26,4,
2309,121.11471676826477,59372.06800000001,59372.06800000001,0,25,14,31,22,12,9,47,34,18,23,39,1,36,6,16,45,43,41,17,3,24,10,32,13,42,35,28,5,48,49,40,46,21,30,20,44,37,38,29,8,19,27,7,33,11,2,15,26,4,
2310,121.1396734714508,59372.06800000001,59372.06800000001,0,25,14,31,22,12,9,47,34,18,23,39,1,36,6,16,45,43,41,17,3,24,10,32,13,42,35,28,5,48,49,40,46,21,30,20,44,37,38,29,8,19,27,7,33,11,2,15,26,4,
2311,121.16271328926086,59372.06800000001,59372.06800000001,0,25,14,31,22,12,9,47,34,18,23,39,1,36,6,16,45,43,41,17,3,24,10,32,13,42,35,28,5,48,49,40,46,21,30,20,44,37,38,29,8,19,27,7,33,11,2,15,26,4,
2312,121.28671669960022,59372.06800000001,59372.06800000001,0,25,14,31,22,12,9,47,34,18,23,39,1,36,6,16,45,43,41,17,3,24,10,32,13,42,35,28,5,48,49,40,46,21,30,20,44,37,38,29,8,19,27,7,33,11,2,15,26,4,
2313,121.311683177948,59372.06800000001,59372.06800000001,0,25,14,31,22,12,9,47,34,18,23,39,1,36,6,16,45,43,41,17,3,24,10,32,13,42,35,28,5,48,49,40,46,21,30,20,44,37,38,29,8,19,27,7,33,11,2,15,26,4,
2314,121.3366756439209,59372.06800000001,59372.06800000001,0,25,14,31,22,12,9,47,34,18,23,39,1,36,6,16,45,43,41,17,3,24,10,32,13,42,35,28,5,48,49,40,46,21,30,20,44,37,38,29,8,19,27,7,33,11,2,15,26,4,
2315,121.3617160320282,59372.06800000001,59372.06800000001,0,25,14,31,22,12,9,47,34,18,23,39,1,36,6,16,45,43,41,17,3,24,10,32,13,42,35,28,5,48,49,40,46,21,30,20,44,37,38,29,8,19,27,7,33,11,2,15,26,4,
2316,121.3857262134552,59372.06800000001,59372.06800000001,0,25,14,31,22,12,9,47,34,18,23,39,1,36,6,16,45,43,41,17,3,24,10,32,13,42,35,28,5,48,49,40,46,21,30,20,44,37,38,29,8,19,27,7,33,11,2,15,26,4,
2317,121.40970063209534,59372.06800000001,59372.06800000001,0,25,14,31,22,12,9,47,34,18,23,39,1,36,6,16,45,43,41,17,3,24,10,32,13,42,35,28,5,48,49,40,46,21,30,20,44,37,38,29,8,19,27,7,33,11,2,15,26,4,
2318,121.43466138839722,59372.06800000001,59372.06800000001,0,25,14,31,22,12,9,47,34,18,23,39,1,36,6,16,45,43,41,17,3,24,10,32,13,42,35,28,5,48,49,40,46,21,30,20,44,37,38,29,8,19,27,7,33,11,2,15,26,4,
2319,121.46162104606628,59372.06800000001,59372.06800000001,0,25,14,31,22,12,9,47,34,18,23,39,1,36,6,16,45,43,41,17,3,24,10,32,13,42,35,28,5,48,49,40,46,21,30,20,44,37,38,29,8,19,27,7,33,11,2,15,26,4,
2320,121.4866189956665,59372.06800000001,59372.06800000001,0,25,14,31,22,12,9,47,34,18,23,39,1,36,6,16,45,43,41,17,3,24,10,32,13,42,35,28,5,48,49,40,46,21,30,20,44,37,38,29,8,19,27,7,33,11,2,15,26,4,
2321,121.51165628433228,59372.06800000001,59372.06800000001,0,25,14,31,22,12,9,47,34,18,23,39,1,36,6,16,45,43,41,17,3,24,10,32,13,42,35,28,5,48,49,40,46,21,30,20,44,37,38,29,8,19,27,7,33,11,2,15,26,4,
2322,121.53765678405762,59372.06800000001,59372.06800000001,0,25,14,31,22,12,9,47,34,18,23,39,1,36,6,16,45,43,41,17,3,24,10,32,13,42,35,28,5,48,49,40,46,21,30,20,44,37,38,29,8,19,27,7,33,11,2,15,26,4,
2323,121.56261801719666,59372.06800000001,59372.06800000001,0,25,14,31,22,12,9,47,34,18,23,39,1,36,6,16,45,43,41,17,3,24,10,32,13,42,35,28,5,48,49,40,46,21,30,20,44,37,38,29,8,19,27,7,33,11,2,15,26,4,
2324,121.5915834903717,59372.06800000001,59372.06800000001,0,25,14,31,22,12,9,47,34,18,23,39,1,36,6,16,45,43,41,17,3,24,10,32,13,42,35,28,5,48,49,40,46,21,30,20,44,37,38,29,8,19,27,7,33,11,2,15,26,4,
2325,121.61658930778503,59372.06800000001,59372.06800000001,0,25,14,31,22,12,9,47,34,18,23,39,1,36,6,16,45,43,41,17,3,24,10,32,13,42,35,28,5,48,49,40,46,21,30,20,44,37,38,29,8,19,27,7,33,11,2,15,26,4,
2326,121.64257860183716,59372.06800000001,59372.06800000001,0,25,14,31,22,12,9,47,34,18,23,39,1,36,6,16,45,43,41,17,3,24,10,32,13,42,35,28,5,48,49,40,46,21,30,20,44,37,38,29,8,19,27,7,33,11,2,15,26,4,
2327,121.66860246658325,59372.06800000001,59372.06800000001,0,25,14,31,22,12,9,47,34,18,23,39,1,36,6,16,45,43,41,17,3,24,10,32,13,42,35,28,5,48,49,40,46,21,30,20,44,37,38,29,8,19,27,7,33,11,2,15,26,4,
2328,121.69356560707092,59372.06800000001,59372.06800000001,0,25,14,31,22,12,9,47,34,18,23,39,1,36,6,16,45,43,41,17,3,24,10,32,13,42,35,28,5,48,49,40,46,21,30,20,44,37,38,29,8,19,27,7,33,11,2,15,26,4,
2329,121.71760058403015,59372.06800000001,59372.06800000001,0,25,14,31,22,12,9,47,34,18,23,39,1,36,6,16,45,43,41,17,3,24,10,32,13,42,35,28,5,48,49,40,46,21,30,20,44,37,38,29,8,19,27,7,33,11,2,15,26,4,
2330,121.74259376525879,59372.06800000001,59372.06800000001,0,25,14,31,22,12,9,47,34,18,23,39,1,36,6,16,45,43,41,17,3,24,10,32,13,42,35,28,5,48,49,40,46,21,30,20,44,37,38,29,8,19,27,7,33,11,2,15,26,4,
2331,121.76759123802185,59372.06800000001,59372.06800000001,0,25,14,31,22,12,9,47,34,18,23,39,1,36,6,16,45,43,41,17,3,24,10,32,13,42,35,28,5,48,49,40,46,21,30,20,44,37,38,29,8,19,27,7,33,11,2,15,26,4,
2332,121.7925934791565,59372.06800000001,59372.06800000001,0,25,14,31,22,12,9,47,34,18,23,39,1,36,6,16,45,43,41,17,3,24,10,32,13,42,35,28,5,48,49,40,46,21,30,20,44,37,38,29,8,19,27,7,33,11,2,15,26,4,
2333,121.81663060188293,59372.06800000001,59372.06800000001,0,25,14,31,22,12,9,47,34,18,23,39,1,36,6,16,45,43,41,17,3,24,10,32,13,42,35,28,5,48,49,40,46,21,30,20,44,37,38,29,8,19,27,7,33,11,2,15,26,4,
2334,121.84258937835693,59372.06800000001,59372.06800000001,0,25,14,31,22,12,9,47,34,18,23,39,1,36,6,16,45,43,41,17,3,24,10,32,13,42,35,28,5,48,49,40,46,21,30,20,44,37,38,29,8,19,27,7,33,11,2,15,26,4,
2335,121.86762738227844,59372.06800000001,59372.06800000001,0,25,14,31,22,12,9,47,34,18,23,39,1,36,6,16,45,43,41,17,3,24,10,32,13,42,35,28,5,48,49,40,46,21,30,20,44,37,38,29,8,19,27,7,33,11,2,15,26,4,
2336,121.89362454414368,59372.06800000001,59372.06800000001,0,25,14,31,22,12,9,47,34,18,23,39,1,36,6,16,45,43,41,17,3,24,10,32,13,42,35,28,5,48,49,40,46,21,30,20,44,37,38,29,8,19,27,7,33,11,2,15,26,4,
2337,121.91863632202148,59372.06800000001,59372.06800000001,0,25,14,31,22,12,9,47,34,18,23,39,1,36,6,16,45,43,41,17,3,24,10,32,13,42,35,28,5,48,49,40,46,21,30,20,44,37,38,29,8,19,27,7,33,11,2,15,26,4,
2338,121.94360160827637,59372.06800000001,59372.06800000001,0,25,14,31,22,12,9,47,34,18,23,39,1,36,6,16,45,43,41,17,3,24,10,32,13,42,35,28,5,48,49,40,46,21,30,20,44,37,38,29,8,19,27,7,33,11,2,15,26,4,
2339,121.96964716911316,59372.06800000001,59372.06800000001,0,25,14,31,22,12,9,47,34,18,23,39,1,36,6,16,45,43,41,17,3,24,10,32,13,42,35,28,5,48,49,40,46,21,30,20,44,37,38,29,8,19,27,7,33,11,2,15,26,4,
2340,121.99365758895874,59372.06800000001,59372.06800000001,0,25,14,31,22,12,9,47,34,18,23,39,1,36,6,16,45,43,41,17,3,24,10,32,13,42,35,28,5,48,49,40,46,21,30,20,44,37,38,29,8,19,27,7,33,11,2,15,26,4,
2341,122.01866626739502,59372.06800000001,59372.06800000001,0,25,14,31,22,12,9,47,34,18,23,39,1,36,6,16,45,43,41,17,3,24,10,32,13,42,35,28,5,48,49,40,46,21,30,20,44,37,38,29,8,19,27,7,33,11,2,15,26,4,
2342,122.04366493225098,59372.06800000001,59372.06800000001,0,25,14,31,22,12,9,47,34,18,23,39,1,36,6,16,45,43,41,17,3,24,10,32,13,42,35,28,5,48,49,40,46,21,30,20,44,37,38,29,8,19,27,7,33,11,2,15,26,4,
2343,122.06966280937195,59372.06800000001,59372.06800000001,0,25,14,31,22,12,9,47,34,18,23,39,1,36,6,16,45,43,41,17,3,24,10,32,13,42,35,28,5,48,49,40,46,21,30,20,44,37,38,29,8,19,27,7,33,11,2,15,26,4,
2344,122.09466409683228,59372.06800000001,59372.06800000001,0,25,14,31,22,12,9,47,34,18,23,39,1,36,6,16,45,43,41,17,3,24,10,32,13,42,35,28,5,48,49,40,46,21,30,20,44,37,38,29,8,19,27,7,33,11,2,15,26,4,
2345,122.11869597434998,59372.06800000001,59372.06800000001,0,25,14,31,22,12,9,47,34,18,23,39,1,36,6,16,45,43,41,17,3,24,10,32,13,42,35,28,5,48,49,40,46,21,30,20,44,37,38,29,8,19,27,7,33,11,2,15,26,4,
2346,122.14573001861572,59372.06800000001,59372.06800000001,0,25,14,31,22,12,9,47,34,18,23,39,1,36,6,16,45,43,41,17,3,24,10,32,13,42,35,28,5,48,49,40,46,21,30,20,44,37,38,29,8,19,27,7,33,11,2,15,26,4,
2347,122.16974067687988,59372.06800000001,59372.06800000001,0,25,14,31,22,12,9,47,34,18,23,39,1,36,6,16,45,43,41,17,3,24,10,32,13,42,35,28,5,48,49,40,46,21,30,20,44,37,38,29,8,19,27,7,33,11,2,15,26,4,
2348,122.19375538825989,59372.06800000001,59372.06800000001,0,25,14,31,22,12,9,47,34,18,23,39,1,36,6,16,45,43,41,17,3,24,10,32,13,42,35,28,5,48,49,40,46,21,30,20,44,37,38,29,8,19,27,7,33,11,2,15,26,4,
2349,122.21879696846008,59372.06800000001,59372.06800000001,0,25,14,31,22,12,9,47,34,18,23,39,1,36,6,16,45,43,41,17,3,24,10,32,13,42,35,28,5,48,49,40,46,21,30,20,44,37,38,29,8,19,27,7,33,11,2,15,26,4,
2350,122.24276113510132,59372.06800000001,59372.06800000001,0,25,14,31,22,12,9,47,34,18,23,39,1,36,6,16,45,43,41,17,3,24,10,32,13,42,35,28,5,48,49,40,46,21,30,20,44,37,38,29,8,19,27,7,33,11,2,15,26,4,
2351,122.26579666137695,59372.06800000001,59372.06800000001,0,25,14,31,22,12,9,47,34,18,23,39,1,36,6,16,45,43,41,17,3,24,10,32,13,42,35,28,5,48,49,40,46,21,30,20,44,37,38,29,8,19,27,7,33,11,2,15,26,4,
2352,122.29079151153564,59372.06800000001,59372.06800000001,0,25,14,31,22,12,9,47,34,18,23,39,1,36,6,16,45,43,41,17,3,24,10,32,13,42,35,28,5,48,49,40,46,21,30,20,44,37,38,29,8,19,27,7,33,11,2,15,26,4,
2353,122.3157901763916,59372.06800000001,59372.06800000001,0,25,14,31,22,12,9,47,34,18,23,39,1,36,6,16,45,43,41,17,3,24,10,32,13,42,35,28,5,48,49,40,46,21,30,20,44,37,38,29,8,19,27,7,33,11,2,15,26,4,
2354,122.33984327316284,59372.06800000001,59372.06800000001,0,25,14,31,22,12,9,47,34,18,23,39,1,36,6,16,45,43,41,17,3,24,10,32,13,42,35,28,5,48,49,40,46,21,30,20,44,37,38,29,8,19,27,7,33,11,2,15,26,4,
2355,122.36388516426086,59372.06800000001,59372.06800000001,0,25,14,31,22,12,9,47,34,18,23,39,1,36,6,16,45,43,41,17,3,24,10,32,13,42,35,28,5,48,49,40,46,21,30,20,44,37,38,29,8,19,27,7,33,11,2,15,26,4,
2356,122.38888120651245,59372.06800000001,59372.06800000001,0,25,14,31,22,12,9,47,34,18,23,39,1,36,6,16,45,43,41,17,3,24,10,32,13,42,35,28,5,48,49,40,46,21,30,20,44,37,38,29,8,19,27,7,33,11,2,15,26,4,
2357,122.4138879776001,59372.06800000001,59372.06800000001,0,25,14,31,22,12,9,47,34,18,23,39,1,36,6,16,45,43,41,17,3,24,10,32,13,42,35,28,5,48,49,40,46,21,30,20,44,37,38,29,8,19,27,7,33,11,2,15,26,4,
2358,122.43884611129761,59372.06800000001,59372.06800000001,0,25,14,31,22,12,9,47,34,18,23,39,1,36,6,16,45,43,41,17,3,24,10,32,13,42,35,28,5,48,49,40,46,21,30,20,44,37,38,29,8,19,27,7,33,11,2,15,26,4,
2359,122.46385908126831,59372.06800000001,59372.06800000001,0,25,14,31,22,12,9,47,34,18,23,39,1,36,6,16,45,43,41,17,3,24,10,32,13,42,35,28,5,48,49,40,46,21,30,20,44,37,38,29,8,19,27,7,33,11,2,15,26,4,
2360,122.48789381980896,59372.06800000001,59372.06800000001,0,25,14,31,22,12,9,47,34,18,23,39,1,36,6,16,45,43,41,17,3,24,10,32,13,42,35,28,5,48,49,40,46,21,30,20,44,37,38,29,8,19,27,7,33,11,2,15,26,4,
2361,122.51285243034363,59372.06800000001,59372.06800000001,0,25,14,31,22,12,9,47,34,18,23,39,1,36,6,16,45,43,41,17,3,24,10,32,13,42,35,28,5,48,49,40,46,21,30,20,44,37,38,29,8,19,27,7,33,11,2,15,26,4,
2362,122.53781652450562,59372.06800000001,59372.06800000001,0,25,14,31,22,12,9,47,34,18,23,39,1,36,6,16,45,43,41,17,3,24,10,32,13,42,35,28,5,48,49,40,46,21,30,20,44,37,38,29,8,19,27,7,33,11,2,15,26,4,
2363,122.56285452842712,59372.06800000001,59372.06800000001,0,25,14,31,22,12,9,47,34,18,23,39,1,36,6,16,45,43,41,17,3,24,10,32,13,42,35,28,5,48,49,40,46,21,30,20,44,37,38,29,8,19,27,7,33,11,2,15,26,4,
2364,122.58681726455688,59372.06800000001,59372.06800000001,0,25,14,31,22,12,9,47,34,18,23,39,1,36,6,16,45,43,41,17,3,24,10,32,13,42,35,28,5,48,49,40,46,21,30,20,44,37,38,29,8,19,27,7,33,11,2,15,26,4,
2365,122.61175751686096,59372.06800000001,59372.06800000001,0,25,14,31,22,12,9,47,34,18,23,39,1,36,6,16,45,43,41,17,3,24,10,32,13,42,35,28,5,48,49,40,46,21,30,20,44,37,38,29,8,19,27,7,33,11,2,15,26,4,
2366,122.63771796226501,59372.06800000001,59372.06800000001,0,25,14,31,22,12,9,47,34,18,23,39,1,36,6,16,45,43,41,17,3,24,10,32,13,42,35,28,5,48,49,40,46,21,30,20,44,37,38,29,8,19,27,7,33,11,2,15,26,4,
2367,122.6627185344696,59372.06800000001,59372.06800000001,0,25,14,31,22,12,9,47,34,18,23,39,1,36,6,16,45,43,41,17,3,24,10,32,13,42,35,28,5,48,49,40,46,21,30,20,44,37,38,29,8,19,27,7,33,11,2,15,26,4,
2368,122.68672943115234,59372.06800000001,59372.06800000001,0,25,14,31,22,12,9,47,34,18,23,39,1,36,6,16,45,43,41,17,3,24,10,32,13,42,35,28,5,48,49,40,46,21,30,20,44,37,38,29,8,19,27,7,33,11,2,15,26,4,
2369,122.71076726913452,59372.06800000001,59372.06800000001,0,25,14,31,22,12,9,47,34,18,23,39,1,36,6,16,45,43,41,17,3,24,10,32,13,42,35,28,5,48,49,40,46,21,30,20,44,37,38,29,8,19,27,7,33,11,2,15,26,4,
2370,122.73480916023254,59372.06800000001,59372.06800000001,0,25,14,31,22,12,9,47,34,18,23,39,1,36,6,16,45,43,41,17,3,24,10,32,13,42,35,28,5,48,49,40,46,21,30,20,44,37,38,29,8,19,27,7,33,11,2,15,26,4,
2371,122.76077222824097,59372.06800000001,59372.06800000001,0,25,14,31,22,12,9,47,34,18,23,39,1,36,6,16,45,43,41,17,3,24,10,32,13,42,35,28,5,48,49,40,46,21,30,20,44,37,38,29,8,19,27,7,33,11,2,15,26,4,
2372,122.78479862213135,59372.06800000001,59372.06800000001,0,25,14,31,22,12,9,47,34,18,23,39,1,36,6,16,45,43,41,17,3,24,10,32,13,42,35,28,5,48,49,40,46,21,30,20,44,37,38,29,8,19,27,7,33,11,2,15,26,4,
2373,122.80980277061462,59372.06800000001,59372.06800000001,0,25,14,31,22,12,9,47,34,18,23,39,1,36,6,16,45,43,41,17,3,24,10,32,13,42,35,28,5,48,49,40,46,21,30,20,44,37,38,29,8,19,27,7,33,11,2,15,26,4,
2374,122.83682799339294,59372.06800000001,59372.06800000001,0,25,14,31,22,12,9,47,34,18,23,39,1,36,6,16,45,43,41,17,3,24,10,32,13,42,35,28,5,48,49,40,46,21,30,20,44,37,38,29,8,19,27,7,33,11,2,15,26,4,
2375,122.86379647254944,59372.06800000001,59372.06800000001,0,25,14,31,22,12,9,47,34,18,23,39,1,36,6,16,45,43,41,17,3,24,10,32,13,42,35,28,5,48,49,40,46,21,30,20,44,37,38,29,8,19,27,7,33,11,2,15,26,4,
2376,122.88883566856384,59372.06800000001,59372.06800000001,0,25,14,31,22,12,9,47,34,18,23,39,1,36,6,16,45,43,41,17,3,24,10,32,13,42,35,28,5,48,49,40,46,21,30,20,44,37,38,29,8,19,27,7,33,11,2,15,26,4,
