# Student number: r0708518
# Iteration, Elapsed time, Mean value, Best value, Cycle
0,1.8283822536468506,247259.05334666668,65880.46299999999,0,15,2,11,33,26,25,14,31,22,17,41,6,45,16,1,36,43,39,23,18,12,47,34,24,3,9,10,28,35,42,13,32,5,48,46,40,49,21,30,20,44,37,38,29,19,27,8,7,4,
1,1.8683745861053467,205040.18238666668,65481.492999999995,0,2,11,33,7,15,25,14,31,22,17,41,6,45,16,1,36,43,39,23,18,12,47,34,24,3,9,10,28,35,42,13,32,5,48,46,40,49,21,30,20,44,37,38,29,19,27,8,26,4,
2,1.9074091911315918,171665.47773333333,65481.492999999995,0,2,11,33,7,15,25,14,31,22,17,41,6,45,16,1,36,43,39,23,18,12,47,34,24,3,9,10,28,35,42,13,32,5,48,46,40,49,21,30,20,44,37,38,29,19,27,8,26,4,
3,1.945448875427246,152304.56438666667,65481.492999999995,0,2,11,33,7,15,25,14,31,22,17,41,6,45,16,1,36,43,39,23,18,12,47,34,24,3,9,10,28,35,42,13,32,5,48,46,40,49,21,30,20,44,37,38,29,19,27,8,26,4,
4,1.984450340270996,143918.27183999997,65481.492999999995,0,2,11,33,7,15,25,14,31,22,17,41,6,45,16,1,36,43,39,23,18,12,47,34,24,3,9,10,28,35,42,13,32,5,48,46,40,49,21,30,20,44,37,38,29,19,27,8,26,4,
5,2.0235002040863037,122312.73521333332,65481.492999999995,0,2,11,33,7,15,25,14,31,22,17,41,6,45,16,1,36,43,39,23,18,12,47,34,24,3,9,10,28,35,42,13,32,5,48,46,40,49,21,30,20,44,37,38,29,19,27,8,26,4,
6,2.0635385513305664,118215.15329333332,65481.492999999995,0,2,11,33,7,15,25,14,31,22,17,41,6,45,16,1,36,43,39,23,18,12,47,34,24,3,9,10,28,35,42,13,32,5,48,46,40,49,21,30,20,44,37,38,29,19,27,8,26,4,
7,2.100496530532837,106634.10196000001,65481.492999999995,0,2,11,33,7,15,25,14,31,22,17,41,6,45,16,1,36,43,39,23,18,12,47,34,24,3,9,10,28,35,42,13,32,5,48,46,40,49,21,30,20,44,37,38,29,19,27,8,26,4,
8,2.139495849609375,103826.32342666667,65481.492999999995,0,2,11,33,7,15,25,14,31,22,17,41,6,45,16,1,36,43,39,23,18,12,47,34,24,3,9,10,28,35,42,13,32,5,48,46,40,49,21,30,20,44,37,38,29,19,27,8,26,4,
9,2.1865062713623047,96754.63310666666,65481.492999999995,0,2,11,33,7,15,25,14,31,22,17,41,6,45,16,1,36,43,39,23,18,12,47,34,24,3,9,10,28,35,42,13,32,5,48,46,40,49,21,30,20,44,37,38,29,19,27,8,26,4,
10,2.2275094985961914,94462.23645333333,65481.492999999995,0,2,11,33,7,15,25,14,31,22,17,41,6,45,16,1,36,43,39,23,18,12,47,34,24,3,9,10,28,35,42,13,32,5,48,46,40,49,21,30,20,44,37,38,29,19,27,8,26,4,
11,2.2655465602874756,84927.26150666666,65481.492999999995,0,2,11,33,7,15,25,14,31,22,17,41,6,45,16,1,36,43,39,23,18,12,47,34,24,3,9,10,28,35,42,13,32,5,48,46,40,49,21,30,20,44,37,38,29,19,27,8,26,4,
12,2.3025460243225098,78289.85449333333,65481.492999999995,0,2,11,33,7,15,25,14,31,22,17,41,6,45,16,1,36,43,39,23,18,12,47,34,24,3,9,10,28,35,42,13,32,5,48,46,40,49,21,30,20,44,37,38,29,19,27,8,26,4,
13,2.339543104171753,76620.72138666667,65481.492999999995,0,2,11,33,7,15,25,14,31,22,17,41,6,45,16,1,36,43,39,23,18,12,47,34,24,3,9,10,28,35,42,13,32,5,48,46,40,49,21,30,20,44,37,38,29,19,27,8,26,4,
14,2.3775010108947754,76127.40062666667,65481.492999999995,0,2,11,33,7,15,25,14,31,22,17,41,6,45,16,1,36,43,39,23,18,12,47,34,24,3,9,10,28,35,42,13,32,5,48,46,40,49,21,30,20,44,37,38,29,19,27,8,26,4,
15,2.4165000915527344,77867.34250666668,65481.492999999995,0,2,11,33,7,15,25,14,31,22,17,41,6,45,16,1,36,43,39,23,18,12,47,34,24,3,9,10,28,35,42,13,32,5,48,46,40,49,21,30,20,44,37,38,29,19,27,8,26,4,
16,2.453460931777954,82118.361,65481.492999999995,0,2,11,33,7,15,25,14,31,22,17,41,6,45,16,1,36,43,39,23,18,12,47,34,24,3,9,10,28,35,42,13,32,5,48,46,40,49,21,30,20,44,37,38,29,19,27,8,26,4,
17,2.490474224090576,85055.64350666666,65481.492999999995,0,2,11,33,7,15,25,14,31,22,17,41,6,45,16,1,36,43,39,23,18,12,47,34,24,3,9,10,28,35,42,13,32,5,48,46,40,49,21,30,20,44,37,38,29,19,27,8,26,4,
18,2.5295121669769287,84416.0828,65481.492999999995,0,2,11,33,7,15,25,14,31,22,17,41,6,45,16,1,36,43,39,23,18,12,47,34,24,3,9,10,28,35,42,13,32,5,48,46,40,49,21,30,20,44,37,38,29,19,27,8,26,4,
19,2.567526340484619,81260.08434666666,65481.492999999995,0,2,11,33,7,15,25,14,31,22,17,41,6,45,16,1,36,43,39,23,18,12,47,34,24,3,9,10,28,35,42,13,32,5,48,46,40,49,21,30,20,44,37,38,29,19,27,8,26,4,
20,2.6065750122070312,80081.61414666664,65481.492999999995,0,2,11,33,7,15,25,14,31,22,17,41,6,45,16,1,36,43,39,23,18,12,47,34,24,3,9,10,28,35,42,13,32,5,48,46,40,49,21,30,20,44,37,38,29,19,27,8,26,4,
21,2.6455328464508057,78054.18604,65481.492999999995,0,2,11,33,7,15,25,14,31,22,17,41,6,45,16,1,36,43,39,23,18,12,47,34,24,3,9,10,28,35,42,13,32,5,48,46,40,49,21,30,20,44,37,38,29,19,27,8,26,4,
22,2.682530641555786,79694.07346666667,65481.492999999995,0,2,11,33,7,15,25,14,31,22,17,41,6,45,16,1,36,43,39,23,18,12,47,34,24,3,9,10,28,35,42,13,32,5,48,46,40,49,21,30,20,44,37,38,29,19,27,8,26,4,
23,2.720493793487549,80047.94657333332,65481.492999999995,0,2,11,33,7,15,25,14,31,22,17,41,6,45,16,1,36,43,39,23,18,12,47,34,24,3,9,10,28,35,42,13,32,5,48,46,40,49,21,30,20,44,37,38,29,19,27,8,26,4,
24,2.7584640979766846,80124.96476,65481.492999999995,0,2,11,33,7,15,25,14,31,22,17,41,6,45,16,1,36,43,39,23,18,12,47,34,24,3,9,10,28,35,42,13,32,5,48,46,40,49,21,30,20,44,37,38,29,19,27,8,26,4,
25,2.795469284057617,87988.81013333333,65481.492999999995,0,2,11,33,7,15,25,14,31,22,17,41,6,45,16,1,36,43,39,23,18,12,47,34,24,3,9,10,28,35,42,13,32,5,48,46,40,49,21,30,20,44,37,38,29,19,27,8,26,4,
26,2.833427906036377,82540.94413333332,65481.492999999995,0,2,11,33,7,15,25,14,31,22,17,41,6,45,16,1,36,43,39,23,18,12,47,34,24,3,9,10,28,35,42,13,32,5,48,46,40,49,21,30,20,44,37,38,29,19,27,8,26,4,
27,2.8714818954467773,84257.09545333333,65481.492999999995,0,2,11,33,7,15,25,14,31,22,17,41,6,45,16,1,36,43,39,23,18,12,47,34,24,3,9,10,28,35,42,13,32,5,48,46,40,49,21,30,20,44,37,38,29,19,27,8,26,4,
28,2.9094772338867188,78508.97231999999,65481.492999999995,0,2,11,33,7,15,25,14,31,22,17,41,6,45,16,1,36,43,39,23,18,12,47,34,24,3,9,10,28,35,42,13,32,5,48,46,40,49,21,30,20,44,37,38,29,19,27,8,26,4,
29,2.9464871883392334,83766.46286666667,65481.492999999995,0,2,11,33,7,15,25,14,31,22,17,41,6,45,16,1,36,43,39,23,18,12,47,34,24,3,9,10,28,35,42,13,32,5,48,46,40,49,21,30,20,44,37,38,29,19,27,8,26,4,
30,2.9845268726348877,86540.22358666666,65481.492999999995,0,2,11,33,7,15,25,14,31,22,17,41,6,45,16,1,36,43,39,23,18,12,47,34,24,3,9,10,28,35,42,13,32,5,48,46,40,49,21,30,20,44,37,38,29,19,27,8,26,4,
31,3.022529125213623,82963.99442666666,65481.492999999995,0,2,11,33,7,15,25,14,31,22,17,41,6,45,16,1,36,43,39,23,18,12,47,34,24,3,9,10,28,35,42,13,32,5,48,46,40,49,21,30,20,44,37,38,29,19,27,8,26,4,
32,3.0594899654388428,82797.28328,65481.492999999995,0,2,11,33,7,15,25,14,31,22,17,41,6,45,16,1,36,43,39,23,18,12,47,34,24,3,9,10,28,35,42,13,32,5,48,46,40,49,21,30,20,44,37,38,29,19,27,8,26,4,
33,3.1194236278533936,79619.86634666666,65481.492999999995,0,2,11,33,7,15,25,14,31,22,17,41,6,45,16,1,36,43,39,23,18,12,47,34,24,3,9,10,28,35,42,13,32,5,48,46,40,49,21,30,20,44,37,38,29,19,27,8,26,4,
34,3.156421184539795,79897.47148,65481.492999999995,0,2,11,33,7,15,25,14,31,22,17,41,6,45,16,1,36,43,39,23,18,12,47,34,24,3,9,10,28,35,42,13,32,5,48,46,40,49,21,30,20,44,37,38,29,19,27,8,26,4,
35,3.1924188137054443,76407.68817333333,65481.492999999995,0,2,11,33,7,15,25,14,31,22,17,41,6,45,16,1,36,43,39,23,18,12,47,34,24,3,9,10,28,35,42,13,32,5,48,46,40,49,21,30,20,44,37,38,29,19,27,8,26,4,
36,3.2304587364196777,76081.73172,65481.492999999995,0,2,11,33,7,15,25,14,31,22,17,41,6,45,16,1,36,43,39,23,18,12,47,34,24,3,9,10,28,35,42,13,32,5,48,46,40,49,21,30,20,44,37,38,29,19,27,8,26,4,
37,3.2684578895568848,76757.44469333332,65481.492999999995,0,2,11,33,7,15,25,14,31,22,17,41,6,45,16,1,36,43,39,23,18,12,47,34,24,3,9,10,28,35,42,13,32,5,48,46,40,49,21,30,20,44,37,38,29,19,27,8,26,4,
38,3.3054628372192383,77816.58406666666,65481.492999999995,0,2,11,33,7,15,25,14,31,22,17,41,6,45,16,1,36,43,39,23,18,12,47,34,24,3,9,10,28,35,42,13,32,5,48,46,40,49,21,30,20,44,37,38,29,19,27,8,26,4,
39,3.3434243202209473,76784.23789333332,65481.492999999995,0,2,11,33,7,15,25,14,31,22,17,41,6,45,16,1,36,43,39,23,18,12,47,34,24,3,9,10,28,35,42,13,32,5,48,46,40,49,21,30,20,44,37,38,29,19,27,8,26,4,
40,3.380384683609009,76029.32314666669,65481.492999999995,0,2,11,33,7,15,25,14,31,22,17,41,6,45,16,1,36,43,39,23,18,12,47,34,24,3,9,10,28,35,42,13,32,5,48,46,40,49,21,30,20,44,37,38,29,19,27,8,26,4,
41,3.4193832874298096,74911.33345333333,65481.492999999995,0,2,11,33,7,15,25,14,31,22,17,41,6,45,16,1,36,43,39,23,18,12,47,34,24,3,9,10,28,35,42,13,32,5,48,46,40,49,21,30,20,44,37,38,29,19,27,8,26,4,
42,3.4554221630096436,74100.29260000002,65481.492999999995,0,2,11,33,7,15,25,14,31,22,17,41,6,45,16,1,36,43,39,23,18,12,47,34,24,3,9,10,28,35,42,13,32,5,48,46,40,49,21,30,20,44,37,38,29,19,27,8,26,4,
43,3.494422435760498,76167.62881333333,64637.66299999999,0,25,14,31,22,17,41,6,45,16,1,36,43,39,23,18,12,47,34,24,3,9,10,28,35,42,13,32,5,48,46,40,49,21,30,20,44,37,38,29,19,27,8,26,4,2,11,33,7,15,
44,3.5334136486053467,75166.95464,64637.66299999999,0,25,14,31,22,17,41,6,45,16,1,36,43,39,23,18,12,47,34,24,3,9,10,28,35,42,13,32,5,48,46,40,49,21,30,20,44,37,38,29,19,27,8,26,4,2,11,33,7,15,
45,3.572413206100464,86134.09752000001,64637.66299999999,0,25,14,31,22,17,41,6,45,16,1,36,43,39,23,18,12,47,34,24,3,9,10,28,35,42,13,32,5,48,46,40,49,21,30,20,44,37,38,29,19,27,8,26,4,2,11,33,7,15,
46,3.6104142665863037,88613.06196,64637.66299999999,0,25,14,31,22,17,41,6,45,16,1,36,43,39,23,18,12,47,34,24,3,9,10,28,35,42,13,32,5,48,46,40,49,21,30,20,44,37,38,29,19,27,8,26,4,2,11,33,7,15,
47,3.647366523742676,92634.34574666667,64637.66299999999,0,25,14,31,22,17,41,6,45,16,1,36,43,39,23,18,12,47,34,24,3,9,10,28,35,42,13,32,5,48,46,40,49,21,30,20,44,37,38,29,19,27,8,26,4,2,11,33,7,15,
48,3.690355062484741,89881.22009333334,64637.66299999999,0,25,14,31,22,17,41,6,45,16,1,36,43,39,23,18,12,47,34,24,3,9,10,28,35,42,13,32,5,48,46,40,49,21,30,20,44,37,38,29,19,27,8,26,4,2,11,33,7,15,
49,3.730355739593506,83366.79854666666,64637.66299999999,0,25,14,31,22,17,41,6,45,16,1,36,43,39,23,18,12,47,34,24,3,9,10,28,35,42,13,32,5,48,46,40,49,21,30,20,44,37,38,29,19,27,8,26,4,2,11,33,7,15,
50,3.7703697681427,85071.64026666667,64637.66299999999,0,25,14,31,22,17,41,6,45,16,1,36,43,39,23,18,12,47,34,24,3,9,10,28,35,42,13,32,5,48,46,40,49,21,30,20,44,37,38,29,19,27,8,26,4,2,11,33,7,15,
51,3.81036639213562,89635.87471999999,64637.66299999999,0,25,14,31,22,17,41,6,45,16,1,36,43,39,23,18,12,47,34,24,3,9,10,28,35,42,13,32,5,48,46,40,49,21,30,20,44,37,38,29,19,27,8,26,4,2,11,33,7,15,
52,3.8494176864624023,85244.77713333335,64637.66299999999,0,25,14,31,22,17,41,6,45,16,1,36,43,39,23,18,12,47,34,24,3,9,10,28,35,42,13,32,5,48,46,40,49,21,30,20,44,37,38,29,19,27,8,26,4,2,11,33,7,15,
53,3.8894166946411133,91051.78582666666,64637.66299999999,0,25,14,31,22,17,41,6,45,16,1,36,43,39,23,18,12,47,34,24,3,9,10,28,35,42,13,32,5,48,46,40,49,21,30,20,44,37,38,29,19,27,8,26,4,2,11,33,7,15,
54,3.9284145832061768,91705.15854666666,64637.66299999999,0,25,14,31,22,17,41,6,45,16,1,36,43,39,23,18,12,47,34,24,3,9,10,28,35,42,13,32,5,48,46,40,49,21,30,20,44,37,38,29,19,27,8,26,4,2,11,33,7,15,
55,3.967409372329712,78693.50906666665,64637.66299999999,0,25,14,31,22,17,41,6,45,16,1,36,43,39,23,18,12,47,34,24,3,9,10,28,35,42,13,32,5,48,46,40,49,21,30,20,44,37,38,29,19,27,8,26,4,2,11,33,7,15,
56,4.004411697387695,77094.10394666666,64637.66299999999,0,25,14,31,22,17,41,6,45,16,1,36,43,39,23,18,12,47,34,24,3,9,10,28,35,42,13,32,5,48,46,40,49,21,30,20,44,37,38,29,19,27,8,26,4,2,11,33,7,15,
57,4.041370391845703,75590.92375999999,64637.66299999999,0,25,14,31,22,17,41,6,45,16,1,36,43,39,23,18,12,47,34,24,3,9,10,28,35,42,13,32,5,48,46,40,49,21,30,20,44,37,38,29,19,27,8,26,4,2,11,33,7,15,
58,4.07736873626709,76448.19223999999,64637.66299999999,0,25,14,31,22,17,41,6,45,16,1,36,43,39,23,18,12,47,34,24,3,9,10,28,35,42,13,32,5,48,46,40,49,21,30,20,44,37,38,29,19,27,8,26,4,2,11,33,7,15,
59,4.115368843078613,73150.7086,64637.66299999999,0,25,14,31,22,17,41,6,45,16,1,36,43,39,23,18,12,47,34,24,3,9,10,28,35,42,13,32,5,48,46,40,49,21,30,20,44,37,38,29,19,27,8,26,4,2,11,33,7,15,
60,4.152324914932251,72785.30725333333,64637.66299999999,0,25,14,31,22,17,41,6,45,16,1,36,43,39,23,18,12,47,34,24,3,9,10,28,35,42,13,32,5,48,46,40,49,21,30,20,44,37,38,29,19,27,8,26,4,2,11,33,7,15,
61,4.192284107208252,74839.42934666667,64637.66299999999,0,25,14,31,22,17,41,6,45,16,1,36,43,39,23,18,12,47,34,24,3,9,10,28,35,42,13,32,5,48,46,40,49,21,30,20,44,37,38,29,19,27,8,26,4,2,11,33,7,15,
62,4.230340003967285,76647.16406666666,64637.66299999999,0,25,14,31,22,17,41,6,45,16,1,36,43,39,23,18,12,47,34,24,3,9,10,28,35,42,13,32,5,48,46,40,49,21,30,20,44,37,38,29,19,27,8,26,4,2,11,33,7,15,
63,4.268300771713257,78760.60730666664,64637.66299999999,0,25,14,31,22,17,41,6,45,16,1,36,43,39,23,18,12,47,34,24,3,9,10,28,35,42,13,32,5,48,46,40,49,21,30,20,44,37,38,29,19,27,8,26,4,2,11,33,7,15,
64,4.306300640106201,81763.13037333332,64637.66299999999,0,25,14,31,22,17,41,6,45,16,1,36,43,39,23,18,12,47,34,24,3,9,10,28,35,42,13,32,5,48,46,40,49,21,30,20,44,37,38,29,19,27,8,26,4,2,11,33,7,15,
65,4.343301296234131,77089.13979999998,64637.66299999999,0,25,14,31,22,17,41,6,45,16,1,36,43,39,23,18,12,47,34,24,3,9,10,28,35,42,13,32,5,48,46,40,49,21,30,20,44,37,38,29,19,27,8,26,4,2,11,33,7,15,
66,4.379302024841309,80378.06270666668,64637.66299999999,0,25,14,31,22,17,41,6,45,16,1,36,43,39,23,18,12,47,34,24,3,9,10,28,35,42,13,32,5,48,46,40,49,21,30,20,44,37,38,29,19,27,8,26,4,2,11,33,7,15,
67,4.418265104293823,78748.82238666667,64637.66299999999,0,25,14,31,22,17,41,6,45,16,1,36,43,39,23,18,12,47,34,24,3,9,10,28,35,42,13,32,5,48,46,40,49,21,30,20,44,37,38,29,19,27,8,26,4,2,11,33,7,15,
68,4.456280469894409,80350.69256,64637.66299999999,0,25,14,31,22,17,41,6,45,16,1,36,43,39,23,18,12,47,34,24,3,9,10,28,35,42,13,32,5,48,46,40,49,21,30,20,44,37,38,29,19,27,8,26,4,2,11,33,7,15,
69,4.491246938705444,78840.5862,64637.66299999999,0,25,14,31,22,17,41,6,45,16,1,36,43,39,23,18,12,47,34,24,3,9,10,28,35,42,13,32,5,48,46,40,49,21,30,20,44,37,38,29,19,27,8,26,4,2,11,33,7,15,
70,4.527288198471069,80901.54961333332,64637.66299999999,0,25,14,31,22,17,41,6,45,16,1,36,43,39,23,18,12,47,34,24,3,9,10,28,35,42,13,32,5,48,46,40,49,21,30,20,44,37,38,29,19,27,8,26,4,2,11,33,7,15,
71,4.564329147338867,81465.84311999999,64637.66299999999,0,25,14,31,22,17,41,6,45,16,1,36,43,39,23,18,12,47,34,24,3,9,10,28,35,42,13,32,5,48,46,40,49,21,30,20,44,37,38,29,19,27,8,26,4,2,11,33,7,15,
72,4.60133171081543,79046.52285333333,64637.66299999999,0,25,14,31,22,17,41,6,45,16,1,36,43,39,23,18,12,47,34,24,3,9,10,28,35,42,13,32,5,48,46,40,49,21,30,20,44,37,38,29,19,27,8,26,4,2,11,33,7,15,
73,4.6382951736450195,81316.21930666665,64637.66299999999,0,25,14,31,22,17,41,6,45,16,1,36,43,39,23,18,12,47,34,24,3,9,10,28,35,42,13,32,5,48,46,40,49,21,30,20,44,37,38,29,19,27,8,26,4,2,11,33,7,15,
74,4.675255537033081,80319.4886,64637.66299999999,0,25,14,31,22,17,41,6,45,16,1,36,43,39,23,18,12,47,34,24,3,9,10,28,35,42,13,32,5,48,46,40,49,21,30,20,44,37,38,29,19,27,8,26,4,2,11,33,7,15,
75,4.7142555713653564,82905.57415999999,64637.66299999999,0,25,14,31,22,17,41,6,45,16,1,36,43,39,23,18,12,47,34,24,3,9,10,28,35,42,13,32,5,48,46,40,49,21,30,20,44,37,38,29,19,27,8,26,4,2,11,33,7,15,
76,4.752294301986694,84286.59362666665,64637.66299999999,0,25,14,31,22,17,41,6,45,16,1,36,43,39,23,18,12,47,34,24,3,9,10,28,35,42,13,32,5,48,46,40,49,21,30,20,44,37,38,29,19,27,8,26,4,2,11,33,7,15,
77,4.789336919784546,80041.15474666665,64637.66299999999,0,25,14,31,22,17,41,6,45,16,1,36,43,39,23,18,12,47,34,24,3,9,10,28,35,42,13,32,5,48,46,40,49,21,30,20,44,37,38,29,19,27,8,26,4,2,11,33,7,15,
78,4.827371120452881,82574.35175999999,64637.66299999999,0,25,14,31,22,17,41,6,45,16,1,36,43,39,23,18,12,47,34,24,3,9,10,28,35,42,13,32,5,48,46,40,49,21,30,20,44,37,38,29,19,27,8,26,4,2,11,33,7,15,
79,4.8644092082977295,81729.65234666665,64637.66299999999,0,25,14,31,22,17,41,6,45,16,1,36,43,39,23,18,12,47,34,24,3,9,10,28,35,42,13,32,5,48,46,40,49,21,30,20,44,37,38,29,19,27,8,26,4,2,11,33,7,15,
80,4.904402732849121,82516.52767999998,64637.66299999999,0,25,14,31,22,17,41,6,45,16,1,36,43,39,23,18,12,47,34,24,3,9,10,28,35,42,13,32,5,48,46,40,49,21,30,20,44,37,38,29,19,27,8,26,4,2,11,33,7,15,
81,4.942407608032227,79666.38646666665,64637.66299999999,0,25,14,31,22,17,41,6,45,16,1,36,43,39,23,18,12,47,34,24,3,9,10,28,35,42,13,32,5,48,46,40,49,21,30,20,44,37,38,29,19,27,8,26,4,2,11,33,7,15,
82,4.980446100234985,80887.10254666665,64637.66299999999,0,25,14,31,22,17,41,6,45,16,1,36,43,39,23,18,12,47,34,24,3,9,10,28,35,42,13,32,5,48,46,40,49,21,30,20,44,37,38,29,19,27,8,26,4,2,11,33,7,15,
83,5.018445014953613,82072.93552,64637.66299999999,0,25,14,31,22,17,41,6,45,16,1,36,43,39,23,18,12,47,34,24,3,9,10,28,35,42,13,32,5,48,46,40,49,21,30,20,44,37,38,29,19,27,8,26,4,2,11,33,7,15,
84,5.055455684661865,80238.77788,64637.66299999999,0,25,14,31,22,17,41,6,45,16,1,36,43,39,23,18,12,47,34,24,3,9,10,28,35,42,13,32,5,48,46,40,49,21,30,20,44,37,38,29,19,27,8,26,4,2,11,33,7,15,
85,5.092420339584351,81961.01262666665,64637.66299999999,0,25,14,31,22,17,41,6,45,16,1,36,43,39,23,18,12,47,34,24,3,9,10,28,35,42,13,32,5,48,46,40,49,21,30,20,44,37,38,29,19,27,8,26,4,2,11,33,7,15,
86,5.130420446395874,80762.66502666665,64637.66299999999,0,25,14,31,22,17,41,6,45,16,1,36,43,39,23,18,12,47,34,24,3,9,10,28,35,42,13,32,5,48,46,40,49,21,30,20,44,37,38,29,19,27,8,26,4,2,11,33,7,15,
87,5.168421030044556,81257.0064533333,64637.66299999999,0,25,14,31,22,17,41,6,45,16,1,36,43,39,23,18,12,47,34,24,3,9,10,28,35,42,13,32,5,48,46,40,49,21,30,20,44,37,38,29,19,27,8,26,4,2,11,33,7,15,
88,5.205415725708008,79785.31854666665,64637.66299999999,0,25,14,31,22,17,41,6,45,16,1,36,43,39,23,18,12,47,34,24,3,9,10,28,35,42,13,32,5,48,46,40,49,21,30,20,44,37,38,29,19,27,8,26,4,2,11,33,7,15,
89,5.243458032608032,82415.83241333332,64637.66299999999,0,25,14,31,22,17,41,6,45,16,1,36,43,39,23,18,12,47,34,24,3,9,10,28,35,42,13,32,5,48,46,40,49,21,30,20,44,37,38,29,19,27,8,26,4,2,11,33,7,15,
90,5.280468463897705,83098.23419999999,64637.66299999999,0,25,14,31,22,17,41,6,45,16,1,36,43,39,23,18,12,47,34,24,3,9,10,28,35,42,13,32,5,48,46,40,49,21,30,20,44,37,38,29,19,27,8,26,4,2,11,33,7,15,
91,5.317466735839844,81419.03737333333,64637.66299999999,0,25,14,31,22,17,41,6,45,16,1,36,43,39,23,18,12,47,34,24,3,9,10,28,35,42,13,32,5,48,46,40,49,21,30,20,44,37,38,29,19,27,8,26,4,2,11,33,7,15,
92,5.3664655685424805,84591.60091999998,64637.66299999999,0,25,14,31,22,17,41,6,45,16,1,36,43,39,23,18,12,47,34,24,3,9,10,28,35,42,13,32,5,48,46,40,49,21,30,20,44,37,38,29,19,27,8,26,4,2,11,33,7,15,
93,5.404461145401001,82477.72363999998,64637.66299999999,0,25,14,31,22,17,41,6,45,16,1,36,43,39,23,18,12,47,34,24,3,9,10,28,35,42,13,32,5,48,46,40,49,21,30,20,44,37,38,29,19,27,8,26,4,2,11,33,7,15,
94,5.442462682723999,81923.24896,64637.66299999999,0,25,14,31,22,17,41,6,45,16,1,36,43,39,23,18,12,47,34,24,3,9,10,28,35,42,13,32,5,48,46,40,49,21,30,20,44,37,38,29,19,27,8,26,4,2,11,33,7,15,
95,5.480461835861206,82305.78882666664,64637.66299999999,0,25,14,31,22,17,41,6,45,16,1,36,43,39,23,18,12,47,34,24,3,9,10,28,35,42,13,32,5,48,46,40,49,21,30,20,44,37,38,29,19,27,8,26,4,2,11,33,7,15,
96,5.518467903137207,81291.97878666666,64637.66299999999,0,25,14,31,22,17,41,6,45,16,1,36,43,39,23,18,12,47,34,24,3,9,10,28,35,42,13,32,5,48,46,40,49,21,30,20,44,37,38,29,19,27,8,26,4,2,11,33,7,15,
97,5.556509494781494,82736.54719999999,64637.66299999999,0,25,14,31,22,17,41,6,45,16,1,36,43,39,23,18,12,47,34,24,3,9,10,28,35,42,13,32,5,48,46,40,49,21,30,20,44,37,38,29,19,27,8,26,4,2,11,33,7,15,
98,5.593507289886475,83471.90558666666,64637.66299999999,0,25,14,31,22,17,41,6,45,16,1,36,43,39,23,18,12,47,34,24,3,9,10,28,35,42,13,32,5,48,46,40,49,21,30,20,44,37,38,29,19,27,8,26,4,2,11,33,7,15,
99,5.630550146102905,83971.44583999999,64637.66299999999,0,25,14,31,22,17,41,6,45,16,1,36,43,39,23,18,12,47,34,24,3,9,10,28,35,42,13,32,5,48,46,40,49,21,30,20,44,37,38,29,19,27,8,26,4,2,11,33,7,15,
100,5.66853928565979,83104.25077333332,64637.66299999999,0,25,14,31,22,17,41,6,45,16,1,36,43,39,23,18,12,47,34,24,3,9,10,28,35,42,13,32,5,48,46,40,49,21,30,20,44,37,38,29,19,27,8,26,4,2,11,33,7,15,
101,5.705507278442383,80150.31911999999,64637.66299999999,0,25,14,31,22,17,41,6,45,16,1,36,43,39,23,18,12,47,34,24,3,9,10,28,35,42,13,32,5,48,46,40,49,21,30,20,44,37,38,29,19,27,8,26,4,2,11,33,7,15,
102,5.74350380897522,85477.76782666666,64637.66299999999,0,25,14,31,22,17,41,6,45,16,1,36,43,39,23,18,12,47,34,24,3,9,10,28,35,42,13,32,5,48,46,40,49,21,30,20,44,37,38,29,19,27,8,26,4,2,11,33,7,15,
103,5.7825047969818115,83612.57041333332,64637.66299999999,0,25,14,31,22,17,41,6,45,16,1,36,43,39,23,18,12,47,34,24,3,9,10,28,35,42,13,32,5,48,46,40,49,21,30,20,44,37,38,29,19,27,8,26,4,2,11,33,7,15,
104,5.820467710494995,83892.12374666666,64637.66299999999,0,25,14,31,22,17,41,6,45,16,1,36,43,39,23,18,12,47,34,24,3,9,10,28,35,42,13,32,5,48,46,40,49,21,30,20,44,37,38,29,19,27,8,26,4,2,11,33,7,15,
105,5.85846471786499,80044.83195999998,64637.66299999999,0,25,14,31,22,17,41,6,45,16,1,36,43,39,23,18,12,47,34,24,3,9,10,28,35,42,13,32,5,48,46,40,49,21,30,20,44,37,38,29,19,27,8,26,4,2,11,33,7,15,
106,5.897464036941528,81271.85869333333,64637.66299999999,0,25,14,31,22,17,41,6,45,16,1,36,43,39,23,18,12,47,34,24,3,9,10,28,35,42,13,32,5,48,46,40,49,21,30,20,44,37,38,29,19,27,8,26,4,2,11,33,7,15,
107,5.935462236404419,81970.63113333331,64637.66299999999,0,25,14,31,22,17,41,6,45,16,1,36,43,39,23,18,12,47,34,24,3,9,10,28,35,42,13,32,5,48,46,40,49,21,30,20,44,37,38,29,19,27,8,26,4,2,11,33,7,15,
108,5.9714601039886475,82094.04950666666,64637.66299999999,0,25,14,31,22,17,41,6,45,16,1,36,43,39,23,18,12,47,34,24,3,9,10,28,35,42,13,32,5,48,46,40,49,21,30,20,44,37,38,29,19,27,8,26,4,2,11,33,7,15,
109,6.010459899902344,81594.64323999998,64637.66299999999,0,25,14,31,22,17,41,6,45,16,1,36,43,39,23,18,12,47,34,24,3,9,10,28,35,42,13,32,5,48,46,40,49,21,30,20,44,37,38,29,19,27,8,26,4,2,11,33,7,15,
110,6.04646110534668,79946.86895999999,64637.66299999999,0,25,14,31,22,17,41,6,45,16,1,36,43,39,23,18,12,47,34,24,3,9,10,28,35,42,13,32,5,48,46,40,49,21,30,20,44,37,38,29,19,27,8,26,4,2,11,33,7,15,
111,6.084461450576782,80297.09383999999,64637.66299999999,0,25,14,31,22,17,41,6,45,16,1,36,43,39,23,18,12,47,34,24,3,9,10,28,35,42,13,32,5,48,46,40,49,21,30,20,44,37,38,29,19,27,8,26,4,2,11,33,7,15,
112,6.121501684188843,78101.32882666666,64637.66299999999,0,25,14,31,22,17,41,6,45,16,1,36,43,39,23,18,12,47,34,24,3,9,10,28,35,42,13,32,5,48,46,40,49,21,30,20,44,37,38,29,19,27,8,26,4,2,11,33,7,15,
113,6.158460378646851,80457.20462666666,64637.66299999999,0,25,14,31,22,17,41,6,45,16,1,36,43,39,23,18,12,47,34,24,3,9,10,28,35,42,13,32,5,48,46,40,49,21,30,20,44,37,38,29,19,27,8,26,4,2,11,33,7,15,
114,6.197461366653442,78770.07945333332,64637.66299999999,0,25,14,31,22,17,41,6,45,16,1,36,43,39,23,18,12,47,34,24,3,9,10,28,35,42,13,32,5,48,46,40,49,21,30,20,44,37,38,29,19,27,8,26,4,2,11,33,7,15,
115,6.2334606647491455,81069.77523999999,64637.66299999999,0,25,14,31,22,17,41,6,45,16,1,36,43,39,23,18,12,47,34,24,3,9,10,28,35,42,13,32,5,48,46,40,49,21,30,20,44,37,38,29,19,27,8,26,4,2,11,33,7,15,
116,6.270459413528442,80593.79950666665,64637.66299999999,0,25,14,31,22,17,41,6,45,16,1,36,43,39,23,18,12,47,34,24,3,9,10,28,35,42,13,32,5,48,46,40,49,21,30,20,44,37,38,29,19,27,8,26,4,2,11,33,7,15,
117,6.3074564933776855,81513.55802666665,64637.66299999999,0,25,14,31,22,17,41,6,45,16,1,36,43,39,23,18,12,47,34,24,3,9,10,28,35,42,13,32,5,48,46,40,49,21,30,20,44,37,38,29,19,27,8,26,4,2,11,33,7,15,
118,6.3454909324646,81519.85342666664,64637.66299999999,0,25,14,31,22,17,41,6,45,16,1,36,43,39,23,18,12,47,34,24,3,9,10,28,35,42,13,32,5,48,46,40,49,21,30,20,44,37,38,29,19,27,8,26,4,2,11,33,7,15,
119,6.381500959396362,80550.88719999998,64637.66299999999,0,25,14,31,22,17,41,6,45,16,1,36,43,39,23,18,12,47,34,24,3,9,10,28,35,42,13,32,5,48,46,40,49,21,30,20,44,37,38,29,19,27,8,26,4,2,11,33,7,15,
120,6.419542074203491,81498.86366666666,64637.66299999999,0,25,14,31,22,17,41,6,45,16,1,36,43,39,23,18,12,47,34,24,3,9,10,28,35,42,13,32,5,48,46,40,49,21,30,20,44,37,38,29,19,27,8,26,4,2,11,33,7,15,
121,6.459555149078369,85094.76229333333,64637.66299999999,0,25,14,31,22,17,41,6,45,16,1,36,43,39,23,18,12,47,34,24,3,9,10,28,35,42,13,32,5,48,46,40,49,21,30,20,44,37,38,29,19,27,8,26,4,2,11,33,7,15,
122,6.497553586959839,86064.32251999999,64637.66299999999,0,25,14,31,22,17,41,6,45,16,1,36,43,39,23,18,12,47,34,24,3,9,10,28,35,42,13,32,5,48,46,40,49,21,30,20,44,37,38,29,19,27,8,26,4,2,11,33,7,15,
123,6.535513401031494,84790.64834666665,64637.66299999999,0,25,14,31,22,17,41,6,45,16,1,36,43,39,23,18,12,47,34,24,3,9,10,28,35,42,13,32,5,48,46,40,49,21,30,20,44,37,38,29,19,27,8,26,4,2,11,33,7,15,
124,6.57252311706543,84265.66845333333,64637.66299999999,0,25,14,31,22,17,41,6,45,16,1,36,43,39,23,18,12,47,34,24,3,9,10,28,35,42,13,32,5,48,46,40,49,21,30,20,44,37,38,29,19,27,8,26,4,2,11,33,7,15,
125,6.60951828956604,83036.66626666665,64637.66299999999,0,25,14,31,22,17,41,6,45,16,1,36,43,39,23,18,12,47,34,24,3,9,10,28,35,42,13,32,5,48,46,40,49,21,30,20,44,37,38,29,19,27,8,26,4,2,11,33,7,15,
126,6.644515514373779,80518.51396,64637.66299999999,0,25,14,31,22,17,41,6,45,16,1,36,43,39,23,18,12,47,34,24,3,9,10,28,35,42,13,32,5,48,46,40,49,21,30,20,44,37,38,29,19,27,8,26,4,2,11,33,7,15,
127,6.683513402938843,79339.10298666665,64637.66299999999,0,25,14,31,22,17,41,6,45,16,1,36,43,39,23,18,12,47,34,24,3,9,10,28,35,42,13,32,5,48,46,40,49,21,30,20,44,37,38,29,19,27,8,26,4,2,11,33,7,15,
128,6.725513696670532,78093.60409333333,64637.66299999999,0,25,14,31,22,17,41,6,45,16,1,36,43,39,23,18,12,47,34,24,3,9,10,28,35,42,13,32,5,48,46,40,49,21,30,20,44,37,38,29,19,27,8,26,4,2,11,33,7,15,
129,6.765515565872192,81332.31469333335,64637.66299999999,0,25,14,31,22,17,41,6,45,16,1,36,43,39,23,18,12,47,34,24,3,9,10,28,35,42,13,32,5,48,46,40,49,21,30,20,44,37,38,29,19,27,8,26,4,2,11,33,7,15,
130,6.80255389213562,84050.97167999999,64637.66299999999,0,25,14,31,22,17,41,6,45,16,1,36,43,39,23,18,12,47,34,24,3,9,10,28,35,42,13,32,5,48,46,40,49,21,30,20,44,37,38,29,19,27,8,26,4,2,11,33,7,15,
131,6.838510751724243,82055.75463999998,63940.372999999985,0,25,14,31,22,17,41,6,45,16,1,36,43,39,23,18,12,47,34,24,3,9,10,28,35,42,13,32,5,49,48,46,40,21,30,20,44,37,38,29,19,27,8,26,4,2,11,33,7,15,
132,6.874511003494263,81010.67313333333,63940.372999999985,0,25,14,31,22,17,41,6,45,16,1,36,43,39,23,18,12,47,34,24,3,9,10,28,35,42,13,32,5,49,48,46,40,21,30,20,44,37,38,29,19,27,8,26,4,2,11,33,7,15,
133,6.912511587142944,80815.14926666666,63809.653,0,25,14,31,22,17,41,6,45,16,1,36,43,39,23,18,12,47,34,24,3,9,10,28,35,42,13,32,5,48,49,40,46,21,30,20,44,37,38,29,19,27,8,26,4,2,11,33,7,15,
134,6.9525532722473145,79982.44617333333,63809.653,0,25,14,31,22,17,41,6,45,16,1,36,43,39,23,18,12,47,34,24,3,9,10,28,35,42,13,32,5,48,49,40,46,21,30,20,44,37,38,29,19,27,8,26,4,2,11,33,7,15,
135,6.9895524978637695,80557.59835999999,63809.653,0,25,14,31,22,17,41,6,45,16,1,36,43,39,23,18,12,47,34,24,3,9,10,28,35,42,13,32,5,48,49,40,46,21,30,20,44,37,38,29,19,27,8,26,4,2,11,33,7,15,
136,7.030511856079102,79591.74742666667,63809.653,0,25,14,31,22,17,41,6,45,16,1,36,43,39,23,18,12,47,34,24,3,9,10,28,35,42,13,32,5,48,49,40,46,21,30,20,44,37,38,29,19,27,8,26,4,2,11,33,7,15,
137,7.067515850067139,81788.07799999998,63809.653,0,25,14,31,22,17,41,6,45,16,1,36,43,39,23,18,12,47,34,24,3,9,10,28,35,42,13,32,5,48,49,40,46,21,30,20,44,37,38,29,19,27,8,26,4,2,11,33,7,15,
138,7.1064677238464355,78238.97674666665,63809.653,0,25,14,31,22,17,41,6,45,16,1,36,43,39,23,18,12,47,34,24,3,9,10,28,35,42,13,32,5,48,49,40,46,21,30,20,44,37,38,29,19,27,8,26,4,2,11,33,7,15,
139,7.145429849624634,77659.12217333332,63809.653,0,25,14,31,22,17,41,6,45,16,1,36,43,39,23,18,12,47,34,24,3,9,10,28,35,42,13,32,5,48,49,40,46,21,30,20,44,37,38,29,19,27,8,26,4,2,11,33,7,15,
140,7.182430028915405,79327.3308,63809.653,0,25,14,31,22,17,41,6,45,16,1,36,43,39,23,18,12,47,34,24,3,9,10,28,35,42,13,32,5,48,49,40,46,21,30,20,44,37,38,29,19,27,8,26,4,2,11,33,7,15,
141,7.21743106842041,77010.19070666665,63809.653,0,25,14,31,22,17,41,6,45,16,1,36,43,39,23,18,12,47,34,24,3,9,10,28,35,42,13,32,5,48,49,40,46,21,30,20,44,37,38,29,19,27,8,26,4,2,11,33,7,15,
142,7.255433559417725,82205.12109333332,63809.653,0,25,14,31,22,17,41,6,45,16,1,36,43,39,23,18,12,47,34,24,3,9,10,28,35,42,13,32,5,48,49,40,46,21,30,20,44,37,38,29,19,27,8,26,4,2,11,33,7,15,
143,7.295433759689331,84215.68712,63809.653,0,25,14,31,22,17,41,6,45,16,1,36,43,39,23,18,12,47,34,24,3,9,10,28,35,42,13,32,5,48,49,40,46,21,30,20,44,37,38,29,19,27,8,26,4,2,11,33,7,15,
144,7.332430362701416,83195.90782666666,63809.653,0,25,14,31,22,17,41,6,45,16,1,36,43,39,23,18,12,47,34,24,3,9,10,28,35,42,13,32,5,48,49,40,46,21,30,20,44,37,38,29,19,27,8,26,4,2,11,33,7,15,
145,7.369429349899292,81862.59618666668,63809.653,0,25,14,31,22,17,41,6,45,16,1,36,43,39,23,18,12,47,34,24,3,9,10,28,35,42,13,32,5,48,49,40,46,21,30,20,44,37,38,29,19,27,8,26,4,2,11,33,7,15,
146,7.406428337097168,82237.28365333332,63809.653,0,25,14,31,22,17,41,6,45,16,1,36,43,39,23,18,12,47,34,24,3,9,10,28,35,42,13,32,5,48,49,40,46,21,30,20,44,37,38,29,19,27,8,26,4,2,11,33,7,15,
147,7.442427635192871,80849.48045333334,63809.653,0,25,14,31,22,17,41,6,45,16,1,36,43,39,23,18,12,47,34,24,3,9,10,28,35,42,13,32,5,48,49,40,46,21,30,20,44,37,38,29,19,27,8,26,4,2,11,33,7,15,
148,7.481427907943726,82028.02468,63809.653,0,25,14,31,22,17,41,6,45,16,1,36,43,39,23,18,12,47,34,24,3,9,10,28,35,42,13,32,5,48,49,40,46,21,30,20,44,37,38,29,19,27,8,26,4,2,11,33,7,15,
149,7.519427537918091,82348.80734666667,63809.653,0,25,14,31,22,17,41,6,45,16,1,36,43,39,23,18,12,47,34,24,3,9,10,28,35,42,13,32,5,48,49,40,46,21,30,20,44,37,38,29,19,27,8,26,4,2,11,33,7,15,
150,7.558426856994629,82080.43316,63809.653,0,25,14,31,22,17,41,6,45,16,1,36,43,39,23,18,12,47,34,24,3,9,10,28,35,42,13,32,5,48,49,40,46,21,30,20,44,37,38,29,19,27,8,26,4,2,11,33,7,15,
151,7.596467018127441,82575.21756,63809.653,0,25,14,31,22,17,41,6,45,16,1,36,43,39,23,18,12,47,34,24,3,9,10,28,35,42,13,32,5,48,49,40,46,21,30,20,44,37,38,29,19,27,8,26,4,2,11,33,7,15,
152,7.633476495742798,82129.62426666667,63809.653,0,25,14,31,22,17,41,6,45,16,1,36,43,39,23,18,12,47,34,24,3,9,10,28,35,42,13,32,5,48,49,40,46,21,30,20,44,37,38,29,19,27,8,26,4,2,11,33,7,15,
153,7.670467138290405,77336.84141333333,63809.653,0,25,14,31,22,17,41,6,45,16,1,36,43,39,23,18,12,47,34,24,3,9,10,28,35,42,13,32,5,48,49,40,46,21,30,20,44,37,38,29,19,27,8,26,4,2,11,33,7,15,
154,7.707435131072998,82182.24756000002,63809.653,0,25,14,31,22,17,41,6,45,16,1,36,43,39,23,18,12,47,34,24,3,9,10,28,35,42,13,32,5,48,49,40,46,21,30,20,44,37,38,29,19,27,8,26,4,2,11,33,7,15,
155,7.744393825531006,81995.67360000001,63809.653,0,25,14,31,22,17,41,6,45,16,1,36,43,39,23,18,12,47,34,24,3,9,10,28,35,42,13,32,5,48,49,40,46,21,30,20,44,37,38,29,19,27,8,26,4,2,11,33,7,15,
156,7.7794411182403564,75690.92089333333,63809.653,0,25,14,31,22,17,41,6,45,16,1,36,43,39,23,18,12,47,34,24,3,9,10,28,35,42,13,32,5,48,49,40,46,21,30,20,44,37,38,29,19,27,8,26,4,2,11,33,7,15,
157,7.81646466255188,77681.94183999998,63809.653,0,25,14,31,22,17,41,6,45,16,1,36,43,39,23,18,12,47,34,24,3,9,10,28,35,42,13,32,5,48,49,40,46,21,30,20,44,37,38,29,19,27,8,26,4,2,11,33,7,15,
158,7.855462074279785,75873.78069333332,63809.653,0,25,14,31,22,17,41,6,45,16,1,36,43,39,23,18,12,47,34,24,3,9,10,28,35,42,13,32,5,48,49,40,46,21,30,20,44,37,38,29,19,27,8,26,4,2,11,33,7,15,
159,7.893463850021362,74708.52592,63809.653,0,25,14,31,22,17,41,6,45,16,1,36,43,39,23,18,12,47,34,24,3,9,10,28,35,42,13,32,5,48,49,40,46,21,30,20,44,37,38,29,19,27,8,26,4,2,11,33,7,15,
160,7.9315056800842285,72862.92761333333,63809.653,0,25,14,31,22,17,41,6,45,16,1,36,43,39,23,18,12,47,34,24,3,9,10,28,35,42,13,32,5,48,49,40,46,21,30,20,44,37,38,29,19,27,8,26,4,2,11,33,7,15,
161,7.969505071640015,75225.65374666668,63809.653,0,25,14,31,22,17,41,6,45,16,1,36,43,39,23,18,12,47,34,24,3,9,10,28,35,42,13,32,5,48,49,40,46,21,30,20,44,37,38,29,19,27,8,26,4,2,11,33,7,15,
162,8.006501913070679,76771.68298666668,63809.653,0,25,14,31,22,17,41,6,45,16,1,36,43,39,23,18,12,47,34,24,3,9,10,28,35,42,13,32,5,48,49,40,46,21,30,20,44,37,38,29,19,27,8,26,4,2,11,33,7,15,
163,8.044468879699707,75669.33130666666,63809.653,0,25,14,31,22,17,41,6,45,16,1,36,43,39,23,18,12,47,34,24,3,9,10,28,35,42,13,32,5,48,49,40,46,21,30,20,44,37,38,29,19,27,8,26,4,2,11,33,7,15,
164,8.083469867706299,77659.96837333334,63809.653,0,25,14,31,22,17,41,6,45,16,1,36,43,39,23,18,12,47,34,24,3,9,10,28,35,42,13,32,5,48,49,40,46,21,30,20,44,37,38,29,19,27,8,26,4,2,11,33,7,15,
165,8.122471332550049,75615.28210666668,63809.653,0,25,14,31,22,17,41,6,45,16,1,36,43,39,23,18,12,47,34,24,3,9,10,28,35,42,13,32,5,48,49,40,46,21,30,20,44,37,38,29,19,27,8,26,4,2,11,33,7,15,
166,8.160473346710205,76284.01757333333,63809.653,0,25,14,31,22,17,41,6,45,16,1,36,43,39,23,18,12,47,34,24,3,9,10,28,35,42,13,32,5,48,49,40,46,21,30,20,44,37,38,29,19,27,8,26,4,2,11,33,7,15,
167,8.197469472885132,81802.69810666668,63809.653,0,25,14,31,22,17,41,6,45,16,1,36,43,39,23,18,12,47,34,24,3,9,10,28,35,42,13,32,5,48,49,40,46,21,30,20,44,37,38,29,19,27,8,26,4,2,11,33,7,15,
168,8.235418558120728,76840.57299999999,63809.653,0,25,14,31,22,17,41,6,45,16,1,36,43,39,23,18,12,47,34,24,3,9,10,28,35,42,13,32,5,48,49,40,46,21,30,20,44,37,38,29,19,27,8,26,4,2,11,33,7,15,
169,8.273467779159546,77139.96225333335,63809.653,0,25,14,31,22,17,41,6,45,16,1,36,43,39,23,18,12,47,34,24,3,9,10,28,35,42,13,32,5,48,49,40,46,21,30,20,44,37,38,29,19,27,8,26,4,2,11,33,7,15,
170,8.309467077255249,78779.12688,63809.653,0,25,14,31,22,17,41,6,45,16,1,36,43,39,23,18,12,47,34,24,3,9,10,28,35,42,13,32,5,48,49,40,46,21,30,20,44,37,38,29,19,27,8,26,4,2,11,33,7,15,
171,8.346516132354736,82630.35121333333,63809.653,0,25,14,31,22,17,41,6,45,16,1,36,43,39,23,18,12,47,34,24,3,9,10,28,35,42,13,32,5,48,49,40,46,21,30,20,44,37,38,29,19,27,8,26,4,2,11,33,7,15,
172,8.384517669677734,83161.46302666666,63809.653,0,25,14,31,22,17,41,6,45,16,1,36,43,39,23,18,12,47,34,24,3,9,10,28,35,42,13,32,5,48,49,40,46,21,30,20,44,37,38,29,19,27,8,26,4,2,11,33,7,15,
173,8.421517610549927,83883.50818666667,63809.653,0,25,14,31,22,17,41,6,45,16,1,36,43,39,23,18,12,47,34,24,3,9,10,28,35,42,13,32,5,48,49,40,46,21,30,20,44,37,38,29,19,27,8,26,4,2,11,33,7,15,
174,8.459524869918823,82584.29014666668,63809.653,0,25,14,31,22,17,41,6,45,16,1,36,43,39,23,18,12,47,34,24,3,9,10,28,35,42,13,32,5,48,49,40,46,21,30,20,44,37,38,29,19,27,8,26,4,2,11,33,7,15,
175,8.496524572372437,81913.07184,63809.653,0,25,14,31,22,17,41,6,45,16,1,36,43,39,23,18,12,47,34,24,3,9,10,28,35,42,13,32,5,48,49,40,46,21,30,20,44,37,38,29,19,27,8,26,4,2,11,33,7,15,
176,8.534510850906372,84237.23902666668,63809.653,0,25,14,31,22,17,41,6,45,16,1,36,43,39,23,18,12,47,34,24,3,9,10,28,35,42,13,32,5,48,49,40,46,21,30,20,44,37,38,29,19,27,8,26,4,2,11,33,7,15,
177,8.572510004043579,81935.80716000001,63809.653,0,25,14,31,22,17,41,6,45,16,1,36,43,39,23,18,12,47,34,24,3,9,10,28,35,42,13,32,5,48,49,40,46,21,30,20,44,37,38,29,19,27,8,26,4,2,11,33,7,15,
178,8.609514713287354,83314.91180000002,63809.653,0,25,14,31,22,17,41,6,45,16,1,36,43,39,23,18,12,47,34,24,3,9,10,28,35,42,13,32,5,48,49,40,46,21,30,20,44,37,38,29,19,27,8,26,4,2,11,33,7,15,
179,8.646477222442627,81689.52608,63809.653,0,25,14,31,22,17,41,6,45,16,1,36,43,39,23,18,12,47,34,24,3,9,10,28,35,42,13,32,5,48,49,40,46,21,30,20,44,37,38,29,19,27,8,26,4,2,11,33,7,15,
180,8.686477661132812,80745.21029333334,63809.653,0,25,14,31,22,17,41,6,45,16,1,36,43,39,23,18,12,47,34,24,3,9,10,28,35,42,13,32,5,48,49,40,46,21,30,20,44,37,38,29,19,27,8,26,4,2,11,33,7,15,
181,8.723478078842163,78604.58309333333,63809.653,0,25,14,31,22,17,41,6,45,16,1,36,43,39,23,18,12,47,34,24,3,9,10,28,35,42,13,32,5,48,49,40,46,21,30,20,44,37,38,29,19,27,8,26,4,2,11,33,7,15,
182,8.761479377746582,77142.04850666666,63809.653,0,25,14,31,22,17,41,6,45,16,1,36,43,39,23,18,12,47,34,24,3,9,10,28,35,42,13,32,5,48,49,40,46,21,30,20,44,37,38,29,19,27,8,26,4,2,11,33,7,15,
183,8.798478841781616,79938.37108,63809.653,0,25,14,31,22,17,41,6,45,16,1,36,43,39,23,18,12,47,34,24,3,9,10,28,35,42,13,32,5,48,49,40,46,21,30,20,44,37,38,29,19,27,8,26,4,2,11,33,7,15,
184,8.835477113723755,79980.76325333334,63809.653,0,25,14,31,22,17,41,6,45,16,1,36,43,39,23,18,12,47,34,24,3,9,10,28,35,42,13,32,5,48,49,40,46,21,30,20,44,37,38,29,19,27,8,26,4,2,11,33,7,15,
185,8.874478101730347,83003.69312,63809.653,0,25,14,31,22,17,41,6,45,16,1,36,43,39,23,18,12,47,34,24,3,9,10,28,35,42,13,32,5,48,49,40,46,21,30,20,44,37,38,29,19,27,8,26,4,2,11,33,7,15,
186,8.912514209747314,85095.63522666667,63809.653,0,25,14,31,22,17,41,6,45,16,1,36,43,39,23,18,12,47,34,24,3,9,10,28,35,42,13,32,5,48,49,40,46,21,30,20,44,37,38,29,19,27,8,26,4,2,11,33,7,15,
187,8.951514720916748,83065.04761333333,63809.653,0,25,14,31,22,17,41,6,45,16,1,36,43,39,23,18,12,47,34,24,3,9,10,28,35,42,13,32,5,48,49,40,46,21,30,20,44,37,38,29,19,27,8,26,4,2,11,33,7,15,
188,8.989513158798218,85286.99264,63809.653,0,25,14,31,22,17,41,6,45,16,1,36,43,39,23,18,12,47,34,24,3,9,10,28,35,42,13,32,5,48,49,40,46,21,30,20,44,37,38,29,19,27,8,26,4,2,11,33,7,15,
189,9.027472734451294,80008.03976,63809.653,0,25,14,31,22,17,41,6,45,16,1,36,43,39,23,18,12,47,34,24,3,9,10,28,35,42,13,32,5,48,49,40,46,21,30,20,44,37,38,29,19,27,8,26,4,2,11,33,7,15,
190,9.064484596252441,77682.11925333332,63809.653,0,25,14,31,22,17,41,6,45,16,1,36,43,39,23,18,12,47,34,24,3,9,10,28,35,42,13,32,5,48,49,40,46,21,30,20,44,37,38,29,19,27,8,26,4,2,11,33,7,15,
191,9.100495100021362,81199.67580000001,63809.653,0,25,14,31,22,17,41,6,45,16,1,36,43,39,23,18,12,47,34,24,3,9,10,28,35,42,13,32,5,48,49,40,46,21,30,20,44,37,38,29,19,27,8,26,4,2,11,33,7,15,
192,9.138502597808838,81936.50136,63809.653,0,25,14,31,22,17,41,6,45,16,1,36,43,39,23,18,12,47,34,24,3,9,10,28,35,42,13,32,5,48,49,40,46,21,30,20,44,37,38,29,19,27,8,26,4,2,11,33,7,15,
193,9.175503253936768,82715.86825333333,63809.653,0,25,14,31,22,17,41,6,45,16,1,36,43,39,23,18,12,47,34,24,3,9,10,28,35,42,13,32,5,48,49,40,46,21,30,20,44,37,38,29,19,27,8,26,4,2,11,33,7,15,
194,9.213499307632446,86242.14237333335,63809.653,0,25,14,31,22,17,41,6,45,16,1,36,43,39,23,18,12,47,34,24,3,9,10,28,35,42,13,32,5,48,49,40,46,21,30,20,44,37,38,29,19,27,8,26,4,2,11,33,7,15,
195,9.250494003295898,83242.67958666668,63809.653,0,25,14,31,22,17,41,6,45,16,1,36,43,39,23,18,12,47,34,24,3,9,10,28,35,42,13,32,5,48,49,40,46,21,30,20,44,37,38,29,19,27,8,26,4,2,11,33,7,15,
196,9.289533138275146,79561.36430666667,63809.653,0,25,14,31,22,17,41,6,45,16,1,36,43,39,23,18,12,47,34,24,3,9,10,28,35,42,13,32,5,48,49,40,46,21,30,20,44,37,38,29,19,27,8,26,4,2,11,33,7,15,
197,9.3265860080719,82072.89968,63809.653,0,25,14,31,22,17,41,6,45,16,1,36,43,39,23,18,12,47,34,24,3,9,10,28,35,42,13,32,5,48,49,40,46,21,30,20,44,37,38,29,19,27,8,26,4,2,11,33,7,15,
198,9.36357307434082,79887.24554666667,63809.653,0,25,14,31,22,17,41,6,45,16,1,36,43,39,23,18,12,47,34,24,3,9,10,28,35,42,13,32,5,48,49,40,46,21,30,20,44,37,38,29,19,27,8,26,4,2,11,33,7,15,
199,11.680583477020264,78626.80043999999,63809.653,0,25,14,31,22,17,41,6,45,16,1,36,43,39,23,18,12,47,34,24,3,9,10,28,35,42,13,32,5,48,49,40,46,21,30,20,44,37,38,29,19,27,8,26,4,2,11,33,7,15,
200,11.716583728790283,81704.14954666665,63234.850999999995,0,25,14,31,22,17,41,6,45,16,1,36,43,39,23,18,12,47,34,9,3,24,10,28,35,42,13,32,5,48,49,40,46,21,30,20,44,37,38,29,19,27,8,26,4,2,11,33,7,15,
201,11.757582664489746,80163.8504,63234.850999999995,0,25,14,31,22,17,41,6,45,16,1,36,43,39,23,18,12,47,34,9,3,24,10,28,35,42,13,32,5,48,49,40,46,21,30,20,44,37,38,29,19,27,8,26,4,2,11,33,7,15,
202,11.79557991027832,81521.74231999999,63085.953,0,25,14,31,22,17,41,6,45,16,1,36,43,39,23,18,12,47,34,9,24,3,10,28,35,42,13,32,5,48,49,40,46,21,30,20,44,37,38,29,19,27,8,7,33,11,2,4,26,15,
203,11.835622310638428,80248.41697333334,63085.953,0,25,14,31,22,17,41,6,45,16,1,36,43,39,23,18,12,47,34,9,24,3,10,28,35,42,13,32,5,48,49,40,46,21,30,20,44,37,38,29,19,27,8,7,33,11,2,4,26,15,
204,11.871581792831421,81814.82806666665,62817.81100000001,0,25,14,31,22,17,41,6,45,16,1,36,43,39,23,18,12,47,34,9,3,24,10,28,35,42,13,32,5,48,49,40,46,21,30,20,44,37,38,29,19,27,8,7,33,11,2,4,26,15,
205,11.908592462539673,76904.27648,62817.81100000001,0,25,14,31,22,17,41,6,45,16,1,36,43,39,23,18,12,47,34,9,3,24,10,28,35,42,13,32,5,48,49,40,46,21,30,20,44,37,38,29,19,27,8,7,33,11,2,4,26,15,
206,11.94559645652771,77839.32201333331,62817.81100000001,0,25,14,31,22,17,41,6,45,16,1,36,43,39,23,18,12,47,34,9,3,24,10,28,35,42,13,32,5,48,49,40,46,21,30,20,44,37,38,29,19,27,8,7,33,11,2,4,26,15,
207,11.983635187149048,77397.03668,62817.81100000001,0,25,14,31,22,17,41,6,45,16,1,36,43,39,23,18,12,47,34,9,3,24,10,28,35,42,13,32,5,48,49,40,46,21,30,20,44,37,38,29,19,27,8,7,33,11,2,4,26,15,
208,12.020628452301025,79438.41886666667,62676.045000000006,0,25,14,31,22,17,41,6,45,16,1,36,43,39,23,18,12,47,34,9,3,24,10,28,42,13,32,35,5,48,49,40,46,21,30,20,44,37,38,29,19,27,8,7,33,11,2,4,26,15,
209,12.05659008026123,76880.66441333333,62676.045000000006,0,25,14,31,22,17,41,6,45,16,1,36,43,39,23,18,12,47,34,9,3,24,10,28,42,13,32,35,5,48,49,40,46,21,30,20,44,37,38,29,19,27,8,7,33,11,2,4,26,15,
210,12.095548391342163,76558.52274666667,62676.045000000006,0,25,14,31,22,17,41,6,45,16,1,36,43,39,23,18,12,47,34,9,3,24,10,28,42,13,32,35,5,48,49,40,46,21,30,20,44,37,38,29,19,27,8,7,33,11,2,4,26,15,
211,12.133549928665161,76011.03825333333,62676.045000000006,0,25,14,31,22,17,41,6,45,16,1,36,43,39,23,18,12,47,34,9,3,24,10,28,42,13,32,35,5,48,49,40,46,21,30,20,44,37,38,29,19,27,8,7,33,11,2,4,26,15,
212,12.173588752746582,82486.95370666668,62676.045000000006,0,25,14,31,22,17,41,6,45,16,1,36,43,39,23,18,12,47,34,9,3,24,10,28,42,13,32,35,5,48,49,40,46,21,30,20,44,37,38,29,19,27,8,7,33,11,2,4,26,15,
213,12.213549137115479,82594.73544000002,62676.045000000006,0,25,14,31,22,17,41,6,45,16,1,36,43,39,23,18,12,47,34,9,3,24,10,28,42,13,32,35,5,48,49,40,46,21,30,20,44,37,38,29,19,27,8,7,33,11,2,4,26,15,
214,12.250508308410645,82483.82249333334,61916.67100000002,0,25,14,31,22,17,41,6,45,16,1,36,43,39,23,18,12,47,34,9,3,24,10,28,35,42,13,32,5,48,49,40,46,21,30,20,44,37,38,29,19,27,8,7,33,11,2,15,26,4,
215,12.286471843719482,78194.15595999999,61774.90500000001,0,25,14,31,22,17,41,6,45,16,1,36,43,39,23,18,12,47,34,9,3,24,10,28,42,13,32,35,5,48,49,40,46,21,30,20,44,37,38,29,19,27,8,7,33,11,2,15,26,4,
216,12.323435306549072,77450.41045333333,61774.90500000001,0,25,14,31,22,17,41,6,45,16,1,36,43,39,23,18,12,47,34,9,3,24,10,28,42,13,32,35,5,48,49,40,46,21,30,20,44,37,38,29,19,27,8,7,33,11,2,15,26,4,
217,12.359431028366089,77603.57366666668,61774.90500000001,0,25,14,31,22,17,41,6,45,16,1,36,43,39,23,18,12,47,34,9,3,24,10,28,42,13,32,35,5,48,49,40,46,21,30,20,44,37,38,29,19,27,8,7,33,11,2,15,26,4,
218,12.397470474243164,79619.10801333333,61774.90500000001,0,25,14,31,22,17,41,6,45,16,1,36,43,39,23,18,12,47,34,9,3,24,10,28,42,13,32,35,5,48,49,40,46,21,30,20,44,37,38,29,19,27,8,7,33,11,2,15,26,4,
219,12.435428380966187,79202.52358666668,61774.90500000001,0,25,14,31,22,17,41,6,45,16,1,36,43,39,23,18,12,47,34,9,3,24,10,28,42,13,32,35,5,48,49,40,46,21,30,20,44,37,38,29,19,27,8,7,33,11,2,15,26,4,
220,12.473390102386475,77331.95918666669,61774.90500000001,0,25,14,31,22,17,41,6,45,16,1,36,43,39,23,18,12,47,34,9,3,24,10,28,42,13,32,35,5,48,49,40,46,21,30,20,44,37,38,29,19,27,8,7,33,11,2,15,26,4,
221,12.511393070220947,77570.26984000002,61774.90500000001,0,25,14,31,22,17,41,6,45,16,1,36,43,39,23,18,12,47,34,9,3,24,10,28,42,13,32,35,5,48,49,40,46,21,30,20,44,37,38,29,19,27,8,7,33,11,2,15,26,4,
222,12.549434661865234,76826.76796000001,61774.90500000001,0,25,14,31,22,17,41,6,45,16,1,36,43,39,23,18,12,47,34,9,3,24,10,28,42,13,32,35,5,48,49,40,46,21,30,20,44,37,38,29,19,27,8,7,33,11,2,15,26,4,
223,12.611480951309204,75466.4452,61774.90500000001,0,25,14,31,22,17,41,6,45,16,1,36,43,39,23,18,12,47,34,9,3,24,10,28,42,13,32,35,5,48,49,40,46,21,30,20,44,37,38,29,19,27,8,7,33,11,2,15,26,4,
224,12.652478218078613,76028.31230666667,61774.90500000001,0,25,14,31,22,17,41,6,45,16,1,36,43,39,23,18,12,47,34,9,3,24,10,28,42,13,32,35,5,48,49,40,46,21,30,20,44,37,38,29,19,27,8,7,33,11,2,15,26,4,
225,12.692442655563354,76976.70702666667,61774.90500000001,0,25,14,31,22,17,41,6,45,16,1,36,43,39,23,18,12,47,34,9,3,24,10,28,42,13,32,35,5,48,49,40,46,21,30,20,44,37,38,29,19,27,8,7,33,11,2,15,26,4,
226,12.736437797546387,76820.57161333333,61774.90500000001,0,25,14,31,22,17,41,6,45,16,1,36,43,39,23,18,12,47,34,9,3,24,10,28,42,13,32,35,5,48,49,40,46,21,30,20,44,37,38,29,19,27,8,7,33,11,2,15,26,4,
227,12.7874014377594,78332.00614666668,61774.90500000001,0,25,14,31,22,17,41,6,45,16,1,36,43,39,23,18,12,47,34,9,3,24,10,28,42,13,32,35,5,48,49,40,46,21,30,20,44,37,38,29,19,27,8,7,33,11,2,15,26,4,
228,12.825415134429932,75560.14136000002,61774.90500000001,0,25,14,31,22,17,41,6,45,16,1,36,43,39,23,18,12,47,34,9,3,24,10,28,42,13,32,35,5,48,49,40,46,21,30,20,44,37,38,29,19,27,8,7,33,11,2,15,26,4,
229,12.8644118309021,74319.04374666669,61774.90500000001,0,25,14,31,22,17,41,6,45,16,1,36,43,39,23,18,12,47,34,9,3,24,10,28,42,13,32,35,5,48,49,40,46,21,30,20,44,37,38,29,19,27,8,7,33,11,2,15,26,4,
230,12.903414011001587,76815.32872,61774.90500000001,0,25,14,31,22,17,41,6,45,16,1,36,43,39,23,18,12,47,34,9,3,24,10,28,42,13,32,35,5,48,49,40,46,21,30,20,44,37,38,29,19,27,8,7,33,11,2,15,26,4,
231,12.941413164138794,78111.36133333333,61774.90500000001,0,25,14,31,22,17,41,6,45,16,1,36,43,39,23,18,12,47,34,9,3,24,10,28,42,13,32,35,5,48,49,40,46,21,30,20,44,37,38,29,19,27,8,7,33,11,2,15,26,4,
232,12.979378700256348,79401.53893333334,61774.90500000001,0,25,14,31,22,17,41,6,45,16,1,36,43,39,23,18,12,47,34,9,3,24,10,28,42,13,32,35,5,48,49,40,46,21,30,20,44,37,38,29,19,27,8,7,33,11,2,15,26,4,
233,13.017378568649292,77461.20301333335,61774.90500000001,0,25,14,31,22,17,41,6,45,16,1,36,43,39,23,18,12,47,34,9,3,24,10,28,42,13,32,35,5,48,49,40,46,21,30,20,44,37,38,29,19,27,8,7,33,11,2,15,26,4,
234,13.055378437042236,82191.17616000002,61774.90500000001,0,25,14,31,22,17,41,6,45,16,1,36,43,39,23,18,12,47,34,9,3,24,10,28,42,13,32,35,5,48,49,40,46,21,30,20,44,37,38,29,19,27,8,7,33,11,2,15,26,4,
235,13.09337854385376,83265.36744,61774.90500000001,0,25,14,31,22,17,41,6,45,16,1,36,43,39,23,18,12,47,34,9,3,24,10,28,42,13,32,35,5,48,49,40,46,21,30,20,44,37,38,29,19,27,8,7,33,11,2,15,26,4,
236,13.132377862930298,79807.66217333334,61774.90500000001,0,25,14,31,22,17,41,6,45,16,1,36,43,39,23,18,12,47,34,9,3,24,10,28,42,13,32,35,5,48,49,40,46,21,30,20,44,37,38,29,19,27,8,7,33,11,2,15,26,4,
237,13.17237663269043,78294.25633333332,61774.90500000001,0,25,14,31,22,17,41,6,45,16,1,36,43,39,23,18,12,47,34,9,3,24,10,28,42,13,32,35,5,48,49,40,46,21,30,20,44,37,38,29,19,27,8,7,33,11,2,15,26,4,
238,13.20837664604187,74432.8788,61774.90500000001,0,25,14,31,22,17,41,6,45,16,1,36,43,39,23,18,12,47,34,9,3,24,10,28,42,13,32,35,5,48,49,40,46,21,30,20,44,37,38,29,19,27,8,7,33,11,2,15,26,4,
239,13.244374513626099,75859.43820000002,61774.90500000001,0,25,14,31,22,17,41,6,45,16,1,36,43,39,23,18,12,47,34,9,3,24,10,28,42,13,32,35,5,48,49,40,46,21,30,20,44,37,38,29,19,27,8,7,33,11,2,15,26,4,
240,13.281372308731079,76897.67300000001,61774.90500000001,0,25,14,31,22,17,41,6,45,16,1,36,43,39,23,18,12,47,34,9,3,24,10,28,42,13,32,35,5,48,49,40,46,21,30,20,44,37,38,29,19,27,8,7,33,11,2,15,26,4,
241,13.31937050819397,81198.02542666666,61774.90500000001,0,25,14,31,22,17,41,6,45,16,1,36,43,39,23,18,12,47,34,9,3,24,10,28,42,13,32,35,5,48,49,40,46,21,30,20,44,37,38,29,19,27,8,7,33,11,2,15,26,4,
242,13.35936951637268,79447.50088,61139.235000000015,0,25,14,31,22,12,47,6,45,16,1,36,43,39,23,18,17,41,34,9,3,24,10,28,42,13,32,35,5,48,49,40,46,21,30,20,44,37,38,29,19,27,8,7,33,11,2,15,26,4,
243,13.396369934082031,80807.76616,61139.235000000015,0,25,14,31,22,12,47,6,45,16,1,36,43,39,23,18,17,41,34,9,3,24,10,28,42,13,32,35,5,48,49,40,46,21,30,20,44,37,38,29,19,27,8,7,33,11,2,15,26,4,
244,13.433366775512695,79269.73690666667,61139.235000000015,0,25,14,31,22,12,47,6,45,16,1,36,43,39,23,18,17,41,34,9,3,24,10,28,42,13,32,35,5,48,49,40,46,21,30,20,44,37,38,29,19,27,8,7,33,11,2,15,26,4,
245,13.47236704826355,83576.6703066667,61139.235000000015,0,25,14,31,22,12,47,6,45,16,1,36,43,39,23,18,17,41,34,9,3,24,10,28,42,13,32,35,5,48,49,40,46,21,30,20,44,37,38,29,19,27,8,7,33,11,2,15,26,4,
246,13.510366916656494,77656.53932000001,61139.235000000015,0,25,14,31,22,12,47,6,45,16,1,36,43,39,23,18,17,41,34,9,3,24,10,28,42,13,32,35,5,48,49,40,46,21,30,20,44,37,38,29,19,27,8,7,33,11,2,15,26,4,
247,13.54736614227295,80127.76991999999,61139.235000000015,0,25,14,31,22,12,47,6,45,16,1,36,43,39,23,18,17,41,34,9,3,24,10,28,42,13,32,35,5,48,49,40,46,21,30,20,44,37,38,29,19,27,8,7,33,11,2,15,26,4,
248,13.584365606307983,82016.02688,61139.235000000015,0,25,14,31,22,12,47,6,45,16,1,36,43,39,23,18,17,41,34,9,3,24,10,28,42,13,32,35,5,48,49,40,46,21,30,20,44,37,38,29,19,27,8,7,33,11,2,15,26,4,
249,13.62036418914795,83333.45385333333,61139.235000000015,0,25,14,31,22,12,47,6,45,16,1,36,43,39,23,18,17,41,34,9,3,24,10,28,42,13,32,35,5,48,49,40,46,21,30,20,44,37,38,29,19,27,8,7,33,11,2,15,26,4,
250,13.658364057540894,81296.66918666665,61139.235000000015,0,25,14,31,22,12,47,6,45,16,1,36,43,39,23,18,17,41,34,9,3,24,10,28,42,13,32,35,5,48,49,40,46,21,30,20,44,37,38,29,19,27,8,7,33,11,2,15,26,4,
251,13.695364713668823,79033.35033333334,61139.235000000015,0,25,14,31,22,12,47,6,45,16,1,36,43,39,23,18,17,41,34,9,3,24,10,28,42,13,32,35,5,48,49,40,46,21,30,20,44,37,38,29,19,27,8,7,33,11,2,15,26,4,
252,13.730361938476562,74575.85468000002,61139.235000000015,0,25,14,31,22,12,47,6,45,16,1,36,43,39,23,18,17,41,34,9,3,24,10,28,42,13,32,35,5,48,49,40,46,21,30,20,44,37,38,29,19,27,8,7,33,11,2,15,26,4,
253,13.769360542297363,77392.93490666668,61139.235000000015,0,25,14,31,22,12,47,6,45,16,1,36,43,39,23,18,17,41,34,9,3,24,10,28,42,13,32,35,5,48,49,40,46,21,30,20,44,37,38,29,19,27,8,7,33,11,2,15,26,4,
254,13.806360483169556,72929.31857333334,61139.235000000015,0,25,14,31,22,12,47,6,45,16,1,36,43,39,23,18,17,41,34,9,3,24,10,28,42,13,32,35,5,48,49,40,46,21,30,20,44,37,38,29,19,27,8,7,33,11,2,15,26,4,
255,13.844359397888184,74050.52684000002,61139.235000000015,0,25,14,31,22,12,47,6,45,16,1,36,43,39,23,18,17,41,34,9,3,24,10,28,42,13,32,35,5,48,49,40,46,21,30,20,44,37,38,29,19,27,8,7,33,11,2,15,26,4,
256,13.881361722946167,74055.95841333334,61139.235000000015,0,25,14,31,22,12,47,6,45,16,1,36,43,39,23,18,17,41,34,9,3,24,10,28,42,13,32,35,5,48,49,40,46,21,30,20,44,37,38,29,19,27,8,7,33,11,2,15,26,4,
257,13.920318126678467,73811.84254666668,61139.235000000015,0,25,14,31,22,12,47,6,45,16,1,36,43,39,23,18,17,41,34,9,3,24,10,28,42,13,32,35,5,48,49,40,46,21,30,20,44,37,38,29,19,27,8,7,33,11,2,15,26,4,
258,13.959357976913452,75451.06404000003,61139.235000000015,0,25,14,31,22,12,47,6,45,16,1,36,43,39,23,18,17,41,34,9,3,24,10,28,42,13,32,35,5,48,49,40,46,21,30,20,44,37,38,29,19,27,8,7,33,11,2,15,26,4,
259,13.99731969833374,77374.17161333335,61139.235000000015,0,25,14,31,22,12,47,6,45,16,1,36,43,39,23,18,17,41,34,9,3,24,10,28,42,13,32,35,5,48,49,40,46,21,30,20,44,37,38,29,19,27,8,7,33,11,2,15,26,4,
260,14.033316850662231,76090.19337333336,61139.235000000015,0,25,14,31,22,12,47,6,45,16,1,36,43,39,23,18,17,41,34,9,3,24,10,28,42,13,32,35,5,48,49,40,46,21,30,20,44,37,38,29,19,27,8,7,33,11,2,15,26,4,
261,14.069355964660645,77297.21470666667,61139.235000000015,0,25,14,31,22,12,47,6,45,16,1,36,43,39,23,18,17,41,34,9,3,24,10,28,42,13,32,35,5,48,49,40,46,21,30,20,44,37,38,29,19,27,8,7,33,11,2,15,26,4,
262,14.108349323272705,74202.76301333333,61139.235000000015,0,25,14,31,22,12,47,6,45,16,1,36,43,39,23,18,17,41,34,9,3,24,10,28,42,13,32,35,5,48,49,40,46,21,30,20,44,37,38,29,19,27,8,7,33,11,2,15,26,4,
263,14.147350311279297,72959.90008,61139.235000000015,0,25,14,31,22,12,47,6,45,16,1,36,43,39,23,18,17,41,34,9,3,24,10,28,42,13,32,35,5,48,49,40,46,21,30,20,44,37,38,29,19,27,8,7,33,11,2,15,26,4,
264,14.185349464416504,74562.96441333333,61139.235000000015,0,25,14,31,22,12,47,6,45,16,1,36,43,39,23,18,17,41,34,9,3,24,10,28,42,13,32,35,5,48,49,40,46,21,30,20,44,37,38,29,19,27,8,7,33,11,2,15,26,4,
265,14.22334599494934,74445.46197333334,61139.235000000015,0,25,14,31,22,12,47,6,45,16,1,36,43,39,23,18,17,41,34,9,3,24,10,28,42,13,32,35,5,48,49,40,46,21,30,20,44,37,38,29,19,27,8,7,33,11,2,15,26,4,
266,14.261343002319336,74873.22554666668,61139.235000000015,0,25,14,31,22,12,47,6,45,16,1,36,43,39,23,18,17,41,34,9,3,24,10,28,42,13,32,35,5,48,49,40,46,21,30,20,44,37,38,29,19,27,8,7,33,11,2,15,26,4,
267,14.298381328582764,76170.20869333335,61139.235000000015,0,25,14,31,22,12,47,6,45,16,1,36,43,39,23,18,17,41,34,9,3,24,10,28,42,13,32,35,5,48,49,40,46,21,30,20,44,37,38,29,19,27,8,7,33,11,2,15,26,4,
268,14.33536982536316,75984.79890666668,61139.235000000015,0,25,14,31,22,12,47,6,45,16,1,36,43,39,23,18,17,41,34,9,3,24,10,28,42,13,32,35,5,48,49,40,46,21,30,20,44,37,38,29,19,27,8,7,33,11,2,15,26,4,
269,14.371380090713501,78583.78958666668,61139.235000000015,0,25,14,31,22,12,47,6,45,16,1,36,43,39,23,18,17,41,34,9,3,24,10,28,42,13,32,35,5,48,49,40,46,21,30,20,44,37,38,29,19,27,8,7,33,11,2,15,26,4,
270,14.408334493637085,77503.58473333335,61139.235000000015,0,25,14,31,22,12,47,6,45,16,1,36,43,39,23,18,17,41,34,9,3,24,10,28,42,13,32,35,5,48,49,40,46,21,30,20,44,37,38,29,19,27,8,7,33,11,2,15,26,4,
271,14.448333501815796,77692.42566666668,61139.235000000015,0,25,14,31,22,12,47,6,45,16,1,36,43,39,23,18,17,41,34,9,3,24,10,28,42,13,32,35,5,48,49,40,46,21,30,20,44,37,38,29,19,27,8,7,33,11,2,15,26,4,
272,14.484334468841553,76955.79864,61139.235000000015,0,25,14,31,22,12,47,6,45,16,1,36,43,39,23,18,17,41,34,9,3,24,10,28,42,13,32,35,5,48,49,40,46,21,30,20,44,37,38,29,19,27,8,7,33,11,2,15,26,4,
273,14.520334720611572,74536.68488,61139.235000000015,0,25,14,31,22,12,47,6,45,16,1,36,43,39,23,18,17,41,34,9,3,24,10,28,42,13,32,35,5,48,49,40,46,21,30,20,44,37,38,29,19,27,8,7,33,11,2,15,26,4,
274,14.556333065032959,74364.14938666667,61139.235000000015,0,25,14,31,22,12,47,6,45,16,1,36,43,39,23,18,17,41,34,9,3,24,10,28,42,13,32,35,5,48,49,40,46,21,30,20,44,37,38,29,19,27,8,7,33,11,2,15,26,4,
275,14.593332290649414,78752.34705333335,61139.235000000015,0,25,14,31,22,12,47,6,45,16,1,36,43,39,23,18,17,41,34,9,3,24,10,28,42,13,32,35,5,48,49,40,46,21,30,20,44,37,38,29,19,27,8,7,33,11,2,15,26,4,
276,14.632328987121582,77812.10197333334,61139.235000000015,0,25,14,31,22,12,47,6,45,16,1,36,43,39,23,18,17,41,34,9,3,24,10,28,42,13,32,35,5,48,49,40,46,21,30,20,44,37,38,29,19,27,8,7,33,11,2,15,26,4,
277,14.668328285217285,74499.60510666666,61139.235000000015,0,25,14,31,22,12,47,6,45,16,1,36,43,39,23,18,17,41,34,9,3,24,10,28,42,13,32,35,5,48,49,40,46,21,30,20,44,37,38,29,19,27,8,7,33,11,2,15,26,4,
278,14.707327365875244,76437.21593333334,61139.235000000015,0,25,14,31,22,12,47,6,45,16,1,36,43,39,23,18,17,41,34,9,3,24,10,28,42,13,32,35,5,48,49,40,46,21,30,20,44,37,38,29,19,27,8,7,33,11,2,15,26,4,
279,14.746368408203125,73195.55466666668,61139.235000000015,0,25,14,31,22,12,47,6,45,16,1,36,43,39,23,18,17,41,34,9,3,24,10,28,42,13,32,35,5,48,49,40,46,21,30,20,44,37,38,29,19,27,8,7,33,11,2,15,26,4,
280,14.787370443344116,75265.87110666667,61139.235000000015,0,25,14,31,22,12,47,6,45,16,1,36,43,39,23,18,17,41,34,9,3,24,10,28,42,13,32,35,5,48,49,40,46,21,30,20,44,37,38,29,19,27,8,7,33,11,2,15,26,4,
281,14.82537031173706,76279.15028,61139.235000000015,0,25,14,31,22,12,47,6,45,16,1,36,43,39,23,18,17,41,34,9,3,24,10,28,42,13,32,35,5,48,49,40,46,21,30,20,44,37,38,29,19,27,8,7,33,11,2,15,26,4,
282,14.863367319107056,73234.74241333333,61139.235000000015,0,25,14,31,22,12,47,6,45,16,1,36,43,39,23,18,17,41,34,9,3,24,10,28,42,13,32,35,5,48,49,40,46,21,30,20,44,37,38,29,19,27,8,7,33,11,2,15,26,4,
283,14.900326013565063,73993.01921333335,61139.235000000015,0,25,14,31,22,12,47,6,45,16,1,36,43,39,23,18,17,41,34,9,3,24,10,28,42,13,32,35,5,48,49,40,46,21,30,20,44,37,38,29,19,27,8,7,33,11,2,15,26,4,
284,14.936294078826904,76266.99168000002,61139.235000000015,0,25,14,31,22,12,47,6,45,16,1,36,43,39,23,18,17,41,34,9,3,24,10,28,42,13,32,35,5,48,49,40,46,21,30,20,44,37,38,29,19,27,8,7,33,11,2,15,26,4,
285,14.976335525512695,74982.28277333335,61139.235000000015,0,25,14,31,22,12,47,6,45,16,1,36,43,39,23,18,17,41,34,9,3,24,10,28,42,13,32,35,5,48,49,40,46,21,30,20,44,37,38,29,19,27,8,7,33,11,2,15,26,4,
286,15.013374328613281,75172.98010666667,61139.235000000015,0,25,14,31,22,12,47,6,45,16,1,36,43,39,23,18,17,41,34,9,3,24,10,28,42,13,32,35,5,48,49,40,46,21,30,20,44,37,38,29,19,27,8,7,33,11,2,15,26,4,
287,15.05237340927124,73327.16121333334,61139.235000000015,0,25,14,31,22,12,47,6,45,16,1,36,43,39,23,18,17,41,34,9,3,24,10,28,42,13,32,35,5,48,49,40,46,21,30,20,44,37,38,29,19,27,8,7,33,11,2,15,26,4,
288,15.091427564620972,73957.68547999999,61139.235000000015,0,25,14,31,22,12,47,6,45,16,1,36,43,39,23,18,17,41,34,9,3,24,10,28,42,13,32,35,5,48,49,40,46,21,30,20,44,37,38,29,19,27,8,7,33,11,2,15,26,4,
289,15.12739086151123,75669.82686666667,61139.235000000015,0,25,14,31,22,12,47,6,45,16,1,36,43,39,23,18,17,41,34,9,3,24,10,28,42,13,32,35,5,48,49,40,46,21,30,20,44,37,38,29,19,27,8,7,33,11,2,15,26,4,
290,15.165384769439697,73668.35473333334,61139.235000000015,0,25,14,31,22,12,47,6,45,16,1,36,43,39,23,18,17,41,34,9,3,24,10,28,42,13,32,35,5,48,49,40,46,21,30,20,44,37,38,29,19,27,8,7,33,11,2,15,26,4,
291,15.200435876846313,71287.08137333335,61139.235000000015,0,25,14,31,22,12,47,6,45,16,1,36,43,39,23,18,17,41,34,9,3,24,10,28,42,13,32,35,5,48,49,40,46,21,30,20,44,37,38,29,19,27,8,7,33,11,2,15,26,4,
292,15.241387367248535,72643.62457333335,61139.235000000015,0,25,14,31,22,12,47,6,45,16,1,36,43,39,23,18,17,41,34,9,3,24,10,28,42,13,32,35,5,48,49,40,46,21,30,20,44,37,38,29,19,27,8,7,33,11,2,15,26,4,
293,15.278436422348022,75032.31206666667,61139.235000000015,0,25,14,31,22,12,47,6,45,16,1,36,43,39,23,18,17,41,34,9,3,24,10,28,42,13,32,35,5,48,49,40,46,21,30,20,44,37,38,29,19,27,8,7,33,11,2,15,26,4,
294,15.317434310913086,75832.75799999999,61139.235000000015,0,25,14,31,22,12,47,6,45,16,1,36,43,39,23,18,17,41,34,9,3,24,10,28,42,13,32,35,5,48,49,40,46,21,30,20,44,37,38,29,19,27,8,7,33,11,2,15,26,4,
295,15.355475187301636,77449.95226666666,61139.235000000015,0,25,14,31,22,12,47,6,45,16,1,36,43,39,23,18,17,41,34,9,3,24,10,28,42,13,32,35,5,48,49,40,46,21,30,20,44,37,38,29,19,27,8,7,33,11,2,15,26,4,
296,15.393430471420288,81167.60568000001,61139.235000000015,0,25,14,31,22,12,47,6,45,16,1,36,43,39,23,18,17,41,34,9,3,24,10,28,42,13,32,35,5,48,49,40,46,21,30,20,44,37,38,29,19,27,8,7,33,11,2,15,26,4,
297,15.429465770721436,78409.24084000001,61139.235000000015,0,25,14,31,22,12,47,6,45,16,1,36,43,39,23,18,17,41,34,9,3,24,10,28,42,13,32,35,5,48,49,40,46,21,30,20,44,37,38,29,19,27,8,7,33,11,2,15,26,4,
298,15.468515872955322,76126.41088000002,61139.235000000015,0,25,14,31,22,12,47,6,45,16,1,36,43,39,23,18,17,41,34,9,3,24,10,28,42,13,32,35,5,48,49,40,46,21,30,20,44,37,38,29,19,27,8,7,33,11,2,15,26,4,
299,15.50452995300293,78026.96797333335,61139.235000000015,0,25,14,31,22,12,47,6,45,16,1,36,43,39,23,18,17,41,34,9,3,24,10,28,42,13,32,35,5,48,49,40,46,21,30,20,44,37,38,29,19,27,8,7,33,11,2,15,26,4,
300,15.543540000915527,83223.04308,61139.235000000015,0,25,14,31,22,12,47,6,45,16,1,36,43,39,23,18,17,41,34,9,3,24,10,28,42,13,32,35,5,48,49,40,46,21,30,20,44,37,38,29,19,27,8,7,33,11,2,15,26,4,
301,15.582552909851074,78007.21280000001,61139.235000000015,0,25,14,31,22,12,47,6,45,16,1,36,43,39,23,18,17,41,34,9,3,24,10,28,42,13,32,35,5,48,49,40,46,21,30,20,44,37,38,29,19,27,8,7,33,11,2,15,26,4,
302,15.62155556678772,78751.22670666667,61139.235000000015,0,25,14,31,22,12,47,6,45,16,1,36,43,39,23,18,17,41,34,9,3,24,10,28,42,13,32,35,5,48,49,40,46,21,30,20,44,37,38,29,19,27,8,7,33,11,2,15,26,4,
303,15.658591508865356,85034.14844,61139.235000000015,0,25,14,31,22,12,47,6,45,16,1,36,43,39,23,18,17,41,34,9,3,24,10,28,42,13,32,35,5,48,49,40,46,21,30,20,44,37,38,29,19,27,8,7,33,11,2,15,26,4,
304,15.696591854095459,81121.60556000001,61139.235000000015,0,25,14,31,22,12,47,6,45,16,1,36,43,39,23,18,17,41,34,9,3,24,10,28,42,13,32,35,5,48,49,40,46,21,30,20,44,37,38,29,19,27,8,7,33,11,2,15,26,4,
305,15.734556436538696,82027.32588000002,61139.235000000015,0,25,14,31,22,12,47,6,45,16,1,36,43,39,23,18,17,41,34,9,3,24,10,28,42,13,32,35,5,48,49,40,46,21,30,20,44,37,38,29,19,27,8,7,33,11,2,15,26,4,
306,15.77357029914856,78642.66716000001,61139.235000000015,0,25,14,31,22,12,47,6,45,16,1,36,43,39,23,18,17,41,34,9,3,24,10,28,42,13,32,35,5,48,49,40,46,21,30,20,44,37,38,29,19,27,8,7,33,11,2,15,26,4,
307,15.811602592468262,79435.02390666668,61139.235000000015,0,25,14,31,22,12,47,6,45,16,1,36,43,39,23,18,17,41,34,9,3,24,10,28,42,13,32,35,5,48,49,40,46,21,30,20,44,37,38,29,19,27,8,7,33,11,2,15,26,4,
308,15.849655151367188,79761.14044000002,61139.235000000015,0,25,14,31,22,12,47,6,45,16,1,36,43,39,23,18,17,41,34,9,3,24,10,28,42,13,32,35,5,48,49,40,46,21,30,20,44,37,38,29,19,27,8,7,33,11,2,15,26,4,
309,15.886619329452515,80469.33888,61139.235000000015,0,25,14,31,22,12,47,6,45,16,1,36,43,39,23,18,17,41,34,9,3,24,10,28,42,13,32,35,5,48,49,40,46,21,30,20,44,37,38,29,19,27,8,7,33,11,2,15,26,4,
310,15.924580812454224,78326.07324,61139.235000000015,0,25,14,31,22,12,47,6,45,16,1,36,43,39,23,18,17,41,34,9,3,24,10,28,42,13,32,35,5,48,49,40,46,21,30,20,44,37,38,29,19,27,8,7,33,11,2,15,26,4,
311,15.9625403881073,80938.13924000002,61139.235000000015,0,25,14,31,22,12,47,6,45,16,1,36,43,39,23,18,17,41,34,9,3,24,10,28,42,13,32,35,5,48,49,40,46,21,30,20,44,37,38,29,19,27,8,7,33,11,2,15,26,4,
312,15.99953818321228,80759.12710666668,61139.235000000015,0,25,14,31,22,12,47,6,45,16,1,36,43,39,23,18,17,41,34,9,3,24,10,28,42,13,32,35,5,48,49,40,46,21,30,20,44,37,38,29,19,27,8,7,33,11,2,15,26,4,
313,16.038535833358765,76641.20393333334,61139.235000000015,0,25,14,31,22,12,47,6,45,16,1,36,43,39,23,18,17,41,34,9,3,24,10,28,42,13,32,35,5,48,49,40,46,21,30,20,44,37,38,29,19,27,8,7,33,11,2,15,26,4,
314,16.07553482055664,75188.21616000001,61139.235000000015,0,25,14,31,22,12,47,6,45,16,1,36,43,39,23,18,17,41,34,9,3,24,10,28,42,13,32,35,5,48,49,40,46,21,30,20,44,37,38,29,19,27,8,7,33,11,2,15,26,4,
315,16.11653995513916,73149.33173333333,61139.235000000015,0,25,14,31,22,12,47,6,45,16,1,36,43,39,23,18,17,41,34,9,3,24,10,28,42,13,32,35,5,48,49,40,46,21,30,20,44,37,38,29,19,27,8,7,33,11,2,15,26,4,
316,16.15756106376648,73353.95397333331,61139.235000000015,0,25,14,31,22,12,47,6,45,16,1,36,43,39,23,18,17,41,34,9,3,24,10,28,42,13,32,35,5,48,49,40,46,21,30,20,44,37,38,29,19,27,8,7,33,11,2,15,26,4,
317,16.196561813354492,74474.49965333333,61139.235000000015,0,25,14,31,22,12,47,6,45,16,1,36,43,39,23,18,17,41,34,9,3,24,10,28,42,13,32,35,5,48,49,40,46,21,30,20,44,37,38,29,19,27,8,7,33,11,2,15,26,4,
318,16.233562231063843,74674.28607999999,61139.235000000015,0,25,14,31,22,12,47,6,45,16,1,36,43,39,23,18,17,41,34,9,3,24,10,28,42,13,32,35,5,48,49,40,46,21,30,20,44,37,38,29,19,27,8,7,33,11,2,15,26,4,
319,16.270562171936035,72158.18814666667,61139.235000000015,0,25,14,31,22,12,47,6,45,16,1,36,43,39,23,18,17,41,34,9,3,24,10,28,42,13,32,35,5,48,49,40,46,21,30,20,44,37,38,29,19,27,8,7,33,11,2,15,26,4,
320,16.30952477455139,74496.39788000002,61139.235000000015,0,25,14,31,22,12,47,6,45,16,1,36,43,39,23,18,17,41,34,9,3,24,10,28,42,13,32,35,5,48,49,40,46,21,30,20,44,37,38,29,19,27,8,7,33,11,2,15,26,4,
321,16.345534086227417,74159.72032000001,61139.235000000015,0,25,14,31,22,12,47,6,45,16,1,36,43,39,23,18,17,41,34,9,3,24,10,28,42,13,32,35,5,48,49,40,46,21,30,20,44,37,38,29,19,27,8,7,33,11,2,15,26,4,
322,16.38253426551819,74225.74513333334,61139.235000000015,0,25,14,31,22,12,47,6,45,16,1,36,43,39,23,18,17,41,34,9,3,24,10,28,42,13,32,35,5,48,49,40,46,21,30,20,44,37,38,29,19,27,8,7,33,11,2,15,26,4,
323,16.418492794036865,71736.32577333334,61139.235000000015,0,25,14,31,22,12,47,6,45,16,1,36,43,39,23,18,17,41,34,9,3,24,10,28,42,13,32,35,5,48,49,40,46,21,30,20,44,37,38,29,19,27,8,7,33,11,2,15,26,4,
324,16.456490755081177,73064.06680000002,61139.235000000015,0,25,14,31,22,12,47,6,45,16,1,36,43,39,23,18,17,41,34,9,3,24,10,28,42,13,32,35,5,48,49,40,46,21,30,20,44,37,38,29,19,27,8,7,33,11,2,15,26,4,
325,16.49449062347412,75118.59810666667,61139.235000000015,0,25,14,31,22,12,47,6,45,16,1,36,43,39,23,18,17,41,34,9,3,24,10,28,42,13,32,35,5,48,49,40,46,21,30,20,44,37,38,29,19,27,8,7,33,11,2,15,26,4,
326,16.531490802764893,75364.39114666668,61139.235000000015,0,25,14,31,22,12,47,6,45,16,1,36,43,39,23,18,17,41,34,9,3,24,10,28,42,13,32,35,5,48,49,40,46,21,30,20,44,37,38,29,19,27,8,7,33,11,2,15,26,4,
327,16.56848978996277,77667.00958666667,61139.235000000015,0,25,14,31,22,12,47,6,45,16,1,36,43,39,23,18,17,41,34,9,3,24,10,28,42,13,32,35,5,48,49,40,46,21,30,20,44,37,38,29,19,27,8,7,33,11,2,15,26,4,
328,16.604529857635498,74886.65990666668,61139.235000000015,0,25,14,31,22,12,47,6,45,16,1,36,43,39,23,18,17,41,34,9,3,24,10,28,42,13,32,35,5,48,49,40,46,21,30,20,44,37,38,29,19,27,8,7,33,11,2,15,26,4,
329,16.644543170928955,75052.46606666666,61139.235000000015,0,25,14,31,22,12,47,6,45,16,1,36,43,39,23,18,17,41,34,9,3,24,10,28,42,13,32,35,5,48,49,40,46,21,30,20,44,37,38,29,19,27,8,7,33,11,2,15,26,4,
330,16.68355917930603,76482.65861333335,61139.235000000015,0,25,14,31,22,12,47,6,45,16,1,36,43,39,23,18,17,41,34,9,3,24,10,28,42,13,32,35,5,48,49,40,46,21,30,20,44,37,38,29,19,27,8,7,33,11,2,15,26,4,
331,16.71756863594055,75411.15530666667,61139.235000000015,0,25,14,31,22,12,47,6,45,16,1,36,43,39,23,18,17,41,34,9,3,24,10,28,42,13,32,35,5,48,49,40,46,21,30,20,44,37,38,29,19,27,8,7,33,11,2,15,26,4,
332,16.757531881332397,75978.74253333332,61139.235000000015,0,25,14,31,22,12,47,6,45,16,1,36,43,39,23,18,17,41,34,9,3,24,10,28,42,13,32,35,5,48,49,40,46,21,30,20,44,37,38,29,19,27,8,7,33,11,2,15,26,4,
333,16.795581102371216,74855.81350666667,61139.235000000015,0,25,14,31,22,12,47,6,45,16,1,36,43,39,23,18,17,41,34,9,3,24,10,28,42,13,32,35,5,48,49,40,46,21,30,20,44,37,38,29,19,27,8,7,33,11,2,15,26,4,
334,16.833579063415527,73342.65,61139.235000000015,0,25,14,31,22,12,47,6,45,16,1,36,43,39,23,18,17,41,34,9,3,24,10,28,42,13,32,35,5,48,49,40,46,21,30,20,44,37,38,29,19,27,8,7,33,11,2,15,26,4,
335,16.870616674423218,72756.93042666667,61139.235000000015,0,25,14,31,22,12,47,6,45,16,1,36,43,39,23,18,17,41,34,9,3,24,10,28,42,13,32,35,5,48,49,40,46,21,30,20,44,37,38,29,19,27,8,7,33,11,2,15,26,4,
336,16.906630039215088,73279.57239999999,61139.235000000015,0,25,14,31,22,12,47,6,45,16,1,36,43,39,23,18,17,41,34,9,3,24,10,28,42,13,32,35,5,48,49,40,46,21,30,20,44,37,38,29,19,27,8,7,33,11,2,15,26,4,
337,16.94259524345398,70832.93032,61139.235000000015,0,25,14,31,22,12,47,6,45,16,1,36,43,39,23,18,17,41,34,9,3,24,10,28,42,13,32,35,5,48,49,40,46,21,30,20,44,37,38,29,19,27,8,7,33,11,2,15,26,4,
338,16.980591773986816,70264.27845333335,61139.235000000015,0,25,14,31,22,12,47,6,45,16,1,36,43,39,23,18,17,41,34,9,3,24,10,28,42,13,32,35,5,48,49,40,46,21,30,20,44,37,38,29,19,27,8,7,33,11,2,15,26,4,
339,17.018591165542603,71364.38661333334,61139.235000000015,0,25,14,31,22,12,47,6,45,16,1,36,43,39,23,18,17,41,34,9,3,24,10,28,42,13,32,35,5,48,49,40,46,21,30,20,44,37,38,29,19,27,8,7,33,11,2,15,26,4,
340,17.05563497543335,77674.54645333333,61139.235000000015,0,25,14,31,22,12,47,6,45,16,1,36,43,39,23,18,17,41,34,9,3,24,10,28,42,13,32,35,5,48,49,40,46,21,30,20,44,37,38,29,19,27,8,7,33,11,2,15,26,4,
341,17.094632148742676,75027.66149333335,61139.235000000015,0,25,14,31,22,12,47,6,45,16,1,36,43,39,23,18,17,41,34,9,3,24,10,28,42,13,32,35,5,48,49,40,46,21,30,20,44,37,38,29,19,27,8,7,33,11,2,15,26,4,
342,17.13163113594055,76661.91960000001,61139.235000000015,0,25,14,31,22,12,47,6,45,16,1,36,43,39,23,18,17,41,34,9,3,24,10,28,42,13,32,35,5,48,49,40,46,21,30,20,44,37,38,29,19,27,8,7,33,11,2,15,26,4,
343,17.169631481170654,78082.42677333335,61139.235000000015,0,25,14,31,22,12,47,6,45,16,1,36,43,39,23,18,17,41,34,9,3,24,10,28,42,13,32,35,5,48,49,40,46,21,30,20,44,37,38,29,19,27,8,7,33,11,2,15,26,4,
344,17.209632635116577,76113.09624,61139.235000000015,0,25,14,31,22,12,47,6,45,16,1,36,43,39,23,18,17,41,34,9,3,24,10,28,42,13,32,35,5,48,49,40,46,21,30,20,44,37,38,29,19,27,8,7,33,11,2,15,26,4,
345,17.24766254425049,71664.77497333335,61139.235000000015,0,25,14,31,22,12,47,6,45,16,1,36,43,39,23,18,17,41,34,9,3,24,10,28,42,13,32,35,5,48,49,40,46,21,30,20,44,37,38,29,19,27,8,7,33,11,2,15,26,4,
346,17.286658763885498,71182.01860000001,61139.235000000015,0,25,14,31,22,12,47,6,45,16,1,36,43,39,23,18,17,41,34,9,3,24,10,28,42,13,32,35,5,48,49,40,46,21,30,20,44,37,38,29,19,27,8,7,33,11,2,15,26,4,
347,17.324660778045654,71956.19773333333,61139.235000000015,0,25,14,31,22,12,47,6,45,16,1,36,43,39,23,18,17,41,34,9,3,24,10,28,42,13,32,35,5,48,49,40,46,21,30,20,44,37,38,29,19,27,8,7,33,11,2,15,26,4,
348,17.361663579940796,69768.19620000002,61139.235000000015,0,25,14,31,22,12,47,6,45,16,1,36,43,39,23,18,17,41,34,9,3,24,10,28,42,13,32,35,5,48,49,40,46,21,30,20,44,37,38,29,19,27,8,7,33,11,2,15,26,4,
349,17.39871621131897,72468.40958666668,61139.235000000015,0,25,14,31,22,12,47,6,45,16,1,36,43,39,23,18,17,41,34,9,3,24,10,28,42,13,32,35,5,48,49,40,46,21,30,20,44,37,38,29,19,27,8,7,33,11,2,15,26,4,
350,17.436716556549072,72232.42621333334,61139.235000000015,0,25,14,31,22,12,47,6,45,16,1,36,43,39,23,18,17,41,34,9,3,24,10,28,42,13,32,35,5,48,49,40,46,21,30,20,44,37,38,29,19,27,8,7,33,11,2,15,26,4,
351,17.473755836486816,81297.99142666669,61139.235000000015,0,25,14,31,22,12,47,6,45,16,1,36,43,39,23,18,17,41,34,9,3,24,10,28,42,13,32,35,5,48,49,40,46,21,30,20,44,37,38,29,19,27,8,7,33,11,2,15,26,4,
352,17.509802103042603,82804.96485333335,61139.235000000015,0,25,14,31,22,12,47,6,45,16,1,36,43,39,23,18,17,41,34,9,3,24,10,28,42,13,32,35,5,48,49,40,46,21,30,20,44,37,38,29,19,27,8,7,33,11,2,15,26,4,
353,17.547765970230103,77872.81925333335,61139.235000000015,0,25,14,31,22,12,47,6,45,16,1,36,43,39,23,18,17,41,34,9,3,24,10,28,42,13,32,35,5,48,49,40,46,21,30,20,44,37,38,29,19,27,8,7,33,11,2,15,26,4,
354,17.58573031425476,76128.98266666666,61139.235000000015,0,25,14,31,22,12,47,6,45,16,1,36,43,39,23,18,17,41,34,9,3,24,10,28,42,13,32,35,5,48,49,40,46,21,30,20,44,37,38,29,19,27,8,7,33,11,2,15,26,4,
355,17.62372636795044,76596.26066666668,61139.235000000015,0,25,14,31,22,12,47,6,45,16,1,36,43,39,23,18,17,41,34,9,3,24,10,28,42,13,32,35,5,48,49,40,46,21,30,20,44,37,38,29,19,27,8,7,33,11,2,15,26,4,
356,17.661765336990356,75239.90209333332,61139.235000000015,0,25,14,31,22,12,47,6,45,16,1,36,43,39,23,18,17,41,34,9,3,24,10,28,42,13,32,35,5,48,49,40,46,21,30,20,44,37,38,29,19,27,8,7,33,11,2,15,26,4,
357,17.697779655456543,76312.85164000001,61139.235000000015,0,25,14,31,22,12,47,6,45,16,1,36,43,39,23,18,17,41,34,9,3,24,10,28,42,13,32,35,5,48,49,40,46,21,30,20,44,37,38,29,19,27,8,7,33,11,2,15,26,4,
358,17.734743356704712,74601.45057333332,61139.235000000015,0,25,14,31,22,12,47,6,45,16,1,36,43,39,23,18,17,41,34,9,3,24,10,28,42,13,32,35,5,48,49,40,46,21,30,20,44,37,38,29,19,27,8,7,33,11,2,15,26,4,
359,17.77078127861023,74117.89272000002,61139.235000000015,0,25,14,31,22,12,47,6,45,16,1,36,43,39,23,18,17,41,34,9,3,24,10,28,42,13,32,35,5,48,49,40,46,21,30,20,44,37,38,29,19,27,8,7,33,11,2,15,26,4,
360,17.80579161643982,78063.67376000002,61139.235000000015,0,25,14,31,22,12,47,6,45,16,1,36,43,39,23,18,17,41,34,9,3,24,10,28,42,13,32,35,5,48,49,40,46,21,30,20,44,37,38,29,19,27,8,7,33,11,2,15,26,4,
361,17.84274959564209,77220.53346666667,61139.235000000015,0,25,14,31,22,12,47,6,45,16,1,36,43,39,23,18,17,41,34,9,3,24,10,28,42,13,32,35,5,48,49,40,46,21,30,20,44,37,38,29,19,27,8,7,33,11,2,15,26,4,
362,17.880706787109375,79193.03597333335,61139.235000000015,0,25,14,31,22,12,47,6,45,16,1,36,43,39,23,18,17,41,34,9,3,24,10,28,42,13,32,35,5,48,49,40,46,21,30,20,44,37,38,29,19,27,8,7,33,11,2,15,26,4,
363,17.919740438461304,78032.53642666667,61139.235000000015,0,25,14,31,22,12,47,6,45,16,1,36,43,39,23,18,17,41,34,9,3,24,10,28,42,13,32,35,5,48,49,40,46,21,30,20,44,37,38,29,19,27,8,7,33,11,2,15,26,4,
364,17.956738471984863,77639.78416,61139.235000000015,0,25,14,31,22,12,47,6,45,16,1,36,43,39,23,18,17,41,34,9,3,24,10,28,42,13,32,35,5,48,49,40,46,21,30,20,44,37,38,29,19,27,8,7,33,11,2,15,26,4,
365,17.993728399276733,77594.82350666667,61139.235000000015,0,25,14,31,22,12,47,6,45,16,1,36,43,39,23,18,17,41,34,9,3,24,10,28,42,13,32,35,5,48,49,40,46,21,30,20,44,37,38,29,19,27,8,7,33,11,2,15,26,4,
366,18.030766010284424,77519.1976,61139.235000000015,0,25,14,31,22,12,47,6,45,16,1,36,43,39,23,18,17,41,34,9,3,24,10,28,42,13,32,35,5,48,49,40,46,21,30,20,44,37,38,29,19,27,8,7,33,11,2,15,26,4,
367,18.067721128463745,77929.62506666667,61139.235000000015,0,25,14,31,22,12,47,6,45,16,1,36,43,39,23,18,17,41,34,9,3,24,10,28,42,13,32,35,5,48,49,40,46,21,30,20,44,37,38,29,19,27,8,7,33,11,2,15,26,4,
368,18.103717803955078,78997.74968000001,61139.235000000015,0,25,14,31,22,12,47,6,45,16,1,36,43,39,23,18,17,41,34,9,3,24,10,28,42,13,32,35,5,48,49,40,46,21,30,20,44,37,38,29,19,27,8,7,33,11,2,15,26,4,
369,18.141714572906494,77614.93924,61139.235000000015,0,25,14,31,22,12,47,6,45,16,1,36,43,39,23,18,17,41,34,9,3,24,10,28,42,13,32,35,5,48,49,40,46,21,30,20,44,37,38,29,19,27,8,7,33,11,2,15,26,4,
370,18.1787211894989,77215.31041333333,61139.235000000015,0,25,14,31,22,12,47,6,45,16,1,36,43,39,23,18,17,41,34,9,3,24,10,28,42,13,32,35,5,48,49,40,46,21,30,20,44,37,38,29,19,27,8,7,33,11,2,15,26,4,
371,18.212759733200073,81497.53394666668,61139.235000000015,0,25,14,31,22,12,47,6,45,16,1,36,43,39,23,18,17,41,34,9,3,24,10,28,42,13,32,35,5,48,49,40,46,21,30,20,44,37,38,29,19,27,8,7,33,11,2,15,26,4,
372,18.249759674072266,77885.36110666668,61139.235000000015,0,25,14,31,22,12,47,6,45,16,1,36,43,39,23,18,17,41,34,9,3,24,10,28,42,13,32,35,5,48,49,40,46,21,30,20,44,37,38,29,19,27,8,7,33,11,2,15,26,4,
373,18.286715745925903,80119.99085333334,61139.235000000015,0,25,14,31,22,12,47,6,45,16,1,36,43,39,23,18,17,41,34,9,3,24,10,28,42,13,32,35,5,48,49,40,46,21,30,20,44,37,38,29,19,27,8,7,33,11,2,15,26,4,
374,18.325672149658203,77266.52716000001,61139.235000000015,0,25,14,31,22,12,47,6,45,16,1,36,43,39,23,18,17,41,34,9,3,24,10,28,42,13,32,35,5,48,49,40,46,21,30,20,44,37,38,29,19,27,8,7,33,11,2,15,26,4,
375,18.363672018051147,77505.0978,61139.235000000015,0,25,14,31,22,12,47,6,45,16,1,36,43,39,23,18,17,41,34,9,3,24,10,28,42,13,32,35,5,48,49,40,46,21,30,20,44,37,38,29,19,27,8,7,33,11,2,15,26,4,
376,18.40167236328125,74237.95864,61139.235000000015,0,25,14,31,22,12,47,6,45,16,1,36,43,39,23,18,17,41,34,9,3,24,10,28,42,13,32,35,5,48,49,40,46,21,30,20,44,37,38,29,19,27,8,7,33,11,2,15,26,4,
377,18.43967032432556,78716.84214666668,61139.235000000015,0,25,14,31,22,12,47,6,45,16,1,36,43,39,23,18,17,41,34,9,3,24,10,28,42,13,32,35,5,48,49,40,46,21,30,20,44,37,38,29,19,27,8,7,33,11,2,15,26,4,
378,18.478713274002075,76523.45108,61139.235000000015,0,25,14,31,22,12,47,6,45,16,1,36,43,39,23,18,17,41,34,9,3,24,10,28,42,13,32,35,5,48,49,40,46,21,30,20,44,37,38,29,19,27,8,7,33,11,2,15,26,4,
379,18.5167236328125,74754.33184000001,61139.235000000015,0,25,14,31,22,12,47,6,45,16,1,36,43,39,23,18,17,41,34,9,3,24,10,28,42,13,32,35,5,48,49,40,46,21,30,20,44,37,38,29,19,27,8,7,33,11,2,15,26,4,
380,18.55473518371582,76021.15598666668,61139.235000000015,0,25,14,31,22,12,47,6,45,16,1,36,43,39,23,18,17,41,34,9,3,24,10,28,42,13,32,35,5,48,49,40,46,21,30,20,44,37,38,29,19,27,8,7,33,11,2,15,26,4,
381,18.59178352355957,76836.00446666668,61139.235000000015,0,25,14,31,22,12,47,6,45,16,1,36,43,39,23,18,17,41,34,9,3,24,10,28,42,13,32,35,5,48,49,40,46,21,30,20,44,37,38,29,19,27,8,7,33,11,2,15,26,4,
382,18.627808570861816,77144.21910666669,61139.235000000015,0,25,14,31,22,12,47,6,45,16,1,36,43,39,23,18,17,41,34,9,3,24,10,28,42,13,32,35,5,48,49,40,46,21,30,20,44,37,38,29,19,27,8,7,33,11,2,15,26,4,
383,18.66376805305481,73930.43697333333,61139.235000000015,0,25,14,31,22,12,47,6,45,16,1,36,43,39,23,18,17,41,34,9,3,24,10,28,42,13,32,35,5,48,49,40,46,21,30,20,44,37,38,29,19,27,8,7,33,11,2,15,26,4,
384,18.702815532684326,72359.42798666668,61139.235000000015,0,25,14,31,22,12,47,6,45,16,1,36,43,39,23,18,17,41,34,9,3,24,10,28,42,13,32,35,5,48,49,40,46,21,30,20,44,37,38,29,19,27,8,7,33,11,2,15,26,4,
385,18.740774631500244,72526.64161333334,61139.235000000015,0,25,14,31,22,12,47,6,45,16,1,36,43,39,23,18,17,41,34,9,3,24,10,28,42,13,32,35,5,48,49,40,46,21,30,20,44,37,38,29,19,27,8,7,33,11,2,15,26,4,
386,18.777775049209595,74166.57594666668,61139.235000000015,0,25,14,31,22,12,47,6,45,16,1,36,43,39,23,18,17,41,34,9,3,24,10,28,42,13,32,35,5,48,49,40,46,21,30,20,44,37,38,29,19,27,8,7,33,11,2,15,26,4,
387,18.816776037216187,75253.81768000001,61139.235000000015,0,25,14,31,22,12,47,6,45,16,1,36,43,39,23,18,17,41,34,9,3,24,10,28,42,13,32,35,5,48,49,40,46,21,30,20,44,37,38,29,19,27,8,7,33,11,2,15,26,4,
388,18.852773427963257,77555.14082666667,61139.235000000015,0,25,14,31,22,12,47,6,45,16,1,36,43,39,23,18,17,41,34,9,3,24,10,28,42,13,32,35,5,48,49,40,46,21,30,20,44,37,38,29,19,27,8,7,33,11,2,15,26,4,
389,18.893771409988403,75250.15160000001,61139.235000000015,0,25,14,31,22,12,47,6,45,16,1,36,43,39,23,18,17,41,34,9,3,24,10,28,42,13,32,35,5,48,49,40,46,21,30,20,44,37,38,29,19,27,8,7,33,11,2,15,26,4,
390,18.932774543762207,74169.94108000002,61139.235000000015,0,25,14,31,22,12,47,6,45,16,1,36,43,39,23,18,17,41,34,9,3,24,10,28,42,13,32,35,5,48,49,40,46,21,30,20,44,37,38,29,19,27,8,7,33,11,2,15,26,4,
391,18.970731735229492,77523.31094666668,61139.235000000015,0,25,14,31,22,12,47,6,45,16,1,36,43,39,23,18,17,41,34,9,3,24,10,28,42,13,32,35,5,48,49,40,46,21,30,20,44,37,38,29,19,27,8,7,33,11,2,15,26,4,
392,19.007740020751953,77528.67613333333,61139.235000000015,0,25,14,31,22,12,47,6,45,16,1,36,43,39,23,18,17,41,34,9,3,24,10,28,42,13,32,35,5,48,49,40,46,21,30,20,44,37,38,29,19,27,8,7,33,11,2,15,26,4,
393,19.046740293502808,76353.8214,61139.235000000015,0,25,14,31,22,12,47,6,45,16,1,36,43,39,23,18,17,41,34,9,3,24,10,28,42,13,32,35,5,48,49,40,46,21,30,20,44,37,38,29,19,27,8,7,33,11,2,15,26,4,
394,19.08372712135315,79678.10986666668,61139.235000000015,0,25,14,31,22,12,47,6,45,16,1,36,43,39,23,18,17,41,34,9,3,24,10,28,42,13,32,35,5,48,49,40,46,21,30,20,44,37,38,29,19,27,8,7,33,11,2,15,26,4,
395,19.120784759521484,80661.59829333334,61139.235000000015,0,25,14,31,22,12,47,6,45,16,1,36,43,39,23,18,17,41,34,9,3,24,10,28,42,13,32,35,5,48,49,40,46,21,30,20,44,37,38,29,19,27,8,7,33,11,2,15,26,4,
396,19.157795190811157,75231.9954,61139.235000000015,0,25,14,31,22,12,47,6,45,16,1,36,43,39,23,18,17,41,34,9,3,24,10,28,42,13,32,35,5,48,49,40,46,21,30,20,44,37,38,29,19,27,8,7,33,11,2,15,26,4,
397,19.19680905342102,73130.23020000002,61139.235000000015,0,25,14,31,22,12,47,6,45,16,1,36,43,39,23,18,17,41,34,9,3,24,10,28,42,13,32,35,5,48,49,40,46,21,30,20,44,37,38,29,19,27,8,7,33,11,2,15,26,4,
398,19.23380732536316,74648.52954666667,61139.235000000015,0,25,14,31,22,12,47,6,45,16,1,36,43,39,23,18,17,41,34,9,3,24,10,28,42,13,32,35,5,48,49,40,46,21,30,20,44,37,38,29,19,27,8,7,33,11,2,15,26,4,
399,21.032809734344482,76755.54204000001,61139.235000000015,0,25,14,31,22,12,47,6,45,16,1,36,43,39,23,18,17,41,34,9,3,24,10,28,42,13,32,35,5,48,49,40,46,21,30,20,44,37,38,29,19,27,8,7,33,11,2,15,26,4,
400,21.06977415084839,76487.05837333335,60264.835000000014,0,25,14,31,22,12,47,6,45,16,1,36,43,39,23,18,17,41,34,9,3,24,10,28,42,13,32,35,5,48,49,40,46,21,30,20,44,37,38,29,8,27,19,7,33,11,2,15,26,4,
401,21.106815338134766,73430.04757333334,60100.645000000004,0,25,14,31,22,12,47,6,45,16,1,36,43,39,23,18,17,41,34,9,3,24,10,28,42,13,32,35,5,48,49,40,46,21,30,20,44,37,38,29,8,19,27,7,33,11,2,15,26,4,
402,21.14377236366272,72548.24992,60100.645000000004,0,25,14,31,22,12,47,6,45,16,1,36,43,39,23,18,17,41,34,9,3,24,10,28,42,13,32,35,5,48,49,40,46,21,30,20,44,37,38,29,8,19,27,7,33,11,2,15,26,4,
403,21.1797776222229,74752.55056,60100.645000000004,0,25,14,31,22,12,47,6,45,16,1,36,43,39,23,18,17,41,34,9,3,24,10,28,42,13,32,35,5,48,49,40,46,21,30,20,44,37,38,29,8,19,27,7,33,11,2,15,26,4,
404,21.215734720230103,73465.23882666668,60100.645000000004,0,25,14,31,22,12,47,6,45,16,1,36,43,39,23,18,17,41,34,9,3,24,10,28,42,13,32,35,5,48,49,40,46,21,30,20,44,37,38,29,8,19,27,7,33,11,2,15,26,4,
405,21.257731914520264,73448.74309333334,60100.645000000004,0,25,14,31,22,12,47,6,45,16,1,36,43,39,23,18,17,41,34,9,3,24,10,28,42,13,32,35,5,48,49,40,46,21,30,20,44,37,38,29,8,19,27,7,33,11,2,15,26,4,
406,21.29673147201538,73554.21648,60100.645000000004,0,25,14,31,22,12,47,6,45,16,1,36,43,39,23,18,17,41,34,9,3,24,10,28,42,13,32,35,5,48,49,40,46,21,30,20,44,37,38,29,8,19,27,7,33,11,2,15,26,4,
407,21.334769248962402,71293.37532,60100.645000000004,0,25,14,31,22,12,47,6,45,16,1,36,43,39,23,18,17,41,34,9,3,24,10,28,42,13,32,35,5,48,49,40,46,21,30,20,44,37,38,29,8,19,27,7,33,11,2,15,26,4,
408,21.37173104286194,71249.02724,60100.645000000004,0,25,14,31,22,12,47,6,45,16,1,36,43,39,23,18,17,41,34,9,3,24,10,28,42,13,32,35,5,48,49,40,46,21,30,20,44,37,38,29,8,19,27,7,33,11,2,15,26,4,
409,21.410733699798584,69509.46924,60100.645000000004,0,25,14,31,22,12,47,6,45,16,1,36,43,39,23,18,17,41,34,9,3,24,10,28,42,13,32,35,5,48,49,40,46,21,30,20,44,37,38,29,8,19,27,7,33,11,2,15,26,4,
410,21.448729515075684,74162.84676,60100.645000000004,0,25,14,31,22,12,47,6,45,16,1,36,43,39,23,18,17,41,34,9,3,24,10,28,42,13,32,35,5,48,49,40,46,21,30,20,44,37,38,29,8,19,27,7,33,11,2,15,26,4,
411,21.486687183380127,73763.88786666667,60100.645000000004,0,25,14,31,22,12,47,6,45,16,1,36,43,39,23,18,17,41,34,9,3,24,10,28,42,13,32,35,5,48,49,40,46,21,30,20,44,37,38,29,8,19,27,7,33,11,2,15,26,4,
412,21.522741079330444,70712.78173333335,60100.645000000004,0,25,14,31,22,12,47,6,45,16,1,36,43,39,23,18,17,41,34,9,3,24,10,28,42,13,32,35,5,48,49,40,46,21,30,20,44,37,38,29,8,19,27,7,33,11,2,15,26,4,
413,21.55973768234253,72534.39584000003,60100.645000000004,0,25,14,31,22,12,47,6,45,16,1,36,43,39,23,18,17,41,34,9,3,24,10,28,42,13,32,35,5,48,49,40,46,21,30,20,44,37,38,29,8,19,27,7,33,11,2,15,26,4,
414,21.59769582748413,75953.29805333333,60100.645000000004,0,25,14,31,22,12,47,6,45,16,1,36,43,39,23,18,17,41,34,9,3,24,10,28,42,13,32,35,5,48,49,40,46,21,30,20,44,37,38,29,8,19,27,7,33,11,2,15,26,4,
415,21.635695457458496,76559.33622666665,60100.645000000004,0,25,14,31,22,12,47,6,45,16,1,36,43,39,23,18,17,41,34,9,3,24,10,28,42,13,32,35,5,48,49,40,46,21,30,20,44,37,38,29,8,19,27,7,33,11,2,15,26,4,
416,21.67269468307495,77790.17698666667,60100.645000000004,0,25,14,31,22,12,47,6,45,16,1,36,43,39,23,18,17,41,34,9,3,24,10,28,42,13,32,35,5,48,49,40,46,21,30,20,44,37,38,29,8,19,27,7,33,11,2,15,26,4,
417,21.709655284881592,74990.46121333334,60100.645000000004,0,25,14,31,22,12,47,6,45,16,1,36,43,39,23,18,17,41,34,9,3,24,10,28,42,13,32,35,5,48,49,40,46,21,30,20,44,37,38,29,8,19,27,7,33,11,2,15,26,4,
418,21.748706102371216,76480.85357333334,60100.645000000004,0,25,14,31,22,12,47,6,45,16,1,36,43,39,23,18,17,41,34,9,3,24,10,28,42,13,32,35,5,48,49,40,46,21,30,20,44,37,38,29,8,19,27,7,33,11,2,15,26,4,
419,21.787702322006226,83297.00337333334,60100.645000000004,0,25,14,31,22,12,47,6,45,16,1,36,43,39,23,18,17,41,34,9,3,24,10,28,42,13,32,35,5,48,49,40,46,21,30,20,44,37,38,29,8,19,27,7,33,11,2,15,26,4,
420,21.823702335357666,75659.36292,60100.645000000004,0,25,14,31,22,12,47,6,45,16,1,36,43,39,23,18,17,41,34,9,3,24,10,28,42,13,32,35,5,48,49,40,46,21,30,20,44,37,38,29,8,19,27,7,33,11,2,15,26,4,
421,21.862702131271362,77114.09454666666,60100.645000000004,0,25,14,31,22,12,47,6,45,16,1,36,43,39,23,18,17,41,34,9,3,24,10,28,42,13,32,35,5,48,49,40,46,21,30,20,44,37,38,29,8,19,27,7,33,11,2,15,26,4,
422,21.900700330734253,78996.64577333334,60100.645000000004,0,25,14,31,22,12,47,6,45,16,1,36,43,39,23,18,17,41,34,9,3,24,10,28,42,13,32,35,5,48,49,40,46,21,30,20,44,37,38,29,8,19,27,7,33,11,2,15,26,4,
423,21.93669819831848,78229.67483999999,60100.645000000004,0,25,14,31,22,12,47,6,45,16,1,36,43,39,23,18,17,41,34,9,3,24,10,28,42,13,32,35,5,48,49,40,46,21,30,20,44,37,38,29,8,19,27,7,33,11,2,15,26,4,
424,21.974737405776978,76945.39294666666,60100.645000000004,0,25,14,31,22,12,47,6,45,16,1,36,43,39,23,18,17,41,34,9,3,24,10,28,42,13,32,35,5,48,49,40,46,21,30,20,44,37,38,29,8,19,27,7,33,11,2,15,26,4,
425,22.011698722839355,77095.33272,60100.645000000004,0,25,14,31,22,12,47,6,45,16,1,36,43,39,23,18,17,41,34,9,3,24,10,28,42,13,32,35,5,48,49,40,46,21,30,20,44,37,38,29,8,19,27,7,33,11,2,15,26,4,
426,22.049701929092407,76141.00089333334,60100.645000000004,0,25,14,31,22,12,47,6,45,16,1,36,43,39,23,18,17,41,34,9,3,24,10,28,42,13,32,35,5,48,49,40,46,21,30,20,44,37,38,29,8,19,27,7,33,11,2,15,26,4,
427,22.087700843811035,74005.53302666667,60100.645000000004,0,25,14,31,22,12,47,6,45,16,1,36,43,39,23,18,17,41,34,9,3,24,10,28,42,13,32,35,5,48,49,40,46,21,30,20,44,37,38,29,8,19,27,7,33,11,2,15,26,4,
428,22.123700380325317,73539.50182666667,60100.645000000004,0,25,14,31,22,12,47,6,45,16,1,36,43,39,23,18,17,41,34,9,3,24,10,28,42,13,32,35,5,48,49,40,46,21,30,20,44,37,38,29,8,19,27,7,33,11,2,15,26,4,
429,22.161728143692017,72730.70738666668,60100.645000000004,0,25,14,31,22,12,47,6,45,16,1,36,43,39,23,18,17,41,34,9,3,24,10,28,42,13,32,35,5,48,49,40,46,21,30,20,44,37,38,29,8,19,27,7,33,11,2,15,26,4,
430,22.199780702590942,76859.20269333333,60100.645000000004,0,25,14,31,22,12,47,6,45,16,1,36,43,39,23,18,17,41,34,9,3,24,10,28,42,13,32,35,5,48,49,40,46,21,30,20,44,37,38,29,8,19,27,7,33,11,2,15,26,4,
431,22.23777747154236,74267.58801333334,60100.645000000004,0,25,14,31,22,12,47,6,45,16,1,36,43,39,23,18,17,41,34,9,3,24,10,28,42,13,32,35,5,48,49,40,46,21,30,20,44,37,38,29,8,19,27,7,33,11,2,15,26,4,
432,22.275792360305786,73343.12917333333,60100.645000000004,0,25,14,31,22,12,47,6,45,16,1,36,43,39,23,18,17,41,34,9,3,24,10,28,42,13,32,35,5,48,49,40,46,21,30,20,44,37,38,29,8,19,27,7,33,11,2,15,26,4,
433,22.314792156219482,74135.17854666668,60100.645000000004,0,25,14,31,22,12,47,6,45,16,1,36,43,39,23,18,17,41,34,9,3,24,10,28,42,13,32,35,5,48,49,40,46,21,30,20,44,37,38,29,8,19,27,7,33,11,2,15,26,4,
434,22.353806018829346,74374.65960000003,60100.645000000004,0,25,14,31,22,12,47,6,45,16,1,36,43,39,23,18,17,41,34,9,3,24,10,28,42,13,32,35,5,48,49,40,46,21,30,20,44,37,38,29,8,19,27,7,33,11,2,15,26,4,
435,22.392805337905884,71981.73329333335,60100.645000000004,0,25,14,31,22,12,47,6,45,16,1,36,43,39,23,18,17,41,34,9,3,24,10,28,42,13,32,35,5,48,49,40,46,21,30,20,44,37,38,29,8,19,27,7,33,11,2,15,26,4,
436,22.431806564331055,72578.88436000001,60100.645000000004,0,25,14,31,22,12,47,6,45,16,1,36,43,39,23,18,17,41,34,9,3,24,10,28,42,13,32,35,5,48,49,40,46,21,30,20,44,37,38,29,8,19,27,7,33,11,2,15,26,4,
437,22.470805168151855,73799.52033333333,60100.645000000004,0,25,14,31,22,12,47,6,45,16,1,36,43,39,23,18,17,41,34,9,3,24,10,28,42,13,32,35,5,48,49,40,46,21,30,20,44,37,38,29,8,19,27,7,33,11,2,15,26,4,
438,22.507859468460083,75587.57097333335,60100.645000000004,0,25,14,31,22,12,47,6,45,16,1,36,43,39,23,18,17,41,34,9,3,24,10,28,42,13,32,35,5,48,49,40,46,21,30,20,44,37,38,29,8,19,27,7,33,11,2,15,26,4,
439,22.54480743408203,78357.81804000003,60100.645000000004,0,25,14,31,22,12,47,6,45,16,1,36,43,39,23,18,17,41,34,9,3,24,10,28,42,13,32,35,5,48,49,40,46,21,30,20,44,37,38,29,8,19,27,7,33,11,2,15,26,4,
440,22.58385467529297,77211.54248000002,60100.645000000004,0,25,14,31,22,12,47,6,45,16,1,36,43,39,23,18,17,41,34,9,3,24,10,28,42,13,32,35,5,48,49,40,46,21,30,20,44,37,38,29,8,19,27,7,33,11,2,15,26,4,
441,22.623818159103394,77257.07478666668,60100.645000000004,0,25,14,31,22,12,47,6,45,16,1,36,43,39,23,18,17,41,34,9,3,24,10,28,42,13,32,35,5,48,49,40,46,21,30,20,44,37,38,29,8,19,27,7,33,11,2,15,26,4,
442,22.660781145095825,84595.50909333334,60100.645000000004,0,25,14,31,22,12,47,6,45,16,1,36,43,39,23,18,17,41,34,9,3,24,10,28,42,13,32,35,5,48,49,40,46,21,30,20,44,37,38,29,8,19,27,7,33,11,2,15,26,4,
443,22.69974398612976,78525.93956000001,60100.645000000004,0,25,14,31,22,12,47,6,45,16,1,36,43,39,23,18,17,41,34,9,3,24,10,28,42,13,32,35,5,48,49,40,46,21,30,20,44,37,38,29,8,19,27,7,33,11,2,15,26,4,
444,22.73579430580139,77632.51222666669,60100.645000000004,0,25,14,31,22,12,47,6,45,16,1,36,43,39,23,18,17,41,34,9,3,24,10,28,42,13,32,35,5,48,49,40,46,21,30,20,44,37,38,29,8,19,27,7,33,11,2,15,26,4,
445,22.772834062576294,78398.54640000002,60100.645000000004,0,25,14,31,22,12,47,6,45,16,1,36,43,39,23,18,17,41,34,9,3,24,10,28,42,13,32,35,5,48,49,40,46,21,30,20,44,37,38,29,8,19,27,7,33,11,2,15,26,4,
446,22.81083869934082,77329.29057333335,60100.645000000004,0,25,14,31,22,12,47,6,45,16,1,36,43,39,23,18,17,41,34,9,3,24,10,28,42,13,32,35,5,48,49,40,46,21,30,20,44,37,38,29,8,19,27,7,33,11,2,15,26,4,
447,22.848835468292236,78381.86544000002,60100.645000000004,0,25,14,31,22,12,47,6,45,16,1,36,43,39,23,18,17,41,34,9,3,24,10,28,42,13,32,35,5,48,49,40,46,21,30,20,44,37,38,29,8,19,27,7,33,11,2,15,26,4,
448,22.88583540916443,77480.83716000001,60100.645000000004,0,25,14,31,22,12,47,6,45,16,1,36,43,39,23,18,17,41,34,9,3,24,10,28,42,13,32,35,5,48,49,40,46,21,30,20,44,37,38,29,8,19,27,7,33,11,2,15,26,4,
449,22.924801111221313,73352.62349333335,60100.645000000004,0,25,14,31,22,12,47,6,45,16,1,36,43,39,23,18,17,41,34,9,3,24,10,28,42,13,32,35,5,48,49,40,46,21,30,20,44,37,38,29,8,19,27,7,33,11,2,15,26,4,
450,22.96180272102356,79039.50028000002,60100.645000000004,0,25,14,31,22,12,47,6,45,16,1,36,43,39,23,18,17,41,34,9,3,24,10,28,42,13,32,35,5,48,49,40,46,21,30,20,44,37,38,29,8,19,27,7,33,11,2,15,26,4,
451,22.999803066253662,80379.16740000002,60100.645000000004,0,25,14,31,22,12,47,6,45,16,1,36,43,39,23,18,17,41,34,9,3,24,10,28,42,13,32,35,5,48,49,40,46,21,30,20,44,37,38,29,8,19,27,7,33,11,2,15,26,4,
452,23.037846565246582,74889.97006666668,60100.645000000004,0,25,14,31,22,12,47,6,45,16,1,36,43,39,23,18,17,41,34,9,3,24,10,28,42,13,32,35,5,48,49,40,46,21,30,20,44,37,38,29,8,19,27,7,33,11,2,15,26,4,
453,23.074804306030273,76366.39770666667,60100.645000000004,0,25,14,31,22,12,47,6,45,16,1,36,43,39,23,18,17,41,34,9,3,24,10,28,42,13,32,35,5,48,49,40,46,21,30,20,44,37,38,29,8,19,27,7,33,11,2,15,26,4,
454,23.11280083656311,75360.06385333333,60100.645000000004,0,25,14,31,22,12,47,6,45,16,1,36,43,39,23,18,17,41,34,9,3,24,10,28,42,13,32,35,5,48,49,40,46,21,30,20,44,37,38,29,8,19,27,7,33,11,2,15,26,4,
455,23.151801109313965,73182.344,60100.645000000004,0,25,14,31,22,12,47,6,45,16,1,36,43,39,23,18,17,41,34,9,3,24,10,28,42,13,32,35,5,48,49,40,46,21,30,20,44,37,38,29,8,19,27,7,33,11,2,15,26,4,
456,23.1867995262146,72890.19602666667,60100.645000000004,0,25,14,31,22,12,47,6,45,16,1,36,43,39,23,18,17,41,34,9,3,24,10,28,42,13,32,35,5,48,49,40,46,21,30,20,44,37,38,29,8,19,27,7,33,11,2,15,26,4,
457,23.222809314727783,71307.71444000001,60100.645000000004,0,25,14,31,22,12,47,6,45,16,1,36,43,39,23,18,17,41,34,9,3,24,10,28,42,13,32,35,5,48,49,40,46,21,30,20,44,37,38,29,8,19,27,7,33,11,2,15,26,4,
458,23.25984811782837,71880.63722666667,60100.645000000004,0,25,14,31,22,12,47,6,45,16,1,36,43,39,23,18,17,41,34,9,3,24,10,28,42,13,32,35,5,48,49,40,46,21,30,20,44,37,38,29,8,19,27,7,33,11,2,15,26,4,
459,23.298851490020752,74298.95038666668,60100.645000000004,0,25,14,31,22,12,47,6,45,16,1,36,43,39,23,18,17,41,34,9,3,24,10,28,42,13,32,35,5,48,49,40,46,21,30,20,44,37,38,29,8,19,27,7,33,11,2,15,26,4,
460,23.33781385421753,74272.42194666667,60100.645000000004,0,25,14,31,22,12,47,6,45,16,1,36,43,39,23,18,17,41,34,9,3,24,10,28,42,13,32,35,5,48,49,40,46,21,30,20,44,37,38,29,8,19,27,7,33,11,2,15,26,4,
461,23.372811794281006,77465.10749333334,60100.645000000004,0,25,14,31,22,12,47,6,45,16,1,36,43,39,23,18,17,41,34,9,3,24,10,28,42,13,32,35,5,48,49,40,46,21,30,20,44,37,38,29,8,19,27,7,33,11,2,15,26,4,
462,23.409810543060303,73882.18553333335,60100.645000000004,0,25,14,31,22,12,47,6,45,16,1,36,43,39,23,18,17,41,34,9,3,24,10,28,42,13,32,35,5,48,49,40,46,21,30,20,44,37,38,29,8,19,27,7,33,11,2,15,26,4,
463,23.44784951210022,74187.73684000001,60100.645000000004,0,25,14,31,22,12,47,6,45,16,1,36,43,39,23,18,17,41,34,9,3,24,10,28,42,13,32,35,5,48,49,40,46,21,30,20,44,37,38,29,8,19,27,7,33,11,2,15,26,4,
464,23.48784351348877,77008.58164000002,60100.645000000004,0,25,14,31,22,12,47,6,45,16,1,36,43,39,23,18,17,41,34,9,3,24,10,28,42,13,32,35,5,48,49,40,46,21,30,20,44,37,38,29,8,19,27,7,33,11,2,15,26,4,
465,23.525879383087158,75664.50924000001,60100.645000000004,0,25,14,31,22,12,47,6,45,16,1,36,43,39,23,18,17,41,34,9,3,24,10,28,42,13,32,35,5,48,49,40,46,21,30,20,44,37,38,29,8,19,27,7,33,11,2,15,26,4,
466,23.563859462738037,76579.00853333333,60100.645000000004,0,25,14,31,22,12,47,6,45,16,1,36,43,39,23,18,17,41,34,9,3,24,10,28,42,13,32,35,5,48,49,40,46,21,30,20,44,37,38,29,8,19,27,7,33,11,2,15,26,4,
467,23.601823568344116,76552.18209333334,60100.645000000004,0,25,14,31,22,12,47,6,45,16,1,36,43,39,23,18,17,41,34,9,3,24,10,28,42,13,32,35,5,48,49,40,46,21,30,20,44,37,38,29,8,19,27,7,33,11,2,15,26,4,
468,23.638782024383545,80145.47652,60100.645000000004,0,25,14,31,22,12,47,6,45,16,1,36,43,39,23,18,17,41,34,9,3,24,10,28,42,13,32,35,5,48,49,40,46,21,30,20,44,37,38,29,8,19,27,7,33,11,2,15,26,4,
469,23.67578101158142,80540.74665333335,60100.645000000004,0,25,14,31,22,12,47,6,45,16,1,36,43,39,23,18,17,41,34,9,3,24,10,28,42,13,32,35,5,48,49,40,46,21,30,20,44,37,38,29,8,19,27,7,33,11,2,15,26,4,
470,23.71481943130493,76485.47078666667,60100.645000000004,0,25,14,31,22,12,47,6,45,16,1,36,43,39,23,18,17,41,34,9,3,24,10,28,42,13,32,35,5,48,49,40,46,21,30,20,44,37,38,29,8,19,27,7,33,11,2,15,26,4,
471,23.753816604614258,77246.96442666667,60100.645000000004,0,25,14,31,22,12,47,6,45,16,1,36,43,39,23,18,17,41,34,9,3,24,10,28,42,13,32,35,5,48,49,40,46,21,30,20,44,37,38,29,8,19,27,7,33,11,2,15,26,4,
472,23.791816473007202,79651.51204000002,60100.645000000004,0,25,14,31,22,12,47,6,45,16,1,36,43,39,23,18,17,41,34,9,3,24,10,28,42,13,32,35,5,48,49,40,46,21,30,20,44,37,38,29,8,19,27,7,33,11,2,15,26,4,
473,23.82877802848816,79993.80682666668,60100.645000000004,0,25,14,31,22,12,47,6,45,16,1,36,43,39,23,18,17,41,34,9,3,24,10,28,42,13,32,35,5,48,49,40,46,21,30,20,44,37,38,29,8,19,27,7,33,11,2,15,26,4,
474,23.88377094268799,83817.36031999999,60100.645000000004,0,25,14,31,22,12,47,6,45,16,1,36,43,39,23,18,17,41,34,9,3,24,10,28,42,13,32,35,5,48,49,40,46,21,30,20,44,37,38,29,8,19,27,7,33,11,2,15,26,4,
475,23.91981077194214,83469.75872,60100.645000000004,0,25,14,31,22,12,47,6,45,16,1,36,43,39,23,18,17,41,34,9,3,24,10,28,42,13,32,35,5,48,49,40,46,21,30,20,44,37,38,29,8,19,27,7,33,11,2,15,26,4,
476,23.955808639526367,83554.76672,60100.645000000004,0,25,14,31,22,12,47,6,45,16,1,36,43,39,23,18,17,41,34,9,3,24,10,28,42,13,32,35,5,48,49,40,46,21,30,20,44,37,38,29,8,19,27,7,33,11,2,15,26,4,
477,23.993844270706177,81185.50502666667,60100.645000000004,0,25,14,31,22,12,47,6,45,16,1,36,43,39,23,18,17,41,34,9,3,24,10,28,42,13,32,35,5,48,49,40,46,21,30,20,44,37,38,29,8,19,27,7,33,11,2,15,26,4,
478,24.031882762908936,77762.81013333332,60100.645000000004,0,25,14,31,22,12,47,6,45,16,1,36,43,39,23,18,17,41,34,9,3,24,10,28,42,13,32,35,5,48,49,40,46,21,30,20,44,37,38,29,8,19,27,7,33,11,2,15,26,4,
479,24.067893266677856,76901.88696,60100.645000000004,0,25,14,31,22,12,47,6,45,16,1,36,43,39,23,18,17,41,34,9,3,24,10,28,42,13,32,35,5,48,49,40,46,21,30,20,44,37,38,29,8,19,27,7,33,11,2,15,26,4,
480,24.10388159751892,76787.50042666667,60100.645000000004,0,25,14,31,22,12,47,6,45,16,1,36,43,39,23,18,17,41,34,9,3,24,10,28,42,13,32,35,5,48,49,40,46,21,30,20,44,37,38,29,8,19,27,7,33,11,2,15,26,4,
481,24.141886711120605,71857.91109333333,60100.645000000004,0,25,14,31,22,12,47,6,45,16,1,36,43,39,23,18,17,41,34,9,3,24,10,28,42,13,32,35,5,48,49,40,46,21,30,20,44,37,38,29,8,19,27,7,33,11,2,15,26,4,
482,24.180887699127197,73965.36338666666,60100.645000000004,0,25,14,31,22,12,47,6,45,16,1,36,43,39,23,18,17,41,34,9,3,24,10,28,42,13,32,35,5,48,49,40,46,21,30,20,44,37,38,29,8,19,27,7,33,11,2,15,26,4,
483,24.21984624862671,73502.21348,60100.645000000004,0,25,14,31,22,12,47,6,45,16,1,36,43,39,23,18,17,41,34,9,3,24,10,28,42,13,32,35,5,48,49,40,46,21,30,20,44,37,38,29,8,19,27,7,33,11,2,15,26,4,
484,24.258812427520752,73890.26141333333,60100.645000000004,0,25,14,31,22,12,47,6,45,16,1,36,43,39,23,18,17,41,34,9,3,24,10,28,42,13,32,35,5,48,49,40,46,21,30,20,44,37,38,29,8,19,27,7,33,11,2,15,26,4,
485,24.296817541122437,80765.29692,60100.645000000004,0,25,14,31,22,12,47,6,45,16,1,36,43,39,23,18,17,41,34,9,3,24,10,28,42,13,32,35,5,48,49,40,46,21,30,20,44,37,38,29,8,19,27,7,33,11,2,15,26,4,
486,24.33287262916565,87528.37656000002,60100.645000000004,0,25,14,31,22,12,47,6,45,16,1,36,43,39,23,18,17,41,34,9,3,24,10,28,42,13,32,35,5,48,49,40,46,21,30,20,44,37,38,29,8,19,27,7,33,11,2,15,26,4,
487,24.37091040611267,88360.13253333334,60100.645000000004,0,25,14,31,22,12,47,6,45,16,1,36,43,39,23,18,17,41,34,9,3,24,10,28,42,13,32,35,5,48,49,40,46,21,30,20,44,37,38,29,8,19,27,7,33,11,2,15,26,4,
488,24.40787363052368,85741.29982666667,60100.645000000004,0,25,14,31,22,12,47,6,45,16,1,36,43,39,23,18,17,41,34,9,3,24,10,28,42,13,32,35,5,48,49,40,46,21,30,20,44,37,38,29,8,19,27,7,33,11,2,15,26,4,
489,24.443915367126465,84300.41382666667,60100.645000000004,0,25,14,31,22,12,47,6,45,16,1,36,43,39,23,18,17,41,34,9,3,24,10,28,42,13,32,35,5,48,49,40,46,21,30,20,44,37,38,29,8,19,27,7,33,11,2,15,26,4,
490,24.479919910430908,81276.13096,60100.645000000004,0,25,14,31,22,12,47,6,45,16,1,36,43,39,23,18,17,41,34,9,3,24,10,28,42,13,32,35,5,48,49,40,46,21,30,20,44,37,38,29,8,19,27,7,33,11,2,15,26,4,
491,24.516881942749023,80251.71833333334,60100.645000000004,0,25,14,31,22,12,47,6,45,16,1,36,43,39,23,18,17,41,34,9,3,24,10,28,42,13,32,35,5,48,49,40,46,21,30,20,44,37,38,29,8,19,27,7,33,11,2,15,26,4,
492,24.553884744644165,79814.0264,60100.645000000004,0,25,14,31,22,12,47,6,45,16,1,36,43,39,23,18,17,41,34,9,3,24,10,28,42,13,32,35,5,48,49,40,46,21,30,20,44,37,38,29,8,19,27,7,33,11,2,15,26,4,
493,24.5928795337677,76587.02588,60100.645000000004,0,25,14,31,22,12,47,6,45,16,1,36,43,39,23,18,17,41,34,9,3,24,10,28,42,13,32,35,5,48,49,40,46,21,30,20,44,37,38,29,8,19,27,7,33,11,2,15,26,4,
494,24.631921529769897,76993.41301333334,60100.645000000004,0,25,14,31,22,12,47,6,45,16,1,36,43,39,23,18,17,41,34,9,3,24,10,28,42,13,32,35,5,48,49,40,46,21,30,20,44,37,38,29,8,19,27,7,33,11,2,15,26,4,
495,24.66993474960327,81168.59437333334,60100.645000000004,0,25,14,31,22,12,47,6,45,16,1,36,43,39,23,18,17,41,34,9,3,24,10,28,42,13,32,35,5,48,49,40,46,21,30,20,44,37,38,29,8,19,27,7,33,11,2,15,26,4,
496,24.709933042526245,80448.37890666668,60100.645000000004,0,25,14,31,22,12,47,6,45,16,1,36,43,39,23,18,17,41,34,9,3,24,10,28,42,13,32,35,5,48,49,40,46,21,30,20,44,37,38,29,8,19,27,7,33,11,2,15,26,4,
497,24.744929790496826,70841.55797333334,60100.645000000004,0,25,14,31,22,12,47,6,45,16,1,36,43,39,23,18,17,41,34,9,3,24,10,28,42,13,32,35,5,48,49,40,46,21,30,20,44,37,38,29,8,19,27,7,33,11,2,15,26,4,
498,24.781928539276123,72151.41200000001,60100.645000000004,0,25,14,31,22,12,47,6,45,16,1,36,43,39,23,18,17,41,34,9,3,24,10,28,42,13,32,35,5,48,49,40,46,21,30,20,44,37,38,29,8,19,27,7,33,11,2,15,26,4,
499,24.819948434829712,71996.11604000001,60100.645000000004,0,25,14,31,22,12,47,6,45,16,1,36,43,39,23,18,17,41,34,9,3,24,10,28,42,13,32,35,5,48,49,40,46,21,30,20,44,37,38,29,8,19,27,7,33,11,2,15,26,4,
500,24.85789728164673,74703.72406666668,60100.645000000004,0,25,14,31,22,12,47,6,45,16,1,36,43,39,23,18,17,41,34,9,3,24,10,28,42,13,32,35,5,48,49,40,46,21,30,20,44,37,38,29,8,19,27,7,33,11,2,15,26,4,
501,24.89389204978943,71967.38928000002,60100.645000000004,0,25,14,31,22,12,47,6,45,16,1,36,43,39,23,18,17,41,34,9,3,24,10,28,42,13,32,35,5,48,49,40,46,21,30,20,44,37,38,29,8,19,27,7,33,11,2,15,26,4,
502,24.931891679763794,73745.27274666668,60100.645000000004,0,25,14,31,22,12,47,6,45,16,1,36,43,39,23,18,17,41,34,9,3,24,10,28,42,13,32,35,5,48,49,40,46,21,30,20,44,37,38,29,8,19,27,7,33,11,2,15,26,4,
503,24.969932079315186,72849.52760000002,60100.645000000004,0,25,14,31,22,12,47,6,45,16,1,36,43,39,23,18,17,41,34,9,3,24,10,28,42,13,32,35,5,48,49,40,46,21,30,20,44,37,38,29,8,19,27,7,33,11,2,15,26,4,
504,25.007946491241455,76509.34093333335,60100.645000000004,0,25,14,31,22,12,47,6,45,16,1,36,43,39,23,18,17,41,34,9,3,24,10,28,42,13,32,35,5,48,49,40,46,21,30,20,44,37,38,29,8,19,27,7,33,11,2,15,26,4,
505,25.044943809509277,75761.5586,60100.645000000004,0,25,14,31,22,12,47,6,45,16,1,36,43,39,23,18,17,41,34,9,3,24,10,28,42,13,32,35,5,48,49,40,46,21,30,20,44,37,38,29,8,19,27,7,33,11,2,15,26,4,
506,25.088937759399414,78435.78929333334,60100.645000000004,0,25,14,31,22,12,47,6,45,16,1,36,43,39,23,18,17,41,34,9,3,24,10,28,42,13,32,35,5,48,49,40,46,21,30,20,44,37,38,29,8,19,27,7,33,11,2,15,26,4,
507,25.1279399394989,77354.29836,60100.645000000004,0,25,14,31,22,12,47,6,45,16,1,36,43,39,23,18,17,41,34,9,3,24,10,28,42,13,32,35,5,48,49,40,46,21,30,20,44,37,38,29,8,19,27,7,33,11,2,15,26,4,
508,25.16598105430603,78246.43183999999,60100.645000000004,0,25,14,31,22,12,47,6,45,16,1,36,43,39,23,18,17,41,34,9,3,24,10,28,42,13,32,35,5,48,49,40,46,21,30,20,44,37,38,29,8,19,27,7,33,11,2,15,26,4,
509,25.323033809661865,77079.44265333335,60100.645000000004,0,25,14,31,22,12,47,6,45,16,1,36,43,39,23,18,17,41,34,9,3,24,10,28,42,13,32,35,5,48,49,40,46,21,30,20,44,37,38,29,8,19,27,7,33,11,2,15,26,4,
510,25.362025022506714,76205.21076,60100.645000000004,0,25,14,31,22,12,47,6,45,16,1,36,43,39,23,18,17,41,34,9,3,24,10,28,42,13,32,35,5,48,49,40,46,21,30,20,44,37,38,29,8,19,27,7,33,11,2,15,26,4,
511,25.401984214782715,71888.45730666666,60100.645000000004,0,25,14,31,22,12,47,6,45,16,1,36,43,39,23,18,17,41,34,9,3,24,10,28,42,13,32,35,5,48,49,40,46,21,30,20,44,37,38,29,8,19,27,7,33,11,2,15,26,4,
512,25.43894600868225,72108.68406666667,60100.645000000004,0,25,14,31,22,12,47,6,45,16,1,36,43,39,23,18,17,41,34,9,3,24,10,28,42,13,32,35,5,48,49,40,46,21,30,20,44,37,38,29,8,19,27,7,33,11,2,15,26,4,
513,25.475939512252808,73580.68620000001,60100.645000000004,0,25,14,31,22,12,47,6,45,16,1,36,43,39,23,18,17,41,34,9,3,24,10,28,42,13,32,35,5,48,49,40,46,21,30,20,44,37,38,29,8,19,27,7,33,11,2,15,26,4,
514,25.512938737869263,70251.35906666669,60100.645000000004,0,25,14,31,22,12,47,6,45,16,1,36,43,39,23,18,17,41,34,9,3,24,10,28,42,13,32,35,5,48,49,40,46,21,30,20,44,37,38,29,8,19,27,7,33,11,2,15,26,4,
515,25.552936553955078,68184.94224,60100.645000000004,0,25,14,31,22,12,47,6,45,16,1,36,43,39,23,18,17,41,34,9,3,24,10,28,42,13,32,35,5,48,49,40,46,21,30,20,44,37,38,29,8,19,27,7,33,11,2,15,26,4,
516,25.5909366607666,72730.57285333335,60100.645000000004,0,25,14,31,22,12,47,6,45,16,1,36,43,39,23,18,17,41,34,9,3,24,10,28,42,13,32,35,5,48,49,40,46,21,30,20,44,37,38,29,8,19,27,7,33,11,2,15,26,4,
517,25.629937648773193,76952.11044,60100.645000000004,0,25,14,31,22,12,47,6,45,16,1,36,43,39,23,18,17,41,34,9,3,24,10,28,42,13,32,35,5,48,49,40,46,21,30,20,44,37,38,29,8,19,27,7,33,11,2,15,26,4,
518,25.66793918609619,77024.80641333332,60100.645000000004,0,25,14,31,22,12,47,6,45,16,1,36,43,39,23,18,17,41,34,9,3,24,10,28,42,13,32,35,5,48,49,40,46,21,30,20,44,37,38,29,8,19,27,7,33,11,2,15,26,4,
519,25.704979181289673,76928.97101333333,60100.645000000004,0,25,14,31,22,12,47,6,45,16,1,36,43,39,23,18,17,41,34,9,3,24,10,28,42,13,32,35,5,48,49,40,46,21,30,20,44,37,38,29,8,19,27,7,33,11,2,15,26,4,
520,25.744022846221924,70830.7441466667,60100.645000000004,0,25,14,31,22,12,47,6,45,16,1,36,43,39,23,18,17,41,34,9,3,24,10,28,42,13,32,35,5,48,49,40,46,21,30,20,44,37,38,29,8,19,27,7,33,11,2,15,26,4,
521,25.782026767730713,70065.49992000002,60100.645000000004,0,25,14,31,22,12,47,6,45,16,1,36,43,39,23,18,17,41,34,9,3,24,10,28,42,13,32,35,5,48,49,40,46,21,30,20,44,37,38,29,8,19,27,7,33,11,2,15,26,4,
522,25.820040225982666,75149.81633333332,60100.645000000004,0,25,14,31,22,12,47,6,45,16,1,36,43,39,23,18,17,41,34,9,3,24,10,28,42,13,32,35,5,48,49,40,46,21,30,20,44,37,38,29,8,19,27,7,33,11,2,15,26,4,
523,25.85904097557068,74039.33905333334,60100.645000000004,0,25,14,31,22,12,47,6,45,16,1,36,43,39,23,18,17,41,34,9,3,24,10,28,42,13,32,35,5,48,49,40,46,21,30,20,44,37,38,29,8,19,27,7,33,11,2,15,26,4,
524,25.896041870117188,72968.07505333335,60100.645000000004,0,25,14,31,22,12,47,6,45,16,1,36,43,39,23,18,17,41,34,9,3,24,10,28,42,13,32,35,5,48,49,40,46,21,30,20,44,37,38,29,8,19,27,7,33,11,2,15,26,4,
525,25.935000896453857,74169.12262666669,60100.645000000004,0,25,14,31,22,12,47,6,45,16,1,36,43,39,23,18,17,41,34,9,3,24,10,28,42,13,32,35,5,48,49,40,46,21,30,20,44,37,38,29,8,19,27,7,33,11,2,15,26,4,
526,25.97396421432495,74068.11412000001,60100.645000000004,0,25,14,31,22,12,47,6,45,16,1,36,43,39,23,18,17,41,34,9,3,24,10,28,42,13,32,35,5,48,49,40,46,21,30,20,44,37,38,29,8,19,27,7,33,11,2,15,26,4,
527,26.011964797973633,73809.75622666668,60100.645000000004,0,25,14,31,22,12,47,6,45,16,1,36,43,39,23,18,17,41,34,9,3,24,10,28,42,13,32,35,5,48,49,40,46,21,30,20,44,37,38,29,8,19,27,7,33,11,2,15,26,4,
528,26.04900622367859,73709.11248000001,60100.645000000004,0,25,14,31,22,12,47,6,45,16,1,36,43,39,23,18,17,41,34,9,3,24,10,28,42,13,32,35,5,48,49,40,46,21,30,20,44,37,38,29,8,19,27,7,33,11,2,15,26,4,
529,26.086044549942017,73277.07630666668,60100.645000000004,0,25,14,31,22,12,47,6,45,16,1,36,43,39,23,18,17,41,34,9,3,24,10,28,42,13,32,35,5,48,49,40,46,21,30,20,44,37,38,29,8,19,27,7,33,11,2,15,26,4,
530,26.124006748199463,74518.37066666667,60100.645000000004,0,25,14,31,22,12,47,6,45,16,1,36,43,39,23,18,17,41,34,9,3,24,10,28,42,13,32,35,5,48,49,40,46,21,30,20,44,37,38,29,8,19,27,7,33,11,2,15,26,4,
531,26.1600444316864,73528.29160000001,60100.645000000004,0,25,14,31,22,12,47,6,45,16,1,36,43,39,23,18,17,41,34,9,3,24,10,28,42,13,32,35,5,48,49,40,46,21,30,20,44,37,38,29,8,19,27,7,33,11,2,15,26,4,
532,26.196043252944946,77179.02569333333,60100.645000000004,0,25,14,31,22,12,47,6,45,16,1,36,43,39,23,18,17,41,34,9,3,24,10,28,42,13,32,35,5,48,49,40,46,21,30,20,44,37,38,29,8,19,27,7,33,11,2,15,26,4,
533,26.233095407485962,79136.7622,60100.645000000004,0,25,14,31,22,12,47,6,45,16,1,36,43,39,23,18,17,41,34,9,3,24,10,28,42,13,32,35,5,48,49,40,46,21,30,20,44,37,38,29,8,19,27,7,33,11,2,15,26,4,
534,26.271058082580566,74991.49338666667,60100.645000000004,0,25,14,31,22,12,47,6,45,16,1,36,43,39,23,18,17,41,34,9,3,24,10,28,42,13,32,35,5,48,49,40,46,21,30,20,44,37,38,29,8,19,27,7,33,11,2,15,26,4,
535,26.30706763267517,78343.52284,60100.645000000004,0,25,14,31,22,12,47,6,45,16,1,36,43,39,23,18,17,41,34,9,3,24,10,28,42,13,32,35,5,48,49,40,46,21,30,20,44,37,38,29,8,19,27,7,33,11,2,15,26,4,
536,26.345026969909668,76015.24510666667,60100.645000000004,0,25,14,31,22,12,47,6,45,16,1,36,43,39,23,18,17,41,34,9,3,24,10,28,42,13,32,35,5,48,49,40,46,21,30,20,44,37,38,29,8,19,27,7,33,11,2,15,26,4,
537,26.38202714920044,77878.93346666668,60100.645000000004,0,25,14,31,22,12,47,6,45,16,1,36,43,39,23,18,17,41,34,9,3,24,10,28,42,13,32,35,5,48,49,40,46,21,30,20,44,37,38,29,8,19,27,7,33,11,2,15,26,4,
538,26.41898822784424,78261.45244000001,60100.645000000004,0,25,14,31,22,12,47,6,45,16,1,36,43,39,23,18,17,41,34,9,3,24,10,28,42,13,32,35,5,48,49,40,46,21,30,20,44,37,38,29,8,19,27,7,33,11,2,15,26,4,
539,26.45495057106018,72972.75406666666,60100.645000000004,0,25,14,31,22,12,47,6,45,16,1,36,43,39,23,18,17,41,34,9,3,24,10,28,42,13,32,35,5,48,49,40,46,21,30,20,44,37,38,29,8,19,27,7,33,11,2,15,26,4,
540,26.490905046463013,72105.50544,60100.645000000004,0,25,14,31,22,12,47,6,45,16,1,36,43,39,23,18,17,41,34,9,3,24,10,28,42,13,32,35,5,48,49,40,46,21,30,20,44,37,38,29,8,19,27,7,33,11,2,15,26,4,
541,26.527903079986572,72896.00250666666,60100.645000000004,0,25,14,31,22,12,47,6,45,16,1,36,43,39,23,18,17,41,34,9,3,24,10,28,42,13,32,35,5,48,49,40,46,21,30,20,44,37,38,29,8,19,27,7,33,11,2,15,26,4,
542,26.56690526008606,72017.43490666668,60100.645000000004,0,25,14,31,22,12,47,6,45,16,1,36,43,39,23,18,17,41,34,9,3,24,10,28,42,13,32,35,5,48,49,40,46,21,30,20,44,37,38,29,8,19,27,7,33,11,2,15,26,4,
543,26.6039035320282,73197.17384,60100.645000000004,0,25,14,31,22,12,47,6,45,16,1,36,43,39,23,18,17,41,34,9,3,24,10,28,42,13,32,35,5,48,49,40,46,21,30,20,44,37,38,29,8,19,27,7,33,11,2,15,26,4,
544,26.641900777816772,71822.80628,60100.645000000004,0,25,14,31,22,12,47,6,45,16,1,36,43,39,23,18,17,41,34,9,3,24,10,28,42,13,32,35,5,48,49,40,46,21,30,20,44,37,38,29,8,19,27,7,33,11,2,15,26,4,
545,26.68090271949768,79263.16610666667,60100.645000000004,0,25,14,31,22,12,47,6,45,16,1,36,43,39,23,18,17,41,34,9,3,24,10,28,42,13,32,35,5,48,49,40,46,21,30,20,44,37,38,29,8,19,27,7,33,11,2,15,26,4,
546,26.716912508010864,73143.52993333335,60100.645000000004,0,25,14,31,22,12,47,6,45,16,1,36,43,39,23,18,17,41,34,9,3,24,10,28,42,13,32,35,5,48,49,40,46,21,30,20,44,37,38,29,8,19,27,7,33,11,2,15,26,4,
547,26.754872798919678,76865.72277333333,60100.645000000004,0,25,14,31,22,12,47,6,45,16,1,36,43,39,23,18,17,41,34,9,3,24,10,28,42,13,32,35,5,48,49,40,46,21,30,20,44,37,38,29,8,19,27,7,33,11,2,15,26,4,
548,26.79387879371643,76996.76862666667,60100.645000000004,0,25,14,31,22,12,47,6,45,16,1,36,43,39,23,18,17,41,34,9,3,24,10,28,42,13,32,35,5,48,49,40,46,21,30,20,44,37,38,29,8,19,27,7,33,11,2,15,26,4,
549,26.831877946853638,76315.05665333335,60100.645000000004,0,25,14,31,22,12,47,6,45,16,1,36,43,39,23,18,17,41,34,9,3,24,10,28,42,13,32,35,5,48,49,40,46,21,30,20,44,37,38,29,8,19,27,7,33,11,2,15,26,4,
550,26.869877815246582,76894.37630666667,60100.645000000004,0,25,14,31,22,12,47,6,45,16,1,36,43,39,23,18,17,41,34,9,3,24,10,28,42,13,32,35,5,48,49,40,46,21,30,20,44,37,38,29,8,19,27,7,33,11,2,15,26,4,
551,26.905876398086548,77672.602,60100.645000000004,0,25,14,31,22,12,47,6,45,16,1,36,43,39,23,18,17,41,34,9,3,24,10,28,42,13,32,35,5,48,49,40,46,21,30,20,44,37,38,29,8,19,27,7,33,11,2,15,26,4,
552,26.942875862121582,77125.31832,60100.645000000004,0,25,14,31,22,12,47,6,45,16,1,36,43,39,23,18,17,41,34,9,3,24,10,28,42,13,32,35,5,48,49,40,46,21,30,20,44,37,38,29,8,19,27,7,33,11,2,15,26,4,
553,26.979876279830933,83106.27361333335,60100.645000000004,0,25,14,31,22,12,47,6,45,16,1,36,43,39,23,18,17,41,34,9,3,24,10,28,42,13,32,35,5,48,49,40,46,21,30,20,44,37,38,29,8,19,27,7,33,11,2,15,26,4,
554,27.017874240875244,80863.46384000001,60100.645000000004,0,25,14,31,22,12,47,6,45,16,1,36,43,39,23,18,17,41,34,9,3,24,10,28,42,13,32,35,5,48,49,40,46,21,30,20,44,37,38,29,8,19,27,7,33,11,2,15,26,4,
555,27.055872201919556,80153.83184,60100.645000000004,0,25,14,31,22,12,47,6,45,16,1,36,43,39,23,18,17,41,34,9,3,24,10,28,42,13,32,35,5,48,49,40,46,21,30,20,44,37,38,29,8,19,27,7,33,11,2,15,26,4,
556,27.0928692817688,78302.2913466667,60100.645000000004,0,25,14,31,22,12,47,6,45,16,1,36,43,39,23,18,17,41,34,9,3,24,10,28,42,13,32,35,5,48,49,40,46,21,30,20,44,37,38,29,8,19,27,7,33,11,2,15,26,4,
557,27.130871057510376,75659.09796000001,60100.645000000004,0,25,14,31,22,12,47,6,45,16,1,36,43,39,23,18,17,41,34,9,3,24,10,28,42,13,32,35,5,48,49,40,46,21,30,20,44,37,38,29,8,19,27,7,33,11,2,15,26,4,
558,27.167872667312622,76090.64394666666,60100.645000000004,0,25,14,31,22,12,47,6,45,16,1,36,43,39,23,18,17,41,34,9,3,24,10,28,42,13,32,35,5,48,49,40,46,21,30,20,44,37,38,29,8,19,27,7,33,11,2,15,26,4,
559,27.20787477493286,80909.25253333333,60100.645000000004,0,25,14,31,22,12,47,6,45,16,1,36,43,39,23,18,17,41,34,9,3,24,10,28,42,13,32,35,5,48,49,40,46,21,30,20,44,37,38,29,8,19,27,7,33,11,2,15,26,4,
560,27.2468843460083,80165.93170666668,60100.645000000004,0,25,14,31,22,12,47,6,45,16,1,36,43,39,23,18,17,41,34,9,3,24,10,28,42,13,32,35,5,48,49,40,46,21,30,20,44,37,38,29,8,19,27,7,33,11,2,15,26,4,
561,27.284842014312744,80953.51141333336,60100.645000000004,0,25,14,31,22,12,47,6,45,16,1,36,43,39,23,18,17,41,34,9,3,24,10,28,42,13,32,35,5,48,49,40,46,21,30,20,44,37,38,29,8,19,27,7,33,11,2,15,26,4,
562,27.32283926010132,76589.80285333336,60100.645000000004,0,25,14,31,22,12,47,6,45,16,1,36,43,39,23,18,17,41,34,9,3,24,10,28,42,13,32,35,5,48,49,40,46,21,30,20,44,37,38,29,8,19,27,7,33,11,2,15,26,4,
563,27.359837293624878,75608.80206666669,60100.645000000004,0,25,14,31,22,12,47,6,45,16,1,36,43,39,23,18,17,41,34,9,3,24,10,28,42,13,32,35,5,48,49,40,46,21,30,20,44,37,38,29,8,19,27,7,33,11,2,15,26,4,
564,27.400837182998657,78471.95337333331,60100.645000000004,0,25,14,31,22,12,47,6,45,16,1,36,43,39,23,18,17,41,34,9,3,24,10,28,42,13,32,35,5,48,49,40,46,21,30,20,44,37,38,29,8,19,27,7,33,11,2,15,26,4,
565,27.43983769416809,77433.58758666668,60100.645000000004,0,25,14,31,22,12,47,6,45,16,1,36,43,39,23,18,17,41,34,9,3,24,10,28,42,13,32,35,5,48,49,40,46,21,30,20,44,37,38,29,8,19,27,7,33,11,2,15,26,4,
566,27.475878715515137,78216.47201333335,60100.645000000004,0,25,14,31,22,12,47,6,45,16,1,36,43,39,23,18,17,41,34,9,3,24,10,28,42,13,32,35,5,48,49,40,46,21,30,20,44,37,38,29,8,19,27,7,33,11,2,15,26,4,
567,27.512882471084595,79517.42994666666,60100.645000000004,0,25,14,31,22,12,47,6,45,16,1,36,43,39,23,18,17,41,34,9,3,24,10,28,42,13,32,35,5,48,49,40,46,21,30,20,44,37,38,29,8,19,27,7,33,11,2,15,26,4,
568,27.548882246017456,80056.20785333333,60100.645000000004,0,25,14,31,22,12,47,6,45,16,1,36,43,39,23,18,17,41,34,9,3,24,10,28,42,13,32,35,5,48,49,40,46,21,30,20,44,37,38,29,8,19,27,7,33,11,2,15,26,4,
569,27.585920572280884,77482.16101333333,60100.645000000004,0,25,14,31,22,12,47,6,45,16,1,36,43,39,23,18,17,41,34,9,3,24,10,28,42,13,32,35,5,48,49,40,46,21,30,20,44,37,38,29,8,19,27,7,33,11,2,15,26,4,
570,27.621952533721924,75585.70924,60100.645000000004,0,25,14,31,22,12,47,6,45,16,1,36,43,39,23,18,17,41,34,9,3,24,10,28,42,13,32,35,5,48,49,40,46,21,30,20,44,37,38,29,8,19,27,7,33,11,2,15,26,4,
571,27.66095519065857,77350.07176000002,60100.645000000004,0,25,14,31,22,12,47,6,45,16,1,36,43,39,23,18,17,41,34,9,3,24,10,28,42,13,32,35,5,48,49,40,46,21,30,20,44,37,38,29,8,19,27,7,33,11,2,15,26,4,
572,27.696954250335693,77481.80676000002,60100.645000000004,0,25,14,31,22,12,47,6,45,16,1,36,43,39,23,18,17,41,34,9,3,24,10,28,42,13,32,35,5,48,49,40,46,21,30,20,44,37,38,29,8,19,27,7,33,11,2,15,26,4,
573,27.732962608337402,81142.52545333334,60100.645000000004,0,25,14,31,22,12,47,6,45,16,1,36,43,39,23,18,17,41,34,9,3,24,10,28,42,13,32,35,5,48,49,40,46,21,30,20,44,37,38,29,8,19,27,7,33,11,2,15,26,4,
574,27.769972801208496,76011.09696,60100.645000000004,0,25,14,31,22,12,47,6,45,16,1,36,43,39,23,18,17,41,34,9,3,24,10,28,42,13,32,35,5,48,49,40,46,21,30,20,44,37,38,29,8,19,27,7,33,11,2,15,26,4,
575,27.808025121688843,76760.71556,60100.645000000004,0,25,14,31,22,12,47,6,45,16,1,36,43,39,23,18,17,41,34,9,3,24,10,28,42,13,32,35,5,48,49,40,46,21,30,20,44,37,38,29,8,19,27,7,33,11,2,15,26,4,
576,27.84602427482605,83593.85013333333,60100.645000000004,0,25,14,31,22,12,47,6,45,16,1,36,43,39,23,18,17,41,34,9,3,24,10,28,42,13,32,35,5,48,49,40,46,21,30,20,44,37,38,29,8,19,27,7,33,11,2,15,26,4,
577,27.885053634643555,76854.73969333334,60100.645000000004,0,25,14,31,22,12,47,6,45,16,1,36,43,39,23,18,17,41,34,9,3,24,10,28,42,13,32,35,5,48,49,40,46,21,30,20,44,37,38,29,8,19,27,7,33,11,2,15,26,4,
578,27.924067735671997,75988.8292,60100.645000000004,0,25,14,31,22,12,47,6,45,16,1,36,43,39,23,18,17,41,34,9,3,24,10,28,42,13,32,35,5,48,49,40,46,21,30,20,44,37,38,29,8,19,27,7,33,11,2,15,26,4,
579,27.962117195129395,75157.37837333333,60100.645000000004,0,25,14,31,22,12,47,6,45,16,1,36,43,39,23,18,17,41,34,9,3,24,10,28,42,13,32,35,5,48,49,40,46,21,30,20,44,37,38,29,8,19,27,7,33,11,2,15,26,4,
580,27.999112844467163,80302.35673333335,60100.645000000004,0,25,14,31,22,12,47,6,45,16,1,36,43,39,23,18,17,41,34,9,3,24,10,28,42,13,32,35,5,48,49,40,46,21,30,20,44,37,38,29,8,19,27,7,33,11,2,15,26,4,
581,28.03511667251587,78164.70681333334,60100.645000000004,0,25,14,31,22,12,47,6,45,16,1,36,43,39,23,18,17,41,34,9,3,24,10,28,42,13,32,35,5,48,49,40,46,21,30,20,44,37,38,29,8,19,27,7,33,11,2,15,26,4,
582,28.073152780532837,75961.63799999999,60100.645000000004,0,25,14,31,22,12,47,6,45,16,1,36,43,39,23,18,17,41,34,9,3,24,10,28,42,13,32,35,5,48,49,40,46,21,30,20,44,37,38,29,8,19,27,7,33,11,2,15,26,4,
583,28.111114025115967,77827.04936,60100.645000000004,0,25,14,31,22,12,47,6,45,16,1,36,43,39,23,18,17,41,34,9,3,24,10,28,42,13,32,35,5,48,49,40,46,21,30,20,44,37,38,29,8,19,27,7,33,11,2,15,26,4,
584,28.145150423049927,79159.52040000001,60100.645000000004,0,25,14,31,22,12,47,6,45,16,1,36,43,39,23,18,17,41,34,9,3,24,10,28,42,13,32,35,5,48,49,40,46,21,30,20,44,37,38,29,8,19,27,7,33,11,2,15,26,4,
585,28.18214511871338,78976.15686666666,60100.645000000004,0,25,14,31,22,12,47,6,45,16,1,36,43,39,23,18,17,41,34,9,3,24,10,28,42,13,32,35,5,48,49,40,46,21,30,20,44,37,38,29,8,19,27,7,33,11,2,15,26,4,
586,28.218141794204712,74852.32690666665,60100.645000000004,0,25,14,31,22,12,47,6,45,16,1,36,43,39,23,18,17,41,34,9,3,24,10,28,42,13,32,35,5,48,49,40,46,21,30,20,44,37,38,29,8,19,27,7,33,11,2,15,26,4,
587,28.255141496658325,75467.79597333333,60100.645000000004,0,25,14,31,22,12,47,6,45,16,1,36,43,39,23,18,17,41,34,9,3,24,10,28,42,13,32,35,5,48,49,40,46,21,30,20,44,37,38,29,8,19,27,7,33,11,2,15,26,4,
588,28.292179822921753,76592.29894666666,60100.645000000004,0,25,14,31,22,12,47,6,45,16,1,36,43,39,23,18,17,41,34,9,3,24,10,28,42,13,32,35,5,48,49,40,46,21,30,20,44,37,38,29,8,19,27,7,33,11,2,15,26,4,
589,28.32917857170105,77298.178,60100.645000000004,0,25,14,31,22,12,47,6,45,16,1,36,43,39,23,18,17,41,34,9,3,24,10,28,42,13,32,35,5,48,49,40,46,21,30,20,44,37,38,29,8,19,27,7,33,11,2,15,26,4,
590,28.367217540740967,76074.48836,60100.645000000004,0,25,14,31,22,12,47,6,45,16,1,36,43,39,23,18,17,41,34,9,3,24,10,28,42,13,32,35,5,48,49,40,46,21,30,20,44,37,38,29,8,19,27,7,33,11,2,15,26,4,
591,28.406216621398926,79620.26306666667,60100.645000000004,0,25,14,31,22,12,47,6,45,16,1,36,43,39,23,18,17,41,34,9,3,24,10,28,42,13,32,35,5,48,49,40,46,21,30,20,44,37,38,29,8,19,27,7,33,11,2,15,26,4,
592,28.443214178085327,80967.68233333335,60100.645000000004,0,25,14,31,22,12,47,6,45,16,1,36,43,39,23,18,17,41,34,9,3,24,10,28,42,13,32,35,5,48,49,40,46,21,30,20,44,37,38,29,8,19,27,7,33,11,2,15,26,4,
593,28.482215404510498,76221.55273333334,60100.645000000004,0,25,14,31,22,12,47,6,45,16,1,36,43,39,23,18,17,41,34,9,3,24,10,28,42,13,32,35,5,48,49,40,46,21,30,20,44,37,38,29,8,19,27,7,33,11,2,15,26,4,
594,28.519177436828613,77062.61577333335,60100.645000000004,0,25,14,31,22,12,47,6,45,16,1,36,43,39,23,18,17,41,34,9,3,24,10,28,42,13,32,35,5,48,49,40,46,21,30,20,44,37,38,29,8,19,27,7,33,11,2,15,26,4,
595,28.55721879005432,76001.19505333336,60100.645000000004,0,25,14,31,22,12,47,6,45,16,1,36,43,39,23,18,17,41,34,9,3,24,10,28,42,13,32,35,5,48,49,40,46,21,30,20,44,37,38,29,8,19,27,7,33,11,2,15,26,4,
596,28.594176769256592,78578.81557333336,60100.645000000004,0,25,14,31,22,12,47,6,45,16,1,36,43,39,23,18,17,41,34,9,3,24,10,28,42,13,32,35,5,48,49,40,46,21,30,20,44,37,38,29,8,19,27,7,33,11,2,15,26,4,
597,28.629186391830444,79073.12372000003,60100.645000000004,0,25,14,31,22,12,47,6,45,16,1,36,43,39,23,18,17,41,34,9,3,24,10,28,42,13,32,35,5,48,49,40,46,21,30,20,44,37,38,29,8,19,27,7,33,11,2,15,26,4,
598,28.667187452316284,79991.17052000003,60100.645000000004,0,25,14,31,22,12,47,6,45,16,1,36,43,39,23,18,17,41,34,9,3,24,10,28,42,13,32,35,5,48,49,40,46,21,30,20,44,37,38,29,8,19,27,7,33,11,2,15,26,4,
599,30.735188722610474,80968.76624000001,60100.645000000004,0,25,14,31,22,12,47,6,45,16,1,36,43,39,23,18,17,41,34,9,3,24,10,28,42,13,32,35,5,48,49,40,46,21,30,20,44,37,38,29,8,19,27,7,33,11,2,15,26,4,
600,30.771186351776123,77107.01948,59946.325000000004,0,25,14,31,22,12,47,6,45,16,1,36,43,39,23,18,17,41,34,9,3,24,10,28,32,13,42,35,5,48,49,40,46,21,30,20,44,37,38,29,8,19,27,7,33,11,2,15,26,4,
601,30.806175231933594,77351.59773333333,59946.325000000004,0,25,14,31,22,12,47,6,45,16,1,36,43,39,23,18,17,41,34,9,3,24,10,28,32,13,42,35,5,48,49,40,46,21,30,20,44,37,38,29,8,19,27,7,33,11,2,15,26,4,
602,30.8421688079834,74909.85550666667,59946.325000000004,0,25,14,31,22,12,47,6,45,16,1,36,43,39,23,18,17,41,34,9,3,24,10,28,32,13,42,35,5,48,49,40,46,21,30,20,44,37,38,29,8,19,27,7,33,11,2,15,26,4,
603,30.882128715515137,74009.59625333332,59946.325000000004,0,25,14,31,22,12,47,6,45,16,1,36,43,39,23,18,17,41,34,9,3,24,10,28,32,13,42,35,5,48,49,40,46,21,30,20,44,37,38,29,8,19,27,7,33,11,2,15,26,4,
604,30.92116665840149,74841.63697333333,59946.325000000004,0,25,14,31,22,12,47,6,45,16,1,36,43,39,23,18,17,41,34,9,3,24,10,28,32,13,42,35,5,48,49,40,46,21,30,20,44,37,38,29,8,19,27,7,33,11,2,15,26,4,
605,30.960131883621216,74145.38994666668,59946.325000000004,0,25,14,31,22,12,47,6,45,16,1,36,43,39,23,18,17,41,34,9,3,24,10,28,32,13,42,35,5,48,49,40,46,21,30,20,44,37,38,29,8,19,27,7,33,11,2,15,26,4,
606,30.99618148803711,73528.55544,59946.325000000004,0,25,14,31,22,12,47,6,45,16,1,36,43,39,23,18,17,41,34,9,3,24,10,28,32,13,42,35,5,48,49,40,46,21,30,20,44,37,38,29,8,19,27,7,33,11,2,15,26,4,
607,31.034179210662842,72028.20717333334,59946.325000000004,0,25,14,31,22,12,47,6,45,16,1,36,43,39,23,18,17,41,34,9,3,24,10,28,32,13,42,35,5,48,49,40,46,21,30,20,44,37,38,29,8,19,27,7,33,11,2,15,26,4,
608,31.071178913116455,73516.85497333333,59946.325000000004,0,25,14,31,22,12,47,6,45,16,1,36,43,39,23,18,17,41,34,9,3,24,10,28,32,13,42,35,5,48,49,40,46,21,30,20,44,37,38,29,8,19,27,7,33,11,2,15,26,4,
609,31.10817837715149,73974.98418666665,59946.325000000004,0,25,14,31,22,12,47,6,45,16,1,36,43,39,23,18,17,41,34,9,3,24,10,28,32,13,42,35,5,48,49,40,46,21,30,20,44,37,38,29,8,19,27,7,33,11,2,15,26,4,
610,31.144228219985962,74302.33496000001,59946.325000000004,0,25,14,31,22,12,47,6,45,16,1,36,43,39,23,18,17,41,34,9,3,24,10,28,32,13,42,35,5,48,49,40,46,21,30,20,44,37,38,29,8,19,27,7,33,11,2,15,26,4,
611,31.179229974746704,74043.71356,59946.325000000004,0,25,14,31,22,12,47,6,45,16,1,36,43,39,23,18,17,41,34,9,3,24,10,28,32,13,42,35,5,48,49,40,46,21,30,20,44,37,38,29,8,19,27,7,33,11,2,15,26,4,
612,31.215270042419434,72554.43336,59946.325000000004,0,25,14,31,22,12,47,6,45,16,1,36,43,39,23,18,17,41,34,9,3,24,10,28,32,13,42,35,5,48,49,40,46,21,30,20,44,37,38,29,8,19,27,7,33,11,2,15,26,4,
613,31.2532639503479,72020.63354666666,59946.325000000004,0,25,14,31,22,12,47,6,45,16,1,36,43,39,23,18,17,41,34,9,3,24,10,28,32,13,42,35,5,48,49,40,46,21,30,20,44,37,38,29,8,19,27,7,33,11,2,15,26,4,
614,31.29126238822937,73128.68569333333,59946.325000000004,0,25,14,31,22,12,47,6,45,16,1,36,43,39,23,18,17,41,34,9,3,24,10,28,32,13,42,35,5,48,49,40,46,21,30,20,44,37,38,29,8,19,27,7,33,11,2,15,26,4,
615,31.334300994873047,75143.22389333333,59946.325000000004,0,25,14,31,22,12,47,6,45,16,1,36,43,39,23,18,17,41,34,9,3,24,10,28,32,13,42,35,5,48,49,40,46,21,30,20,44,37,38,29,8,19,27,7,33,11,2,15,26,4,
616,31.37025785446167,74557.21016,59946.325000000004,0,25,14,31,22,12,47,6,45,16,1,36,43,39,23,18,17,41,34,9,3,24,10,28,32,13,42,35,5,48,49,40,46,21,30,20,44,37,38,29,8,19,27,7,33,11,2,15,26,4,
617,31.408254623413086,74504.53866666666,59946.325000000004,0,25,14,31,22,12,47,6,45,16,1,36,43,39,23,18,17,41,34,9,3,24,10,28,32,13,42,35,5,48,49,40,46,21,30,20,44,37,38,29,8,19,27,7,33,11,2,15,26,4,
618,31.444294929504395,75276.03813333332,59946.325000000004,0,25,14,31,22,12,47,6,45,16,1,36,43,39,23,18,17,41,34,9,3,24,10,28,32,13,42,35,5,48,49,40,46,21,30,20,44,37,38,29,8,19,27,7,33,11,2,15,26,4,
619,31.48229193687439,76310.03033333334,59946.325000000004,0,25,14,31,22,12,47,6,45,16,1,36,43,39,23,18,17,41,34,9,3,24,10,28,32,13,42,35,5,48,49,40,46,21,30,20,44,37,38,29,8,19,27,7,33,11,2,15,26,4,
620,31.519279956817627,77295.42020000001,59946.325000000004,0,25,14,31,22,12,47,6,45,16,1,36,43,39,23,18,17,41,34,9,3,24,10,28,32,13,42,35,5,48,49,40,46,21,30,20,44,37,38,29,8,19,27,7,33,11,2,15,26,4,
621,31.556243896484375,77874.82419999999,59946.325000000004,0,25,14,31,22,12,47,6,45,16,1,36,43,39,23,18,17,41,34,9,3,24,10,28,32,13,42,35,5,48,49,40,46,21,30,20,44,37,38,29,8,19,27,7,33,11,2,15,26,4,
622,31.59420895576477,81394.24975999999,59946.325000000004,0,25,14,31,22,12,47,6,45,16,1,36,43,39,23,18,17,41,34,9,3,24,10,28,32,13,42,35,5,48,49,40,46,21,30,20,44,37,38,29,8,19,27,7,33,11,2,15,26,4,
623,31.63220763206482,81788.37257333333,59946.325000000004,0,25,14,31,22,12,47,6,45,16,1,36,43,39,23,18,17,41,34,9,3,24,10,28,32,13,42,35,5,48,49,40,46,21,30,20,44,37,38,29,8,19,27,7,33,11,2,15,26,4,
624,31.67020845413208,83394.70106666666,59946.325000000004,0,25,14,31,22,12,47,6,45,16,1,36,43,39,23,18,17,41,34,9,3,24,10,28,32,13,42,35,5,48,49,40,46,21,30,20,44,37,38,29,8,19,27,7,33,11,2,15,26,4,
625,31.70820903778076,80757.41197333334,59946.325000000004,0,25,14,31,22,12,47,6,45,16,1,36,43,39,23,18,17,41,34,9,3,24,10,28,32,13,42,35,5,48,49,40,46,21,30,20,44,37,38,29,8,19,27,7,33,11,2,15,26,4,
626,31.74416995048523,78272.20704,59946.325000000004,0,25,14,31,22,12,47,6,45,16,1,36,43,39,23,18,17,41,34,9,3,24,10,28,32,13,42,35,5,48,49,40,46,21,30,20,44,37,38,29,8,19,27,7,33,11,2,15,26,4,
627,31.783125638961792,75701.54366666666,59946.325000000004,0,25,14,31,22,12,47,6,45,16,1,36,43,39,23,18,17,41,34,9,3,24,10,28,32,13,42,35,5,48,49,40,46,21,30,20,44,37,38,29,8,19,27,7,33,11,2,15,26,4,
628,31.822124242782593,74793.45292000001,59946.325000000004,0,25,14,31,22,12,47,6,45,16,1,36,43,39,23,18,17,41,34,9,3,24,10,28,32,13,42,35,5,48,49,40,46,21,30,20,44,37,38,29,8,19,27,7,33,11,2,15,26,4,
629,31.861162900924683,78378.42700000001,59946.325000000004,0,25,14,31,22,12,47,6,45,16,1,36,43,39,23,18,17,41,34,9,3,24,10,28,32,13,42,35,5,48,49,40,46,21,30,20,44,37,38,29,8,19,27,7,33,11,2,15,26,4,
630,31.898175954818726,77804.01878666668,59946.325000000004,0,25,14,31,22,12,47,6,45,16,1,36,43,39,23,18,17,41,34,9,3,24,10,28,32,13,42,35,5,48,49,40,46,21,30,20,44,37,38,29,8,19,27,7,33,11,2,15,26,4,
631,31.936175107955933,76690.63070666668,59946.325000000004,0,25,14,31,22,12,47,6,45,16,1,36,43,39,23,18,17,41,34,9,3,24,10,28,32,13,42,35,5,48,49,40,46,21,30,20,44,37,38,29,8,19,27,7,33,11,2,15,26,4,
632,31.974138498306274,74068.41746666668,59946.325000000004,0,25,14,31,22,12,47,6,45,16,1,36,43,39,23,18,17,41,34,9,3,24,10,28,32,13,42,35,5,48,49,40,46,21,30,20,44,37,38,29,8,19,27,7,33,11,2,15,26,4,
633,32.015185594558716,75483.33600000001,59946.325000000004,0,25,14,31,22,12,47,6,45,16,1,36,43,39,23,18,17,41,34,9,3,24,10,28,32,13,42,35,5,48,49,40,46,21,30,20,44,37,38,29,8,19,27,7,33,11,2,15,26,4,
634,32.05118441581726,74926.90616,59946.325000000004,0,25,14,31,22,12,47,6,45,16,1,36,43,39,23,18,17,41,34,9,3,24,10,28,32,13,42,35,5,48,49,40,46,21,30,20,44,37,38,29,8,19,27,7,33,11,2,15,26,4,
635,32.08818030357361,72691.64059999998,59946.325000000004,0,25,14,31,22,12,47,6,45,16,1,36,43,39,23,18,17,41,34,9,3,24,10,28,32,13,42,35,5,48,49,40,46,21,30,20,44,37,38,29,8,19,27,7,33,11,2,15,26,4,
636,32.12417960166931,74015.56262666667,59946.325000000004,0,25,14,31,22,12,47,6,45,16,1,36,43,39,23,18,17,41,34,9,3,24,10,28,32,13,42,35,5,48,49,40,46,21,30,20,44,37,38,29,8,19,27,7,33,11,2,15,26,4,
637,32.16117286682129,74318.09414666666,59946.325000000004,0,25,14,31,22,12,47,6,45,16,1,36,43,39,23,18,17,41,34,9,3,24,10,28,32,13,42,35,5,48,49,40,46,21,30,20,44,37,38,29,8,19,27,7,33,11,2,15,26,4,
638,32.197134494781494,73018.39030666664,59946.325000000004,0,25,14,31,22,12,47,6,45,16,1,36,43,39,23,18,17,41,34,9,3,24,10,28,32,13,42,35,5,48,49,40,46,21,30,20,44,37,38,29,8,19,27,7,33,11,2,15,26,4,
639,32.235135555267334,77302.92456,59946.325000000004,0,25,14,31,22,12,47,6,45,16,1,36,43,39,23,18,17,41,34,9,3,24,10,28,32,13,42,35,5,48,49,40,46,21,30,20,44,37,38,29,8,19,27,7,33,11,2,15,26,4,
640,32.273093938827515,79203.79150666665,59946.325000000004,0,25,14,31,22,12,47,6,45,16,1,36,43,39,23,18,17,41,34,9,3,24,10,28,32,13,42,35,5,48,49,40,46,21,30,20,44,37,38,29,8,19,27,7,33,11,2,15,26,4,
641,32.31113386154175,78838.51502666668,59946.325000000004,0,25,14,31,22,12,47,6,45,16,1,36,43,39,23,18,17,41,34,9,3,24,10,28,32,13,42,35,5,48,49,40,46,21,30,20,44,37,38,29,8,19,27,7,33,11,2,15,26,4,
642,32.34809327125549,77968.30265333335,59946.325000000004,0,25,14,31,22,12,47,6,45,16,1,36,43,39,23,18,17,41,34,9,3,24,10,28,32,13,42,35,5,48,49,40,46,21,30,20,44,37,38,29,8,19,27,7,33,11,2,15,26,4,
643,32.38408708572388,75299.07106666667,59946.325000000004,0,25,14,31,22,12,47,6,45,16,1,36,43,39,23,18,17,41,34,9,3,24,10,28,32,13,42,35,5,48,49,40,46,21,30,20,44,37,38,29,8,19,27,7,33,11,2,15,26,4,
644,32.42012572288513,70411.91196,59946.325000000004,0,25,14,31,22,12,47,6,45,16,1,36,43,39,23,18,17,41,34,9,3,24,10,28,32,13,42,35,5,48,49,40,46,21,30,20,44,37,38,29,8,19,27,7,33,11,2,15,26,4,
645,32.45712637901306,69931.92849333334,59946.325000000004,0,25,14,31,22,12,47,6,45,16,1,36,43,39,23,18,17,41,34,9,3,24,10,28,32,13,42,35,5,48,49,40,46,21,30,20,44,37,38,29,8,19,27,7,33,11,2,15,26,4,
646,32.496121883392334,70850.63009333333,59946.325000000004,0,25,14,31,22,12,47,6,45,16,1,36,43,39,23,18,17,41,34,9,3,24,10,28,32,13,42,35,5,48,49,40,46,21,30,20,44,37,38,29,8,19,27,7,33,11,2,15,26,4,
647,32.53311634063721,71607.70852,59946.325000000004,0,25,14,31,22,12,47,6,45,16,1,36,43,39,23,18,17,41,34,9,3,24,10,28,32,13,42,35,5,48,49,40,46,21,30,20,44,37,38,29,8,19,27,7,33,11,2,15,26,4,
648,32.570154666900635,73251.49494666666,59946.325000000004,0,25,14,31,22,12,47,6,45,16,1,36,43,39,23,18,17,41,34,9,3,24,10,28,32,13,42,35,5,48,49,40,46,21,30,20,44,37,38,29,8,19,27,7,33,11,2,15,26,4,
649,32.60710644721985,70785.97931999998,59946.325000000004,0,25,14,31,22,12,47,6,45,16,1,36,43,39,23,18,17,41,34,9,3,24,10,28,32,13,42,35,5,48,49,40,46,21,30,20,44,37,38,29,8,19,27,7,33,11,2,15,26,4,
650,32.64506530761719,72287.39035999999,59946.325000000004,0,25,14,31,22,12,47,6,45,16,1,36,43,39,23,18,17,41,34,9,3,24,10,28,32,13,42,35,5,48,49,40,46,21,30,20,44,37,38,29,8,19,27,7,33,11,2,15,26,4,
651,32.68111324310303,71467.31809333334,59946.325000000004,0,25,14,31,22,12,47,6,45,16,1,36,43,39,23,18,17,41,34,9,3,24,10,28,32,13,42,35,5,48,49,40,46,21,30,20,44,37,38,29,8,19,27,7,33,11,2,15,26,4,
652,32.71811366081238,72067.98009333332,59946.325000000004,0,25,14,31,22,12,47,6,45,16,1,36,43,39,23,18,17,41,34,9,3,24,10,28,32,13,42,35,5,48,49,40,46,21,30,20,44,37,38,29,8,19,27,7,33,11,2,15,26,4,
653,32.757112979888916,74270.35639999999,59946.325000000004,0,25,14,31,22,12,47,6,45,16,1,36,43,39,23,18,17,41,34,9,3,24,10,28,32,13,42,35,5,48,49,40,46,21,30,20,44,37,38,29,8,19,27,7,33,11,2,15,26,4,
654,32.79507637023926,72297.24855999999,59946.325000000004,0,25,14,31,22,12,47,6,45,16,1,36,43,39,23,18,17,41,34,9,3,24,10,28,32,13,42,35,5,48,49,40,46,21,30,20,44,37,38,29,8,19,27,7,33,11,2,15,26,4,
655,32.83312368392944,69823.98635999998,59946.325000000004,0,25,14,31,22,12,47,6,45,16,1,36,43,39,23,18,17,41,34,9,3,24,10,28,32,13,42,35,5,48,49,40,46,21,30,20,44,37,38,29,8,19,27,7,33,11,2,15,26,4,
656,32.87112355232239,69077.84947999999,59946.325000000004,0,25,14,31,22,12,47,6,45,16,1,36,43,39,23,18,17,41,34,9,3,24,10,28,32,13,42,35,5,48,49,40,46,21,30,20,44,37,38,29,8,19,27,7,33,11,2,15,26,4,
657,32.908114194869995,70370.81218666666,59946.325000000004,0,25,14,31,22,12,47,6,45,16,1,36,43,39,23,18,17,41,34,9,3,24,10,28,32,13,42,35,5,48,49,40,46,21,30,20,44,37,38,29,8,19,27,7,33,11,2,15,26,4,
658,32.94515585899353,69091.34210666666,59946.325000000004,0,25,14,31,22,12,47,6,45,16,1,36,43,39,23,18,17,41,34,9,3,24,10,28,32,13,42,35,5,48,49,40,46,21,30,20,44,37,38,29,8,19,27,7,33,11,2,15,26,4,
659,32.9811475276947,70771.06220000001,59946.325000000004,0,25,14,31,22,12,47,6,45,16,1,36,43,39,23,18,17,41,34,9,3,24,10,28,32,13,42,35,5,48,49,40,46,21,30,20,44,37,38,29,8,19,27,7,33,11,2,15,26,4,
660,33.01818609237671,72651.93199999999,59946.325000000004,0,25,14,31,22,12,47,6,45,16,1,36,43,39,23,18,17,41,34,9,3,24,10,28,32,13,42,35,5,48,49,40,46,21,30,20,44,37,38,29,8,19,27,7,33,11,2,15,26,4,
661,33.05520462989807,71147.94864,59946.325000000004,0,25,14,31,22,12,47,6,45,16,1,36,43,39,23,18,17,41,34,9,3,24,10,28,32,13,42,35,5,48,49,40,46,21,30,20,44,37,38,29,8,19,27,7,33,11,2,15,26,4,
662,33.09324359893799,73463.82957333335,59946.325000000004,0,25,14,31,22,12,47,6,45,16,1,36,43,39,23,18,17,41,34,9,3,24,10,28,32,13,42,35,5,48,49,40,46,21,30,20,44,37,38,29,8,19,27,7,33,11,2,15,26,4,
663,33.13024425506592,72393.61801333334,59946.325000000004,0,25,14,31,22,12,47,6,45,16,1,36,43,39,23,18,17,41,34,9,3,24,10,28,32,13,42,35,5,48,49,40,46,21,30,20,44,37,38,29,8,19,27,7,33,11,2,15,26,4,
664,33.16729712486267,73667.61737333336,59946.325000000004,0,25,14,31,22,12,47,6,45,16,1,36,43,39,23,18,17,41,34,9,3,24,10,28,32,13,42,35,5,48,49,40,46,21,30,20,44,37,38,29,8,19,27,7,33,11,2,15,26,4,
665,33.204296827316284,72951.14824000001,59946.325000000004,0,25,14,31,22,12,47,6,45,16,1,36,43,39,23,18,17,41,34,9,3,24,10,28,32,13,42,35,5,48,49,40,46,21,30,20,44,37,38,29,8,19,27,7,33,11,2,15,26,4,
666,33.242302894592285,71939.6008,59946.325000000004,0,25,14,31,22,12,47,6,45,16,1,36,43,39,23,18,17,41,34,9,3,24,10,28,32,13,42,35,5,48,49,40,46,21,30,20,44,37,38,29,8,19,27,7,33,11,2,15,26,4,
667,33.278260231018066,72156.89533333333,59946.325000000004,0,25,14,31,22,12,47,6,45,16,1,36,43,39,23,18,17,41,34,9,3,24,10,28,32,13,42,35,5,48,49,40,46,21,30,20,44,37,38,29,8,19,27,7,33,11,2,15,26,4,
668,33.31626296043396,71783.04710666668,59946.325000000004,0,25,14,31,22,12,47,6,45,16,1,36,43,39,23,18,17,41,34,9,3,24,10,28,32,13,42,35,5,48,49,40,46,21,30,20,44,37,38,29,8,19,27,7,33,11,2,15,26,4,
669,33.35227298736572,72749.65341333335,59946.325000000004,0,25,14,31,22,12,47,6,45,16,1,36,43,39,23,18,17,41,34,9,3,24,10,28,32,13,42,35,5,48,49,40,46,21,30,20,44,37,38,29,8,19,27,7,33,11,2,15,26,4,
670,33.38927483558655,72059.55965333334,59946.325000000004,0,25,14,31,22,12,47,6,45,16,1,36,43,39,23,18,17,41,34,9,3,24,10,28,32,13,42,35,5,48,49,40,46,21,30,20,44,37,38,29,8,19,27,7,33,11,2,15,26,4,
671,33.427278995513916,69761.88542666667,59946.325000000004,0,25,14,31,22,12,47,6,45,16,1,36,43,39,23,18,17,41,34,9,3,24,10,28,32,13,42,35,5,48,49,40,46,21,30,20,44,37,38,29,8,19,27,7,33,11,2,15,26,4,
672,33.46428847312927,72714.11448,59946.325000000004,0,25,14,31,22,12,47,6,45,16,1,36,43,39,23,18,17,41,34,9,3,24,10,28,32,13,42,35,5,48,49,40,46,21,30,20,44,37,38,29,8,19,27,7,33,11,2,15,26,4,
673,33.503289222717285,71654.43541333334,59946.325000000004,0,25,14,31,22,12,47,6,45,16,1,36,43,39,23,18,17,41,34,9,3,24,10,28,32,13,42,35,5,48,49,40,46,21,30,20,44,37,38,29,8,19,27,7,33,11,2,15,26,4,
674,33.5412483215332,71951.87661333334,59946.325000000004,0,25,14,31,22,12,47,6,45,16,1,36,43,39,23,18,17,41,34,9,3,24,10,28,32,13,42,35,5,48,49,40,46,21,30,20,44,37,38,29,8,19,27,7,33,11,2,15,26,4,
675,33.580209732055664,72102.98944,59946.325000000004,0,25,14,31,22,12,47,6,45,16,1,36,43,39,23,18,17,41,34,9,3,24,10,28,32,13,42,35,5,48,49,40,46,21,30,20,44,37,38,29,8,19,27,7,33,11,2,15,26,4,
676,33.6192524433136,72420.49513333333,59946.325000000004,0,25,14,31,22,12,47,6,45,16,1,36,43,39,23,18,17,41,34,9,3,24,10,28,32,13,42,35,5,48,49,40,46,21,30,20,44,37,38,29,8,19,27,7,33,11,2,15,26,4,
677,33.65920066833496,72818.76117333332,59946.325000000004,0,25,14,31,22,12,47,6,45,16,1,36,43,39,23,18,17,41,34,9,3,24,10,28,32,13,42,35,5,48,49,40,46,21,30,20,44,37,38,29,8,19,27,7,33,11,2,15,26,4,
678,33.69819903373718,75197.45930666666,59946.325000000004,0,25,14,31,22,12,47,6,45,16,1,36,43,39,23,18,17,41,34,9,3,24,10,28,32,13,42,35,5,48,49,40,46,21,30,20,44,37,38,29,8,19,27,7,33,11,2,15,26,4,
679,33.736196994781494,77299.08103999999,59946.325000000004,0,25,14,31,22,12,47,6,45,16,1,36,43,39,23,18,17,41,34,9,3,24,10,28,32,13,42,35,5,48,49,40,46,21,30,20,44,37,38,29,8,19,27,7,33,11,2,15,26,4,
680,33.77419471740723,77620.77218666665,59946.325000000004,0,25,14,31,22,12,47,6,45,16,1,36,43,39,23,18,17,41,34,9,3,24,10,28,32,13,42,35,5,48,49,40,46,21,30,20,44,37,38,29,8,19,27,7,33,11,2,15,26,4,
681,33.810192346572876,75795.42582666666,59946.325000000004,0,25,14,31,22,12,47,6,45,16,1,36,43,39,23,18,17,41,34,9,3,24,10,28,32,13,42,35,5,48,49,40,46,21,30,20,44,37,38,29,8,19,27,7,33,11,2,15,26,4,
682,33.84619188308716,73833.54326666665,59946.325000000004,0,25,14,31,22,12,47,6,45,16,1,36,43,39,23,18,17,41,34,9,3,24,10,28,32,13,42,35,5,48,49,40,46,21,30,20,44,37,38,29,8,19,27,7,33,11,2,15,26,4,
683,33.885191202163696,72624.67275999999,59946.325000000004,0,25,14,31,22,12,47,6,45,16,1,36,43,39,23,18,17,41,34,9,3,24,10,28,32,13,42,35,5,48,49,40,46,21,30,20,44,37,38,29,8,19,27,7,33,11,2,15,26,4,
684,33.92218995094299,77734.22415999998,59946.325000000004,0,25,14,31,22,12,47,6,45,16,1,36,43,39,23,18,17,41,34,9,3,24,10,28,32,13,42,35,5,48,49,40,46,21,30,20,44,37,38,29,8,19,27,7,33,11,2,15,26,4,
685,33.95719075202942,78471.21230666665,59946.325000000004,0,25,14,31,22,12,47,6,45,16,1,36,43,39,23,18,17,41,34,9,3,24,10,28,32,13,42,35,5,48,49,40,46,21,30,20,44,37,38,29,8,19,27,7,33,11,2,15,26,4,
686,33.99523091316223,76451.94909333331,59946.325000000004,0,25,14,31,22,12,47,6,45,16,1,36,43,39,23,18,17,41,34,9,3,24,10,28,32,13,42,35,5,48,49,40,46,21,30,20,44,37,38,29,8,19,27,7,33,11,2,15,26,4,
687,34.03527092933655,75306.50218666665,59946.325000000004,0,25,14,31,22,12,47,6,45,16,1,36,43,39,23,18,17,41,34,9,3,24,10,28,32,13,42,35,5,48,49,40,46,21,30,20,44,37,38,29,8,19,27,7,33,11,2,15,26,4,
688,34.07232332229614,72286.60522666667,59946.325000000004,0,25,14,31,22,12,47,6,45,16,1,36,43,39,23,18,17,41,34,9,3,24,10,28,32,13,42,35,5,48,49,40,46,21,30,20,44,37,38,29,8,19,27,7,33,11,2,15,26,4,
689,34.11028170585632,73854.35165333333,59946.325000000004,0,25,14,31,22,12,47,6,45,16,1,36,43,39,23,18,17,41,34,9,3,24,10,28,32,13,42,35,5,48,49,40,46,21,30,20,44,37,38,29,8,19,27,7,33,11,2,15,26,4,
690,34.14832830429077,74079.46110666667,59946.325000000004,0,25,14,31,22,12,47,6,45,16,1,36,43,39,23,18,17,41,34,9,3,24,10,28,32,13,42,35,5,48,49,40,46,21,30,20,44,37,38,29,8,19,27,7,33,11,2,15,26,4,
691,34.18536400794983,75360.09378666665,59946.325000000004,0,25,14,31,22,12,47,6,45,16,1,36,43,39,23,18,17,41,34,9,3,24,10,28,32,13,42,35,5,48,49,40,46,21,30,20,44,37,38,29,8,19,27,7,33,11,2,15,26,4,
692,34.22632646560669,78574.36462666666,59946.325000000004,0,25,14,31,22,12,47,6,45,16,1,36,43,39,23,18,17,41,34,9,3,24,10,28,32,13,42,35,5,48,49,40,46,21,30,20,44,37,38,29,8,19,27,7,33,11,2,15,26,4,
693,34.26428580284119,77580.17798666666,59946.325000000004,0,25,14,31,22,12,47,6,45,16,1,36,43,39,23,18,17,41,34,9,3,24,10,28,32,13,42,35,5,48,49,40,46,21,30,20,44,37,38,29,8,19,27,7,33,11,2,15,26,4,
694,34.30128240585327,77148.01210666666,59946.325000000004,0,25,14,31,22,12,47,6,45,16,1,36,43,39,23,18,17,41,34,9,3,24,10,28,32,13,42,35,5,48,49,40,46,21,30,20,44,37,38,29,8,19,27,7,33,11,2,15,26,4,
695,34.33928942680359,78732.41528,59946.325000000004,0,25,14,31,22,12,47,6,45,16,1,36,43,39,23,18,17,41,34,9,3,24,10,28,32,13,42,35,5,48,49,40,46,21,30,20,44,37,38,29,8,19,27,7,33,11,2,15,26,4,
696,34.37725114822388,81763.00093333333,59946.325000000004,0,25,14,31,22,12,47,6,45,16,1,36,43,39,23,18,17,41,34,9,3,24,10,28,32,13,42,35,5,48,49,40,46,21,30,20,44,37,38,29,8,19,27,7,33,11,2,15,26,4,
697,34.41530108451843,79255.07962666667,59946.325000000004,0,25,14,31,22,12,47,6,45,16,1,36,43,39,23,18,17,41,34,9,3,24,10,28,32,13,42,35,5,48,49,40,46,21,30,20,44,37,38,29,8,19,27,7,33,11,2,15,26,4,
698,34.45334005355835,75885.24284,59946.325000000004,0,25,14,31,22,12,47,6,45,16,1,36,43,39,23,18,17,41,34,9,3,24,10,28,32,13,42,35,5,48,49,40,46,21,30,20,44,37,38,29,8,19,27,7,33,11,2,15,26,4,
699,34.490384340286255,75174.71098666667,59946.325000000004,0,25,14,31,22,12,47,6,45,16,1,36,43,39,23,18,17,41,34,9,3,24,10,28,32,13,42,35,5,48,49,40,46,21,30,20,44,37,38,29,8,19,27,7,33,11,2,15,26,4,
700,34.5273859500885,75048.43017333336,59946.325000000004,0,25,14,31,22,12,47,6,45,16,1,36,43,39,23,18,17,41,34,9,3,24,10,28,32,13,42,35,5,48,49,40,46,21,30,20,44,37,38,29,8,19,27,7,33,11,2,15,26,4,
701,34.56434893608093,76860.08816000001,59946.325000000004,0,25,14,31,22,12,47,6,45,16,1,36,43,39,23,18,17,41,34,9,3,24,10,28,32,13,42,35,5,48,49,40,46,21,30,20,44,37,38,29,8,19,27,7,33,11,2,15,26,4,
702,34.600398778915405,74214.69098666667,59551.185,0,25,14,31,22,12,47,36,43,6,45,16,1,39,23,18,17,41,34,9,3,24,10,28,32,13,42,35,5,48,49,40,46,21,30,20,44,37,38,29,8,19,27,7,33,11,2,15,26,4,
703,34.63640213012695,73315.15549333334,59551.185,0,25,14,31,22,12,47,36,43,6,45,16,1,39,23,18,17,41,34,9,3,24,10,28,32,13,42,35,5,48,49,40,46,21,30,20,44,37,38,29,8,19,27,7,33,11,2,15,26,4,
704,34.67244005203247,73577.33965333333,59551.185,0,25,14,31,22,12,47,36,43,6,45,16,1,39,23,18,17,41,34,9,3,24,10,28,32,13,42,35,5,48,49,40,46,21,30,20,44,37,38,29,8,19,27,7,33,11,2,15,26,4,
705,34.709492444992065,73285.67097333333,59551.185,0,25,14,31,22,12,47,36,43,6,45,16,1,39,23,18,17,41,34,9,3,24,10,28,32,13,42,35,5,48,49,40,46,21,30,20,44,37,38,29,8,19,27,7,33,11,2,15,26,4,
706,34.74948263168335,75989.03406666666,59551.185,0,25,14,31,22,12,47,36,43,6,45,16,1,39,23,18,17,41,34,9,3,24,10,28,32,13,42,35,5,48,49,40,46,21,30,20,44,37,38,29,8,19,27,7,33,11,2,15,26,4,
707,34.78848576545715,77097.46268000001,59551.185,0,25,14,31,22,12,47,36,43,6,45,16,1,39,23,18,17,41,34,9,3,24,10,28,32,13,42,35,5,48,49,40,46,21,30,20,44,37,38,29,8,19,27,7,33,11,2,15,26,4,
708,34.82648730278015,74282.80189333334,59551.185,0,25,14,31,22,12,47,36,43,6,45,16,1,39,23,18,17,41,34,9,3,24,10,28,32,13,42,35,5,48,49,40,46,21,30,20,44,37,38,29,8,19,27,7,33,11,2,15,26,4,
709,34.862534523010254,75029.40498666666,59551.185,0,25,14,31,22,12,47,36,43,6,45,16,1,39,23,18,17,41,34,9,3,24,10,28,32,13,42,35,5,48,49,40,46,21,30,20,44,37,38,29,8,19,27,7,33,11,2,15,26,4,
710,34.90057969093323,74753.94361333334,59551.185,0,25,14,31,22,12,47,36,43,6,45,16,1,39,23,18,17,41,34,9,3,24,10,28,32,13,42,35,5,48,49,40,46,21,30,20,44,37,38,29,8,19,27,7,33,11,2,15,26,4,
711,34.938578367233276,73224.93736,59551.185,0,25,14,31,22,12,47,36,43,6,45,16,1,39,23,18,17,41,34,9,3,24,10,28,32,13,42,35,5,48,49,40,46,21,30,20,44,37,38,29,8,19,27,7,33,11,2,15,26,4,
712,34.97858119010925,71727.24013333333,59551.185,0,25,14,31,22,12,47,36,43,6,45,16,1,39,23,18,17,41,34,9,3,24,10,28,32,13,42,35,5,48,49,40,46,21,30,20,44,37,38,29,8,19,27,7,33,11,2,15,26,4,
713,35.016576051712036,73453.55058666666,59551.185,0,25,14,31,22,12,47,36,43,6,45,16,1,39,23,18,17,41,34,9,3,24,10,28,32,13,42,35,5,48,49,40,46,21,30,20,44,37,38,29,8,19,27,7,33,11,2,15,26,4,
714,35.052616596221924,75566.05685333333,59551.185,0,25,14,31,22,12,47,36,43,6,45,16,1,39,23,18,17,41,34,9,3,24,10,28,32,13,42,35,5,48,49,40,46,21,30,20,44,37,38,29,8,19,27,7,33,11,2,15,26,4,
715,35.08964443206787,75968.17694666664,59551.185,0,25,14,31,22,12,47,36,43,6,45,16,1,39,23,18,17,41,34,9,3,24,10,28,32,13,42,35,5,48,49,40,46,21,30,20,44,37,38,29,8,19,27,7,33,11,2,15,26,4,
716,35.127652168273926,78900.79372,59551.185,0,25,14,31,22,12,47,36,43,6,45,16,1,39,23,18,17,41,34,9,3,24,10,28,32,13,42,35,5,48,49,40,46,21,30,20,44,37,38,29,8,19,27,7,33,11,2,15,26,4,
717,35.16360783576965,76311.63298666665,59551.185,0,25,14,31,22,12,47,36,43,6,45,16,1,39,23,18,17,41,34,9,3,24,10,28,32,13,42,35,5,48,49,40,46,21,30,20,44,37,38,29,8,19,27,7,33,11,2,15,26,4,
718,35.200607776641846,78293.16777333332,59551.185,0,25,14,31,22,12,47,36,43,6,45,16,1,39,23,18,17,41,34,9,3,24,10,28,32,13,42,35,5,48,49,40,46,21,30,20,44,37,38,29,8,19,27,7,33,11,2,15,26,4,
719,35.238622188568115,76505.73414666665,59551.185,0,25,14,31,22,12,47,36,43,6,45,16,1,39,23,18,17,41,34,9,3,24,10,28,32,13,42,35,5,48,49,40,46,21,30,20,44,37,38,29,8,19,27,7,33,11,2,15,26,4,
720,35.27662467956543,77008.03323999999,59551.185,0,25,14,31,22,12,47,36,43,6,45,16,1,39,23,18,17,41,34,9,3,24,10,28,32,13,42,35,5,48,49,40,46,21,30,20,44,37,38,29,8,19,27,7,33,11,2,15,26,4,
721,35.313677072525024,76398.24965333332,59551.185,0,25,14,31,22,12,47,36,43,6,45,16,1,39,23,18,17,41,34,9,3,24,10,28,32,13,42,35,5,48,49,40,46,21,30,20,44,37,38,29,8,19,27,7,33,11,2,15,26,4,
722,35.35069251060486,77499.06138666665,59551.185,0,25,14,31,22,12,47,36,43,6,45,16,1,39,23,18,17,41,34,9,3,24,10,28,32,13,42,35,5,48,49,40,46,21,30,20,44,37,38,29,8,19,27,7,33,11,2,15,26,4,
723,35.38964772224426,76470.37565333332,59551.185,0,25,14,31,22,12,47,36,43,6,45,16,1,39,23,18,17,41,34,9,3,24,10,28,32,13,42,35,5,48,49,40,46,21,30,20,44,37,38,29,8,19,27,7,33,11,2,15,26,4,
724,35.4266459941864,77250.91057333333,59551.185,0,25,14,31,22,12,47,36,43,6,45,16,1,39,23,18,17,41,34,9,3,24,10,28,32,13,42,35,5,48,49,40,46,21,30,20,44,37,38,29,8,19,27,7,33,11,2,15,26,4,
725,35.463682651519775,75263.58350666666,59551.185,0,25,14,31,22,12,47,36,43,6,45,16,1,39,23,18,17,41,34,9,3,24,10,28,32,13,42,35,5,48,49,40,46,21,30,20,44,37,38,29,8,19,27,7,33,11,2,15,26,4,
726,35.50072431564331,72912.59830666665,59551.185,0,25,14,31,22,12,47,36,43,6,45,16,1,39,23,18,17,41,34,9,3,24,10,28,32,13,42,35,5,48,49,40,46,21,30,20,44,37,38,29,8,19,27,7,33,11,2,15,26,4,
727,35.53868269920349,75765.47414666665,59551.185,0,25,14,31,22,12,47,36,43,6,45,16,1,39,23,18,17,41,34,9,3,24,10,28,32,13,42,35,5,48,49,40,46,21,30,20,44,37,38,29,8,19,27,7,33,11,2,15,26,4,
728,35.57467818260193,76691.36177333332,59551.185,0,25,14,31,22,12,47,36,43,6,45,16,1,39,23,18,17,41,34,9,3,24,10,28,32,13,42,35,5,48,49,40,46,21,30,20,44,37,38,29,8,19,27,7,33,11,2,15,26,4,
729,35.611632347106934,77959.19794666665,59551.185,0,25,14,31,22,12,47,36,43,6,45,16,1,39,23,18,17,41,34,9,3,24,10,28,32,13,42,35,5,48,49,40,46,21,30,20,44,37,38,29,8,19,27,7,33,11,2,15,26,4,
730,35.651630878448486,78888.41525333333,59551.185,0,25,14,31,22,12,47,36,43,6,45,16,1,39,23,18,17,41,34,9,3,24,10,28,32,13,42,35,5,48,49,40,46,21,30,20,44,37,38,29,8,19,27,7,33,11,2,15,26,4,
731,35.6876699924469,75171.46493333332,59551.185,0,25,14,31,22,12,47,36,43,6,45,16,1,39,23,18,17,41,34,9,3,24,10,28,32,13,42,35,5,48,49,40,46,21,30,20,44,37,38,29,8,19,27,7,33,11,2,15,26,4,
732,35.72371172904968,74369.27374666666,59551.185,0,25,14,31,22,12,47,36,43,6,45,16,1,39,23,18,17,41,34,9,3,24,10,28,32,13,42,35,5,48,49,40,46,21,30,20,44,37,38,29,8,19,27,7,33,11,2,15,26,4,
733,35.7606942653656,80270.89494666665,59551.185,0,25,14,31,22,12,47,36,43,6,45,16,1,39,23,18,17,41,34,9,3,24,10,28,32,13,42,35,5,48,49,40,46,21,30,20,44,37,38,29,8,19,27,7,33,11,2,15,26,4,
734,35.797693967819214,79698.4874,59551.185,0,25,14,31,22,12,47,36,43,6,45,16,1,39,23,18,17,41,34,9,3,24,10,28,32,13,42,35,5,48,49,40,46,21,30,20,44,37,38,29,8,19,27,7,33,11,2,15,26,4,
735,35.83271765708923,76830.40626666666,59551.185,0,25,14,31,22,12,47,36,43,6,45,16,1,39,23,18,17,41,34,9,3,24,10,28,32,13,42,35,5,48,49,40,46,21,30,20,44,37,38,29,8,19,27,7,33,11,2,15,26,4,
736,35.87573790550232,76871.16670666667,59551.185,0,25,14,31,22,12,47,36,43,6,45,16,1,39,23,18,17,41,34,9,3,24,10,28,32,13,42,35,5,48,49,40,46,21,30,20,44,37,38,29,8,19,27,7,33,11,2,15,26,4,
737,35.9106969833374,71848.20144,59551.185,0,25,14,31,22,12,47,36,43,6,45,16,1,39,23,18,17,41,34,9,3,24,10,28,32,13,42,35,5,48,49,40,46,21,30,20,44,37,38,29,8,19,27,7,33,11,2,15,26,4,
738,35.94869327545166,73092.9304,59551.185,0,25,14,31,22,12,47,36,43,6,45,16,1,39,23,18,17,41,34,9,3,24,10,28,32,13,42,35,5,48,49,40,46,21,30,20,44,37,38,29,8,19,27,7,33,11,2,15,26,4,
739,35.98569321632385,72840.27796,59551.185,0,25,14,31,22,12,47,36,43,6,45,16,1,39,23,18,17,41,34,9,3,24,10,28,32,13,42,35,5,48,49,40,46,21,30,20,44,37,38,29,8,19,27,7,33,11,2,15,26,4,
740,36.02268981933594,73015.39678666668,59551.185,0,25,14,31,22,12,47,36,43,6,45,16,1,39,23,18,17,41,34,9,3,24,10,28,32,13,42,35,5,48,49,40,46,21,30,20,44,37,38,29,8,19,27,7,33,11,2,15,26,4,
741,36.05964970588684,72056.36120000001,59551.185,0,25,14,31,22,12,47,36,43,6,45,16,1,39,23,18,17,41,34,9,3,24,10,28,32,13,42,35,5,48,49,40,46,21,30,20,44,37,38,29,8,19,27,7,33,11,2,15,26,4,
742,36.098649740219116,73003.50928,59551.185,0,25,14,31,22,12,47,36,43,6,45,16,1,39,23,18,17,41,34,9,3,24,10,28,32,13,42,35,5,48,49,40,46,21,30,20,44,37,38,29,8,19,27,7,33,11,2,15,26,4,
743,36.1336464881897,79010.76670666666,59551.185,0,25,14,31,22,12,47,36,43,6,45,16,1,39,23,18,17,41,34,9,3,24,10,28,32,13,42,35,5,48,49,40,46,21,30,20,44,37,38,29,8,19,27,7,33,11,2,15,26,4,
744,36.17164921760559,74895.72289333332,59551.185,0,25,14,31,22,12,47,36,43,6,45,16,1,39,23,18,17,41,34,9,3,24,10,28,32,13,42,35,5,48,49,40,46,21,30,20,44,37,38,29,8,19,27,7,33,11,2,15,26,4,
745,36.20764756202698,73942.66798666665,59551.185,0,25,14,31,22,12,47,36,43,6,45,16,1,39,23,18,17,41,34,9,3,24,10,28,32,13,42,35,5,48,49,40,46,21,30,20,44,37,38,29,8,19,27,7,33,11,2,15,26,4,
746,36.24460434913635,72808.44474666668,59551.185,0,25,14,31,22,12,47,36,43,6,45,16,1,39,23,18,17,41,34,9,3,24,10,28,32,13,42,35,5,48,49,40,46,21,30,20,44,37,38,29,8,19,27,7,33,11,2,15,26,4,
747,36.281641483306885,73743.00832,59551.185,0,25,14,31,22,12,47,36,43,6,45,16,1,39,23,18,17,41,34,9,3,24,10,28,32,13,42,35,5,48,49,40,46,21,30,20,44,37,38,29,8,19,27,7,33,11,2,15,26,4,
748,36.31964039802551,74982.43652,59551.185,0,25,14,31,22,12,47,36,43,6,45,16,1,39,23,18,17,41,34,9,3,24,10,28,32,13,42,35,5,48,49,40,46,21,30,20,44,37,38,29,8,19,27,7,33,11,2,15,26,4,
749,36.35568356513977,76597.50270666668,59551.185,0,25,14,31,22,12,47,36,43,6,45,16,1,39,23,18,17,41,34,9,3,24,10,28,32,13,42,35,5,48,49,40,46,21,30,20,44,37,38,29,8,19,27,7,33,11,2,15,26,4,
750,36.39373469352722,77296.08781333335,59551.185,0,25,14,31,22,12,47,36,43,6,45,16,1,39,23,18,17,41,34,9,3,24,10,28,32,13,42,35,5,48,49,40,46,21,30,20,44,37,38,29,8,19,27,7,33,11,2,15,26,4,
751,36.43374061584473,77007.45285333334,59551.185,0,25,14,31,22,12,47,36,43,6,45,16,1,39,23,18,17,41,34,9,3,24,10,28,32,13,42,35,5,48,49,40,46,21,30,20,44,37,38,29,8,19,27,7,33,11,2,15,26,4,
752,36.47170400619507,75634.08046666667,59551.185,0,25,14,31,22,12,47,36,43,6,45,16,1,39,23,18,17,41,34,9,3,24,10,28,32,13,42,35,5,48,49,40,46,21,30,20,44,37,38,29,8,19,27,7,33,11,2,15,26,4,
753,36.5076642036438,73396.46122666668,59551.185,0,25,14,31,22,12,47,36,43,6,45,16,1,39,23,18,17,41,34,9,3,24,10,28,32,13,42,35,5,48,49,40,46,21,30,20,44,37,38,29,8,19,27,7,33,11,2,15,26,4,
754,36.54562592506409,78069.52864000002,59551.185,0,25,14,31,22,12,47,36,43,6,45,16,1,39,23,18,17,41,34,9,3,24,10,28,32,13,42,35,5,48,49,40,46,21,30,20,44,37,38,29,8,19,27,7,33,11,2,15,26,4,
755,36.582667112350464,78109.38746666668,59551.185,0,25,14,31,22,12,47,36,43,6,45,16,1,39,23,18,17,41,34,9,3,24,10,28,32,13,42,35,5,48,49,40,46,21,30,20,44,37,38,29,8,19,27,7,33,11,2,15,26,4,
756,36.61872386932373,78458.71960000003,59551.185,0,25,14,31,22,12,47,36,43,6,45,16,1,39,23,18,17,41,34,9,3,24,10,28,32,13,42,35,5,48,49,40,46,21,30,20,44,37,38,29,8,19,27,7,33,11,2,15,26,4,
757,36.65575933456421,76372.31986666667,59551.185,0,25,14,31,22,12,47,36,43,6,45,16,1,39,23,18,17,41,34,9,3,24,10,28,32,13,42,35,5,48,49,40,46,21,30,20,44,37,38,29,8,19,27,7,33,11,2,15,26,4,
758,36.69377303123474,77233.70213333334,59551.185,0,25,14,31,22,12,47,36,43,6,45,16,1,39,23,18,17,41,34,9,3,24,10,28,32,13,42,35,5,48,49,40,46,21,30,20,44,37,38,29,8,19,27,7,33,11,2,15,26,4,
759,36.7308235168457,74931.07309333333,59551.185,0,25,14,31,22,12,47,36,43,6,45,16,1,39,23,18,17,41,34,9,3,24,10,28,32,13,42,35,5,48,49,40,46,21,30,20,44,37,38,29,8,19,27,7,33,11,2,15,26,4,
760,36.766836643218994,74620.06172,59551.185,0,25,14,31,22,12,47,36,43,6,45,16,1,39,23,18,17,41,34,9,3,24,10,28,32,13,42,35,5,48,49,40,46,21,30,20,44,37,38,29,8,19,27,7,33,11,2,15,26,4,
761,36.80488562583923,72453.70641333333,59551.185,0,25,14,31,22,12,47,36,43,6,45,16,1,39,23,18,17,41,34,9,3,24,10,28,32,13,42,35,5,48,49,40,46,21,30,20,44,37,38,29,8,19,27,7,33,11,2,15,26,4,
762,36.84293603897095,73362.55818666666,59551.185,0,25,14,31,22,12,47,36,43,6,45,16,1,39,23,18,17,41,34,9,3,24,10,28,32,13,42,35,5,48,49,40,46,21,30,20,44,37,38,29,8,19,27,7,33,11,2,15,26,4,
763,36.880985736846924,74135.69481333334,59551.185,0,25,14,31,22,12,47,36,43,6,45,16,1,39,23,18,17,41,34,9,3,24,10,28,32,13,42,35,5,48,49,40,46,21,30,20,44,37,38,29,8,19,27,7,33,11,2,15,26,4,
764,36.917038679122925,73594.49776,59551.185,0,25,14,31,22,12,47,36,43,6,45,16,1,39,23,18,17,41,34,9,3,24,10,28,32,13,42,35,5,48,49,40,46,21,30,20,44,37,38,29,8,19,27,7,33,11,2,15,26,4,
765,36.954033613204956,71661.47798666666,59551.185,0,25,14,31,22,12,47,36,43,6,45,16,1,39,23,18,17,41,34,9,3,24,10,28,32,13,42,35,5,48,49,40,46,21,30,20,44,37,38,29,8,19,27,7,33,11,2,15,26,4,
766,36.99203276634216,71932.85269333333,59551.185,0,25,14,31,22,12,47,36,43,6,45,16,1,39,23,18,17,41,34,9,3,24,10,28,32,13,42,35,5,48,49,40,46,21,30,20,44,37,38,29,8,19,27,7,33,11,2,15,26,4,
767,37.030073165893555,74102.75442666667,59551.185,0,25,14,31,22,12,47,36,43,6,45,16,1,39,23,18,17,41,34,9,3,24,10,28,32,13,42,35,5,48,49,40,46,21,30,20,44,37,38,29,8,19,27,7,33,11,2,15,26,4,
768,37.06803297996521,75751.74026666666,59551.185,0,25,14,31,22,12,47,36,43,6,45,16,1,39,23,18,17,41,34,9,3,24,10,28,32,13,42,35,5,48,49,40,46,21,30,20,44,37,38,29,8,19,27,7,33,11,2,15,26,4,
769,37.103991985321045,77331.44684,59551.185,0,25,14,31,22,12,47,36,43,6,45,16,1,39,23,18,17,41,34,9,3,24,10,28,32,13,42,35,5,48,49,40,46,21,30,20,44,37,38,29,8,19,27,7,33,11,2,15,26,4,
770,37.14199185371399,75854.99814666668,59551.185,0,25,14,31,22,12,47,36,43,6,45,16,1,39,23,18,17,41,34,9,3,24,10,28,32,13,42,35,5,48,49,40,46,21,30,20,44,37,38,29,8,19,27,7,33,11,2,15,26,4,
771,37.17999243736267,77210.29324000001,59551.185,0,25,14,31,22,12,47,36,43,6,45,16,1,39,23,18,17,41,34,9,3,24,10,28,32,13,42,35,5,48,49,40,46,21,30,20,44,37,38,29,8,19,27,7,33,11,2,15,26,4,
772,37.21799397468567,80368.36469333334,59551.185,0,25,14,31,22,12,47,36,43,6,45,16,1,39,23,18,17,41,34,9,3,24,10,28,32,13,42,35,5,48,49,40,46,21,30,20,44,37,38,29,8,19,27,7,33,11,2,15,26,4,
773,37.2540283203125,78375.71416,59551.185,0,25,14,31,22,12,47,36,43,6,45,16,1,39,23,18,17,41,34,9,3,24,10,28,32,13,42,35,5,48,49,40,46,21,30,20,44,37,38,29,8,19,27,7,33,11,2,15,26,4,
774,37.29106402397156,74446.99152,59551.185,0,25,14,31,22,12,47,36,43,6,45,16,1,39,23,18,17,41,34,9,3,24,10,28,32,13,42,35,5,48,49,40,46,21,30,20,44,37,38,29,8,19,27,7,33,11,2,15,26,4,
775,37.32610034942627,75677.91238666666,59551.185,0,25,14,31,22,12,47,36,43,6,45,16,1,39,23,18,17,41,34,9,3,24,10,28,32,13,42,35,5,48,49,40,46,21,30,20,44,37,38,29,8,19,27,7,33,11,2,15,26,4,
776,37.36315035820007,74969.10046666666,59551.185,0,25,14,31,22,12,47,36,43,6,45,16,1,39,23,18,17,41,34,9,3,24,10,28,32,13,42,35,5,48,49,40,46,21,30,20,44,37,38,29,8,19,27,7,33,11,2,15,26,4,
777,37.399163007736206,74698.85175999999,59551.185,0,25,14,31,22,12,47,36,43,6,45,16,1,39,23,18,17,41,34,9,3,24,10,28,32,13,42,35,5,48,49,40,46,21,30,20,44,37,38,29,8,19,27,7,33,11,2,15,26,4,
778,37.43812108039856,72816.68686666666,59551.185,0,25,14,31,22,12,47,36,43,6,45,16,1,39,23,18,17,41,34,9,3,24,10,28,32,13,42,35,5,48,49,40,46,21,30,20,44,37,38,29,8,19,27,7,33,11,2,15,26,4,
779,37.47611927986145,74823.60213333332,59551.185,0,25,14,31,22,12,47,36,43,6,45,16,1,39,23,18,17,41,34,9,3,24,10,28,32,13,42,35,5,48,49,40,46,21,30,20,44,37,38,29,8,19,27,7,33,11,2,15,26,4,
780,37.514153718948364,74056.94206666666,59551.185,0,25,14,31,22,12,47,36,43,6,45,16,1,39,23,18,17,41,34,9,3,24,10,28,32,13,42,35,5,48,49,40,46,21,30,20,44,37,38,29,8,19,27,7,33,11,2,15,26,4,
781,37.555665493011475,75121.38950666664,59551.185,0,25,14,31,22,12,47,36,43,6,45,16,1,39,23,18,17,41,34,9,3,24,10,28,32,13,42,35,5,48,49,40,46,21,30,20,44,37,38,29,8,19,27,7,33,11,2,15,26,4,
782,37.594663858413696,76066.87381333331,59551.185,0,25,14,31,22,12,47,36,43,6,45,16,1,39,23,18,17,41,34,9,3,24,10,28,32,13,42,35,5,48,49,40,46,21,30,20,44,37,38,29,8,19,27,7,33,11,2,15,26,4,
783,37.63267374038696,78272.66368,59551.185,0,25,14,31,22,12,47,36,43,6,45,16,1,39,23,18,17,41,34,9,3,24,10,28,32,13,42,35,5,48,49,40,46,21,30,20,44,37,38,29,8,19,27,7,33,11,2,15,26,4,
784,37.66968607902527,77406.36212,59551.185,0,25,14,31,22,12,47,36,43,6,45,16,1,39,23,18,17,41,34,9,3,24,10,28,32,13,42,35,5,48,49,40,46,21,30,20,44,37,38,29,8,19,27,7,33,11,2,15,26,4,
785,37.706647634506226,76920.31192,59551.185,0,25,14,31,22,12,47,36,43,6,45,16,1,39,23,18,17,41,34,9,3,24,10,28,32,13,42,35,5,48,49,40,46,21,30,20,44,37,38,29,8,19,27,7,33,11,2,15,26,4,
786,37.74269509315491,76117.04126666667,59551.185,0,25,14,31,22,12,47,36,43,6,45,16,1,39,23,18,17,41,34,9,3,24,10,28,32,13,42,35,5,48,49,40,46,21,30,20,44,37,38,29,8,19,27,7,33,11,2,15,26,4,
787,37.77869367599487,74905.60462666668,59551.185,0,25,14,31,22,12,47,36,43,6,45,16,1,39,23,18,17,41,34,9,3,24,10,28,32,13,42,35,5,48,49,40,46,21,30,20,44,37,38,29,8,19,27,7,33,11,2,15,26,4,
788,37.816694021224976,72633.30196,59551.185,0,25,14,31,22,12,47,36,43,6,45,16,1,39,23,18,17,41,34,9,3,24,10,28,32,13,42,35,5,48,49,40,46,21,30,20,44,37,38,29,8,19,27,7,33,11,2,15,26,4,
789,37.85369396209717,72321.35894666666,59551.185,0,25,14,31,22,12,47,36,43,6,45,16,1,39,23,18,17,41,34,9,3,24,10,28,32,13,42,35,5,48,49,40,46,21,30,20,44,37,38,29,8,19,27,7,33,11,2,15,26,4,
790,37.8896918296814,71544.3254,59551.185,0,25,14,31,22,12,47,36,43,6,45,16,1,39,23,18,17,41,34,9,3,24,10,28,32,13,42,35,5,48,49,40,46,21,30,20,44,37,38,29,8,19,27,7,33,11,2,15,26,4,
791,37.9266939163208,74253.44428,59551.185,0,25,14,31,22,12,47,36,43,6,45,16,1,39,23,18,17,41,34,9,3,24,10,28,32,13,42,35,5,48,49,40,46,21,30,20,44,37,38,29,8,19,27,7,33,11,2,15,26,4,
792,37.96369409561157,75450.49617333333,59551.185,0,25,14,31,22,12,47,36,43,6,45,16,1,39,23,18,17,41,34,9,3,24,10,28,32,13,42,35,5,48,49,40,46,21,30,20,44,37,38,29,8,19,27,7,33,11,2,15,26,4,
793,38.00070381164551,73607.29670666666,59551.185,0,25,14,31,22,12,47,36,43,6,45,16,1,39,23,18,17,41,34,9,3,24,10,28,32,13,42,35,5,48,49,40,46,21,30,20,44,37,38,29,8,19,27,7,33,11,2,15,26,4,
794,38.037713289260864,72187.77029333333,59551.185,0,25,14,31,22,12,47,36,43,6,45,16,1,39,23,18,17,41,34,9,3,24,10,28,32,13,42,35,5,48,49,40,46,21,30,20,44,37,38,29,8,19,27,7,33,11,2,15,26,4,
795,38.07571196556091,71397.71134666666,59551.185,0,25,14,31,22,12,47,36,43,6,45,16,1,39,23,18,17,41,34,9,3,24,10,28,32,13,42,35,5,48,49,40,46,21,30,20,44,37,38,29,8,19,27,7,33,11,2,15,26,4,
796,38.11575436592102,70482.57486666668,59551.185,0,25,14,31,22,12,47,36,43,6,45,16,1,39,23,18,17,41,34,9,3,24,10,28,32,13,42,35,5,48,49,40,46,21,30,20,44,37,38,29,8,19,27,7,33,11,2,15,26,4,
797,38.15079188346863,69131.54662666668,59551.185,0,25,14,31,22,12,47,36,43,6,45,16,1,39,23,18,17,41,34,9,3,24,10,28,32,13,42,35,5,48,49,40,46,21,30,20,44,37,38,29,8,19,27,7,33,11,2,15,26,4,
798,38.187790870666504,70138.99565333333,59551.185,0,25,14,31,22,12,47,36,43,6,45,16,1,39,23,18,17,41,34,9,3,24,10,28,32,13,42,35,5,48,49,40,46,21,30,20,44,37,38,29,8,19,27,7,33,11,2,15,26,4,
799,40.46583151817322,70438.09110666666,59551.185,0,25,14,31,22,12,47,36,43,6,45,16,1,39,23,18,17,41,34,9,3,24,10,28,32,13,42,35,5,48,49,40,46,21,30,20,44,37,38,29,8,19,27,7,33,11,2,15,26,4,
800,40.50583291053772,71084.61037333334,59365.763,0,25,14,31,22,12,47,36,43,6,45,16,1,39,23,18,17,41,34,9,3,24,10,32,13,42,35,28,5,48,49,40,46,21,30,20,44,37,38,29,8,19,27,7,33,11,2,15,26,4,
801,40.54386353492737,73181.24956000001,59365.763,0,25,14,31,22,12,47,36,43,6,45,16,1,39,23,18,17,41,34,9,3,24,10,32,13,42,35,28,5,48,49,40,46,21,30,20,44,37,38,29,8,19,27,7,33,11,2,15,26,4,
802,40.58187413215637,71644.88796000001,59365.763,0,25,14,31,22,12,47,36,43,6,45,16,1,39,23,18,17,41,34,9,3,24,10,32,13,42,35,28,5,48,49,40,46,21,30,20,44,37,38,29,8,19,27,7,33,11,2,15,26,4,
803,40.61886954307556,68249.57421333334,59365.763,0,25,14,31,22,12,47,36,43,6,45,16,1,39,23,18,17,41,34,9,3,24,10,32,13,42,35,28,5,48,49,40,46,21,30,20,44,37,38,29,8,19,27,7,33,11,2,15,26,4,
804,40.65490913391113,67986.36869333334,59365.763,0,25,14,31,22,12,47,36,43,6,45,16,1,39,23,18,17,41,34,9,3,24,10,32,13,42,35,28,5,48,49,40,46,21,30,20,44,37,38,29,8,19,27,7,33,11,2,15,26,4,
805,40.69194030761719,69527.35748,59365.763,0,25,14,31,22,12,47,36,43,6,45,16,1,39,23,18,17,41,34,9,3,24,10,32,13,42,35,28,5,48,49,40,46,21,30,20,44,37,38,29,8,19,27,7,33,11,2,15,26,4,
806,40.72995471954346,70661.21621333335,59365.763,0,25,14,31,22,12,47,36,43,6,45,16,1,39,23,18,17,41,34,9,3,24,10,32,13,42,35,28,5,48,49,40,46,21,30,20,44,37,38,29,8,19,27,7,33,11,2,15,26,4,
807,40.76695489883423,70443.07965333333,59365.763,0,25,14,31,22,12,47,36,43,6,45,16,1,39,23,18,17,41,34,9,3,24,10,32,13,42,35,28,5,48,49,40,46,21,30,20,44,37,38,29,8,19,27,7,33,11,2,15,26,4,
808,40.80497097969055,67695.64842666667,59365.763,0,25,14,31,22,12,47,36,43,6,45,16,1,39,23,18,17,41,34,9,3,24,10,32,13,42,35,28,5,48,49,40,46,21,30,20,44,37,38,29,8,19,27,7,33,11,2,15,26,4,
809,40.840980529785156,72670.23545333333,59365.763,0,25,14,31,22,12,47,36,43,6,45,16,1,39,23,18,17,41,34,9,3,24,10,32,13,42,35,28,5,48,49,40,46,21,30,20,44,37,38,29,8,19,27,7,33,11,2,15,26,4,
810,40.87897229194641,72123.46025333332,59365.763,0,25,14,31,22,12,47,36,43,6,45,16,1,39,23,18,17,41,34,9,3,24,10,32,13,42,35,28,5,48,49,40,46,21,30,20,44,37,38,29,8,19,27,7,33,11,2,15,26,4,
811,40.9159734249115,71393.69618666667,59365.763,0,25,14,31,22,12,47,36,43,6,45,16,1,39,23,18,17,41,34,9,3,24,10,32,13,42,35,28,5,48,49,40,46,21,30,20,44,37,38,29,8,19,27,7,33,11,2,15,26,4,
812,40.95293736457825,69917.46631999999,59365.763,0,25,14,31,22,12,47,36,43,6,45,16,1,39,23,18,17,41,34,9,3,24,10,32,13,42,35,28,5,48,49,40,46,21,30,20,44,37,38,29,8,19,27,7,33,11,2,15,26,4,
813,40.99198865890503,71017.09889333336,59365.763,0,25,14,31,22,12,47,36,43,6,45,16,1,39,23,18,17,41,34,9,3,24,10,32,13,42,35,28,5,48,49,40,46,21,30,20,44,37,38,29,8,19,27,7,33,11,2,15,26,4,
814,41.029948472976685,70666.22201333335,59365.763,0,25,14,31,22,12,47,36,43,6,45,16,1,39,23,18,17,41,34,9,3,24,10,32,13,42,35,28,5,48,49,40,46,21,30,20,44,37,38,29,8,19,27,7,33,11,2,15,26,4,
815,41.069998264312744,72344.59550666666,59365.763,0,25,14,31,22,12,47,36,43,6,45,16,1,39,23,18,17,41,34,9,3,24,10,32,13,42,35,28,5,48,49,40,46,21,30,20,44,37,38,29,8,19,27,7,33,11,2,15,26,4,
816,41.10603737831116,72911.89846666667,59365.763,0,25,14,31,22,12,47,36,43,6,45,16,1,39,23,18,17,41,34,9,3,24,10,32,13,42,35,28,5,48,49,40,46,21,30,20,44,37,38,29,8,19,27,7,33,11,2,15,26,4,
817,41.14399838447571,71996.43405333332,59365.763,0,25,14,31,22,12,47,36,43,6,45,16,1,39,23,18,17,41,34,9,3,24,10,32,13,42,35,28,5,48,49,40,46,21,30,20,44,37,38,29,8,19,27,7,33,11,2,15,26,4,
818,41.18099880218506,73538.42565333332,59365.763,0,25,14,31,22,12,47,36,43,6,45,16,1,39,23,18,17,41,34,9,3,24,10,32,13,42,35,28,5,48,49,40,46,21,30,20,44,37,38,29,8,19,27,7,33,11,2,15,26,4,
819,41.21896243095398,73566.96012,59365.763,0,25,14,31,22,12,47,36,43,6,45,16,1,39,23,18,17,41,34,9,3,24,10,32,13,42,35,28,5,48,49,40,46,21,30,20,44,37,38,29,8,19,27,7,33,11,2,15,26,4,
820,41.25692582130432,74060.47281333334,59365.763,0,25,14,31,22,12,47,36,43,6,45,16,1,39,23,18,17,41,34,9,3,24,10,32,13,42,35,28,5,48,49,40,46,21,30,20,44,37,38,29,8,19,27,7,33,11,2,15,26,4,
821,41.295968532562256,74623.72564,59365.763,0,25,14,31,22,12,47,36,43,6,45,16,1,39,23,18,17,41,34,9,3,24,10,32,13,42,35,28,5,48,49,40,46,21,30,20,44,37,38,29,8,19,27,7,33,11,2,15,26,4,
822,41.33500361442566,76141.99644000002,59365.763,0,25,14,31,22,12,47,36,43,6,45,16,1,39,23,18,17,41,34,9,3,24,10,32,13,42,35,28,5,48,49,40,46,21,30,20,44,37,38,29,8,19,27,7,33,11,2,15,26,4,
823,41.37404203414917,80034.11365333333,59365.763,0,25,14,31,22,12,47,36,43,6,45,16,1,39,23,18,17,41,34,9,3,24,10,32,13,42,35,28,5,48,49,40,46,21,30,20,44,37,38,29,8,19,27,7,33,11,2,15,26,4,
824,41.41203427314758,76294.87569333335,59365.763,0,25,14,31,22,12,47,36,43,6,45,16,1,39,23,18,17,41,34,9,3,24,10,32,13,42,35,28,5,48,49,40,46,21,30,20,44,37,38,29,8,19,27,7,33,11,2,15,26,4,
825,41.450068950653076,76793.71165333336,59365.763,0,25,14,31,22,12,47,36,43,6,45,16,1,39,23,18,17,41,34,9,3,24,10,32,13,42,35,28,5,48,49,40,46,21,30,20,44,37,38,29,8,19,27,7,33,11,2,15,26,4,
826,41.48407053947449,76769.38166666667,59365.763,0,25,14,31,22,12,47,36,43,6,45,16,1,39,23,18,17,41,34,9,3,24,10,32,13,42,35,28,5,48,49,40,46,21,30,20,44,37,38,29,8,19,27,7,33,11,2,15,26,4,
827,41.52107334136963,77082.59187999999,59365.763,0,25,14,31,22,12,47,36,43,6,45,16,1,39,23,18,17,41,34,9,3,24,10,32,13,42,35,28,5,48,49,40,46,21,30,20,44,37,38,29,8,19,27,7,33,11,2,15,26,4,
828,41.55807137489319,73769.58577333335,59365.763,0,25,14,31,22,12,47,36,43,6,45,16,1,39,23,18,17,41,34,9,3,24,10,32,13,42,35,28,5,48,49,40,46,21,30,20,44,37,38,29,8,19,27,7,33,11,2,15,26,4,
829,41.59707975387573,73874.97249333333,59365.763,0,25,14,31,22,12,47,36,43,6,45,16,1,39,23,18,17,41,34,9,3,24,10,32,13,42,35,28,5,48,49,40,46,21,30,20,44,37,38,29,8,19,27,7,33,11,2,15,26,4,
830,41.63512992858887,72264.01208,59365.763,0,25,14,31,22,12,47,36,43,6,45,16,1,39,23,18,17,41,34,9,3,24,10,32,13,42,35,28,5,48,49,40,46,21,30,20,44,37,38,29,8,19,27,7,33,11,2,15,26,4,
831,41.67109274864197,71949.97581333334,59365.763,0,25,14,31,22,12,47,36,43,6,45,16,1,39,23,18,17,41,34,9,3,24,10,32,13,42,35,28,5,48,49,40,46,21,30,20,44,37,38,29,8,19,27,7,33,11,2,15,26,4,
832,41.709102392196655,72564.55514666667,59365.763,0,25,14,31,22,12,47,36,43,6,45,16,1,39,23,18,17,41,34,9,3,24,10,32,13,42,35,28,5,48,49,40,46,21,30,20,44,37,38,29,8,19,27,7,33,11,2,15,26,4,
833,41.74710392951965,72203.13928,59365.763,0,25,14,31,22,12,47,36,43,6,45,16,1,39,23,18,17,41,34,9,3,24,10,32,13,42,35,28,5,48,49,40,46,21,30,20,44,37,38,29,8,19,27,7,33,11,2,15,26,4,
834,41.78414273262024,70675.27008000002,59365.763,0,25,14,31,22,12,47,36,43,6,45,16,1,39,23,18,17,41,34,9,3,24,10,32,13,42,35,28,5,48,49,40,46,21,30,20,44,37,38,29,8,19,27,7,33,11,2,15,26,4,
835,41.822145223617554,72579.47174666668,59365.763,0,25,14,31,22,12,47,36,43,6,45,16,1,39,23,18,17,41,34,9,3,24,10,32,13,42,35,28,5,48,49,40,46,21,30,20,44,37,38,29,8,19,27,7,33,11,2,15,26,4,
836,41.85915470123291,72049.28648000002,59365.763,0,25,14,31,22,12,47,36,43,6,45,16,1,39,23,18,17,41,34,9,3,24,10,32,13,42,35,28,5,48,49,40,46,21,30,20,44,37,38,29,8,19,27,7,33,11,2,15,26,4,
837,41.89520192146301,72124.92462666667,59365.763,0,25,14,31,22,12,47,36,43,6,45,16,1,39,23,18,17,41,34,9,3,24,10,32,13,42,35,28,5,48,49,40,46,21,30,20,44,37,38,29,8,19,27,7,33,11,2,15,26,4,
838,41.93320155143738,73110.86688000002,59365.763,0,25,14,31,22,12,47,36,43,6,45,16,1,39,23,18,17,41,34,9,3,24,10,32,13,42,35,28,5,48,49,40,46,21,30,20,44,37,38,29,8,19,27,7,33,11,2,15,26,4,
839,41.970252990722656,73217.28992000001,59365.763,0,25,14,31,22,12,47,36,43,6,45,16,1,39,23,18,17,41,34,9,3,24,10,32,13,42,35,28,5,48,49,40,46,21,30,20,44,37,38,29,8,19,27,7,33,11,2,15,26,4,
840,42.00921154022217,72966.32564000002,59365.763,0,25,14,31,22,12,47,36,43,6,45,16,1,39,23,18,17,41,34,9,3,24,10,32,13,42,35,28,5,48,49,40,46,21,30,20,44,37,38,29,8,19,27,7,33,11,2,15,26,4,
841,42.0472137928009,73547.46924,59365.763,0,25,14,31,22,12,47,36,43,6,45,16,1,39,23,18,17,41,34,9,3,24,10,32,13,42,35,28,5,48,49,40,46,21,30,20,44,37,38,29,8,19,27,7,33,11,2,15,26,4,
842,42.08421492576599,73745.19268000001,59365.763,0,25,14,31,22,12,47,36,43,6,45,16,1,39,23,18,17,41,34,9,3,24,10,32,13,42,35,28,5,48,49,40,46,21,30,20,44,37,38,29,8,19,27,7,33,11,2,15,26,4,
843,42.12817740440369,73772.57517333335,59365.763,0,25,14,31,22,12,47,36,43,6,45,16,1,39,23,18,17,41,34,9,3,24,10,32,13,42,35,28,5,48,49,40,46,21,30,20,44,37,38,29,8,19,27,7,33,11,2,15,26,4,
844,42.17217755317688,68489.30272,59365.763,0,25,14,31,22,12,47,36,43,6,45,16,1,39,23,18,17,41,34,9,3,24,10,32,13,42,35,28,5,48,49,40,46,21,30,20,44,37,38,29,8,19,27,7,33,11,2,15,26,4,
845,42.208223819732666,68591.31817333335,59365.763,0,25,14,31,22,12,47,36,43,6,45,16,1,39,23,18,17,41,34,9,3,24,10,32,13,42,35,28,5,48,49,40,46,21,30,20,44,37,38,29,8,19,27,7,33,11,2,15,26,4,
846,42.2472243309021,70045.2400666667,59365.763,0,25,14,31,22,12,47,36,43,6,45,16,1,39,23,18,17,41,34,9,3,24,10,32,13,42,35,28,5,48,49,40,46,21,30,20,44,37,38,29,8,19,27,7,33,11,2,15,26,4,
847,42.287262201309204,69691.48560000001,59365.763,0,25,14,31,22,12,47,36,43,6,45,16,1,39,23,18,17,41,34,9,3,24,10,32,13,42,35,28,5,48,49,40,46,21,30,20,44,37,38,29,8,19,27,7,33,11,2,15,26,4,
848,42.32631206512451,71267.72345333334,59365.763,0,25,14,31,22,12,47,36,43,6,45,16,1,39,23,18,17,41,34,9,3,24,10,32,13,42,35,28,5,48,49,40,46,21,30,20,44,37,38,29,8,19,27,7,33,11,2,15,26,4,
849,42.36431050300598,72335.85462666667,59365.763,0,25,14,31,22,12,47,36,43,6,45,16,1,39,23,18,17,41,34,9,3,24,10,32,13,42,35,28,5,48,49,40,46,21,30,20,44,37,38,29,8,19,27,7,33,11,2,15,26,4,
850,42.400309324264526,71941.17245333333,59365.763,0,25,14,31,22,12,47,36,43,6,45,16,1,39,23,18,17,41,34,9,3,24,10,32,13,42,35,28,5,48,49,40,46,21,30,20,44,37,38,29,8,19,27,7,33,11,2,15,26,4,
851,42.437257289886475,70641.73312000002,59365.763,0,25,14,31,22,12,47,36,43,6,45,16,1,39,23,18,17,41,34,9,3,24,10,32,13,42,35,28,5,48,49,40,46,21,30,20,44,37,38,29,8,19,27,7,33,11,2,15,26,4,
852,42.47425651550293,76665.66322666669,59365.763,0,25,14,31,22,12,47,36,43,6,45,16,1,39,23,18,17,41,34,9,3,24,10,32,13,42,35,28,5,48,49,40,46,21,30,20,44,37,38,29,8,19,27,7,33,11,2,15,26,4,
853,42.51221966743469,77028.04909333333,59365.763,0,25,14,31,22,12,47,36,43,6,45,16,1,39,23,18,17,41,34,9,3,24,10,32,13,42,35,28,5,48,49,40,46,21,30,20,44,37,38,29,8,19,27,7,33,11,2,15,26,4,
854,42.55021953582764,74561.86864,59365.763,0,25,14,31,22,12,47,36,43,6,45,16,1,39,23,18,17,41,34,9,3,24,10,32,13,42,35,28,5,48,49,40,46,21,30,20,44,37,38,29,8,19,27,7,33,11,2,15,26,4,
855,42.58717894554138,70924.05001333333,59365.763,0,25,14,31,22,12,47,36,43,6,45,16,1,39,23,18,17,41,34,9,3,24,10,32,13,42,35,28,5,48,49,40,46,21,30,20,44,37,38,29,8,19,27,7,33,11,2,15,26,4,
856,42.62517857551575,72929.73868000001,59365.763,0,25,14,31,22,12,47,36,43,6,45,16,1,39,23,18,17,41,34,9,3,24,10,32,13,42,35,28,5,48,49,40,46,21,30,20,44,37,38,29,8,19,27,7,33,11,2,15,26,4,
857,42.66317653656006,71356.40645333334,59365.763,0,25,14,31,22,12,47,36,43,6,45,16,1,39,23,18,17,41,34,9,3,24,10,32,13,42,35,28,5,48,49,40,46,21,30,20,44,37,38,29,8,19,27,7,33,11,2,15,26,4,
858,42.70317006111145,74113.77388000001,59365.763,0,25,14,31,22,12,47,36,43,6,45,16,1,39,23,18,17,41,34,9,3,24,10,32,13,42,35,28,5,48,49,40,46,21,30,20,44,37,38,29,8,19,27,7,33,11,2,15,26,4,
859,42.742210388183594,73156.44170666668,59365.763,0,25,14,31,22,12,47,36,43,6,45,16,1,39,23,18,17,41,34,9,3,24,10,32,13,42,35,28,5,48,49,40,46,21,30,20,44,37,38,29,8,19,27,7,33,11,2,15,26,4,
860,42.78016948699951,71402.68704,59365.763,0,25,14,31,22,12,47,36,43,6,45,16,1,39,23,18,17,41,34,9,3,24,10,32,13,42,35,28,5,48,49,40,46,21,30,20,44,37,38,29,8,19,27,7,33,11,2,15,26,4,
861,42.81620717048645,70793.55272000002,59365.763,0,25,14,31,22,12,47,36,43,6,45,16,1,39,23,18,17,41,34,9,3,24,10,32,13,42,35,28,5,48,49,40,46,21,30,20,44,37,38,29,8,19,27,7,33,11,2,15,26,4,
862,42.854217529296875,69682.14828000002,59365.763,0,25,14,31,22,12,47,36,43,6,45,16,1,39,23,18,17,41,34,9,3,24,10,32,13,42,35,28,5,48,49,40,46,21,30,20,44,37,38,29,8,19,27,7,33,11,2,15,26,4,
863,42.891175270080566,70169.13908000001,59365.763,0,25,14,31,22,12,47,36,43,6,45,16,1,39,23,18,17,41,34,9,3,24,10,32,13,42,35,28,5,48,49,40,46,21,30,20,44,37,38,29,8,19,27,7,33,11,2,15,26,4,
864,42.93013572692871,70143.06388,59365.763,0,25,14,31,22,12,47,36,43,6,45,16,1,39,23,18,17,41,34,9,3,24,10,32,13,42,35,28,5,48,49,40,46,21,30,20,44,37,38,29,8,19,27,7,33,11,2,15,26,4,
865,42.96613574028015,70100.09908000001,59365.763,0,25,14,31,22,12,47,36,43,6,45,16,1,39,23,18,17,41,34,9,3,24,10,32,13,42,35,28,5,48,49,40,46,21,30,20,44,37,38,29,8,19,27,7,33,11,2,15,26,4,
866,43.00313591957092,72329.44698666666,59365.763,0,25,14,31,22,12,47,36,43,6,45,16,1,39,23,18,17,41,34,9,3,24,10,32,13,42,35,28,5,48,49,40,46,21,30,20,44,37,38,29,8,19,27,7,33,11,2,15,26,4,
867,43.03913640975952,73635.23750666667,59365.763,0,25,14,31,22,12,47,36,43,6,45,16,1,39,23,18,17,41,34,9,3,24,10,32,13,42,35,28,5,48,49,40,46,21,30,20,44,37,38,29,8,19,27,7,33,11,2,15,26,4,
868,43.07713532447815,72904.85209333333,59365.763,0,25,14,31,22,12,47,36,43,6,45,16,1,39,23,18,17,41,34,9,3,24,10,32,13,42,35,28,5,48,49,40,46,21,30,20,44,37,38,29,8,19,27,7,33,11,2,15,26,4,
869,43.11413526535034,74240.13344,59365.763,0,25,14,31,22,12,47,36,43,6,45,16,1,39,23,18,17,41,34,9,3,24,10,32,13,42,35,28,5,48,49,40,46,21,30,20,44,37,38,29,8,19,27,7,33,11,2,15,26,4,
870,43.15213632583618,72167.04629333335,59365.763,0,25,14,31,22,12,47,36,43,6,45,16,1,39,23,18,17,41,34,9,3,24,10,32,13,42,35,28,5,48,49,40,46,21,30,20,44,37,38,29,8,19,27,7,33,11,2,15,26,4,
871,43.19013547897339,72276.02029333333,59365.763,0,25,14,31,22,12,47,36,43,6,45,16,1,39,23,18,17,41,34,9,3,24,10,32,13,42,35,28,5,48,49,40,46,21,30,20,44,37,38,29,8,19,27,7,33,11,2,15,26,4,
872,43.227135181427,72984.20098666666,59365.763,0,25,14,31,22,12,47,36,43,6,45,16,1,39,23,18,17,41,34,9,3,24,10,32,13,42,35,28,5,48,49,40,46,21,30,20,44,37,38,29,8,19,27,7,33,11,2,15,26,4,
873,43.26413416862488,73996.63752000002,59365.763,0,25,14,31,22,12,47,36,43,6,45,16,1,39,23,18,17,41,34,9,3,24,10,32,13,42,35,28,5,48,49,40,46,21,30,20,44,37,38,29,8,19,27,7,33,11,2,15,26,4,
874,43.30413317680359,74923.70166666668,59365.763,0,25,14,31,22,12,47,36,43,6,45,16,1,39,23,18,17,41,34,9,3,24,10,32,13,42,35,28,5,48,49,40,46,21,30,20,44,37,38,29,8,19,27,7,33,11,2,15,26,4,
875,43.34113168716431,74510.23966666668,59365.763,0,25,14,31,22,12,47,36,43,6,45,16,1,39,23,18,17,41,34,9,3,24,10,32,13,42,35,28,5,48,49,40,46,21,30,20,44,37,38,29,8,19,27,7,33,11,2,15,26,4,
876,43.378169298172,71783.29778666668,59365.763,0,25,14,31,22,12,47,36,43,6,45,16,1,39,23,18,17,41,34,9,3,24,10,32,13,42,35,28,5,48,49,40,46,21,30,20,44,37,38,29,8,19,27,7,33,11,2,15,26,4,
877,43.41317892074585,71480.42528000002,59365.763,0,25,14,31,22,12,47,36,43,6,45,16,1,39,23,18,17,41,34,9,3,24,10,32,13,42,35,28,5,48,49,40,46,21,30,20,44,37,38,29,8,19,27,7,33,11,2,15,26,4,
878,43.45017147064209,69088.40048000001,59365.763,0,25,14,31,22,12,47,36,43,6,45,16,1,39,23,18,17,41,34,9,3,24,10,32,13,42,35,28,5,48,49,40,46,21,30,20,44,37,38,29,8,19,27,7,33,11,2,15,26,4,
879,43.48716998100281,69973.71602666668,59365.763,0,25,14,31,22,12,47,36,43,6,45,16,1,39,23,18,17,41,34,9,3,24,10,32,13,42,35,28,5,48,49,40,46,21,30,20,44,37,38,29,8,19,27,7,33,11,2,15,26,4,
880,43.52516794204712,71232.47241333335,59365.763,0,25,14,31,22,12,47,36,43,6,45,16,1,39,23,18,17,41,34,9,3,24,10,32,13,42,35,28,5,48,49,40,46,21,30,20,44,37,38,29,8,19,27,7,33,11,2,15,26,4,
881,43.56316781044006,67604.84001333333,59365.763,0,25,14,31,22,12,47,36,43,6,45,16,1,39,23,18,17,41,34,9,3,24,10,32,13,42,35,28,5,48,49,40,46,21,30,20,44,37,38,29,8,19,27,7,33,11,2,15,26,4,
882,43.600165128707886,68040.72148000001,59365.763,0,25,14,31,22,12,47,36,43,6,45,16,1,39,23,18,17,41,34,9,3,24,10,32,13,42,35,28,5,48,49,40,46,21,30,20,44,37,38,29,8,19,27,7,33,11,2,15,26,4,
883,43.64020586013794,70906.09709333333,59365.763,0,25,14,31,22,12,47,36,43,6,45,16,1,39,23,18,17,41,34,9,3,24,10,32,13,42,35,28,5,48,49,40,46,21,30,20,44,37,38,29,8,19,27,7,33,11,2,15,26,4,
884,43.6801700592041,72908.63288,59365.763,0,25,14,31,22,12,47,36,43,6,45,16,1,39,23,18,17,41,34,9,3,24,10,32,13,42,35,28,5,48,49,40,46,21,30,20,44,37,38,29,8,19,27,7,33,11,2,15,26,4,
885,43.71613264083862,72857.88484000001,59365.763,0,25,14,31,22,12,47,36,43,6,45,16,1,39,23,18,17,41,34,9,3,24,10,32,13,42,35,28,5,48,49,40,46,21,30,20,44,37,38,29,8,19,27,7,33,11,2,15,26,4,
886,43.752182483673096,74448.71718666668,59365.763,0,25,14,31,22,12,47,36,43,6,45,16,1,39,23,18,17,41,34,9,3,24,10,32,13,42,35,28,5,48,49,40,46,21,30,20,44,37,38,29,8,19,27,7,33,11,2,15,26,4,
887,43.78920340538025,75564.24944,59365.763,0,25,14,31,22,12,47,36,43,6,45,16,1,39,23,18,17,41,34,9,3,24,10,32,13,42,35,28,5,48,49,40,46,21,30,20,44,37,38,29,8,19,27,7,33,11,2,15,26,4,
888,43.82716202735901,75852.08884000001,59365.763,0,25,14,31,22,12,47,36,43,6,45,16,1,39,23,18,17,41,34,9,3,24,10,32,13,42,35,28,5,48,49,40,46,21,30,20,44,37,38,29,8,19,27,7,33,11,2,15,26,4,
889,43.86619853973389,74508.43508,59365.763,0,25,14,31,22,12,47,36,43,6,45,16,1,39,23,18,17,41,34,9,3,24,10,32,13,42,35,28,5,48,49,40,46,21,30,20,44,37,38,29,8,19,27,7,33,11,2,15,26,4,
890,43.905200481414795,75389.65938666667,59365.763,0,25,14,31,22,12,47,36,43,6,45,16,1,39,23,18,17,41,34,9,3,24,10,32,13,42,35,28,5,48,49,40,46,21,30,20,44,37,38,29,8,19,27,7,33,11,2,15,26,4,
891,43.943201541900635,74976.65260000002,59365.763,0,25,14,31,22,12,47,36,43,6,45,16,1,39,23,18,17,41,34,9,3,24,10,32,13,42,35,28,5,48,49,40,46,21,30,20,44,37,38,29,8,19,27,7,33,11,2,15,26,4,
892,43.98016381263733,73832.96629333333,59365.763,0,25,14,31,22,12,47,36,43,6,45,16,1,39,23,18,17,41,34,9,3,24,10,32,13,42,35,28,5,48,49,40,46,21,30,20,44,37,38,29,8,19,27,7,33,11,2,15,26,4,
893,44.017173528671265,74315.14041333333,59365.763,0,25,14,31,22,12,47,36,43,6,45,16,1,39,23,18,17,41,34,9,3,24,10,32,13,42,35,28,5,48,49,40,46,21,30,20,44,37,38,29,8,19,27,7,33,11,2,15,26,4,
894,44.05317163467407,74038.67229333332,59365.763,0,25,14,31,22,12,47,36,43,6,45,16,1,39,23,18,17,41,34,9,3,24,10,32,13,42,35,28,5,48,49,40,46,21,30,20,44,37,38,29,8,19,27,7,33,11,2,15,26,4,
895,44.09218144416809,73888.25842666667,59365.763,0,25,14,31,22,12,47,36,43,6,45,16,1,39,23,18,17,41,34,9,3,24,10,32,13,42,35,28,5,48,49,40,46,21,30,20,44,37,38,29,8,19,27,7,33,11,2,15,26,4,
896,44.131184816360474,73990.91032,59365.763,0,25,14,31,22,12,47,36,43,6,45,16,1,39,23,18,17,41,34,9,3,24,10,32,13,42,35,28,5,48,49,40,46,21,30,20,44,37,38,29,8,19,27,7,33,11,2,15,26,4,
897,44.170143365859985,74148.68129333333,59365.763,0,25,14,31,22,12,47,36,43,6,45,16,1,39,23,18,17,41,34,9,3,24,10,32,13,42,35,28,5,48,49,40,46,21,30,20,44,37,38,29,8,19,27,7,33,11,2,15,26,4,
898,44.20714783668518,72957.08946666667,59365.763,0,25,14,31,22,12,47,36,43,6,45,16,1,39,23,18,17,41,34,9,3,24,10,32,13,42,35,28,5,48,49,40,46,21,30,20,44,37,38,29,8,19,27,7,33,11,2,15,26,4,
899,44.245144844055176,72662.77496000001,59365.763,0,25,14,31,22,12,47,36,43,6,45,16,1,39,23,18,17,41,34,9,3,24,10,32,13,42,35,28,5,48,49,40,46,21,30,20,44,37,38,29,8,19,27,7,33,11,2,15,26,4,
900,44.284184217453,75949.10093333335,59365.763,0,25,14,31,22,12,47,36,43,6,45,16,1,39,23,18,17,41,34,9,3,24,10,32,13,42,35,28,5,48,49,40,46,21,30,20,44,37,38,29,8,19,27,7,33,11,2,15,26,4,
901,44.32017993927002,73404.3344,59365.763,0,25,14,31,22,12,47,36,43,6,45,16,1,39,23,18,17,41,34,9,3,24,10,32,13,42,35,28,5,48,49,40,46,21,30,20,44,37,38,29,8,19,27,7,33,11,2,15,26,4,
902,44.35918188095093,72944.43186666668,59365.763,0,25,14,31,22,12,47,36,43,6,45,16,1,39,23,18,17,41,34,9,3,24,10,32,13,42,35,28,5,48,49,40,46,21,30,20,44,37,38,29,8,19,27,7,33,11,2,15,26,4,
903,44.396193504333496,71440.31600000002,59365.763,0,25,14,31,22,12,47,36,43,6,45,16,1,39,23,18,17,41,34,9,3,24,10,32,13,42,35,28,5,48,49,40,46,21,30,20,44,37,38,29,8,19,27,7,33,11,2,15,26,4,
904,44.43319582939148,71582.0678,59365.763,0,25,14,31,22,12,47,36,43,6,45,16,1,39,23,18,17,41,34,9,3,24,10,32,13,42,35,28,5,48,49,40,46,21,30,20,44,37,38,29,8,19,27,7,33,11,2,15,26,4,
905,44.47024631500244,71697.29761333333,59365.763,0,25,14,31,22,12,47,36,43,6,45,16,1,39,23,18,17,41,34,9,3,24,10,32,13,42,35,28,5,48,49,40,46,21,30,20,44,37,38,29,8,19,27,7,33,11,2,15,26,4,
906,44.50921034812927,71727.83214666667,59365.763,0,25,14,31,22,12,47,36,43,6,45,16,1,39,23,18,17,41,34,9,3,24,10,32,13,42,35,28,5,48,49,40,46,21,30,20,44,37,38,29,8,19,27,7,33,11,2,15,26,4,
907,44.54624819755554,71048.15814666665,58622.80300000001,0,25,14,31,22,12,47,36,43,6,45,16,1,39,23,18,17,41,34,9,3,24,10,32,13,42,35,28,5,48,49,40,46,20,21,30,44,37,38,29,8,19,27,7,33,11,2,15,26,4,
908,44.58328628540039,70445.56617333334,58622.80300000001,0,25,14,31,22,12,47,36,43,6,45,16,1,39,23,18,17,41,34,9,3,24,10,32,13,42,35,28,5,48,49,40,46,20,21,30,44,37,38,29,8,19,27,7,33,11,2,15,26,4,
909,44.61925029754639,70174.67969333334,58622.80300000001,0,25,14,31,22,12,47,36,43,6,45,16,1,39,23,18,17,41,34,9,3,24,10,32,13,42,35,28,5,48,49,40,46,20,21,30,44,37,38,29,8,19,27,7,33,11,2,15,26,4,
910,44.658210039138794,71322.53537333333,58622.80300000001,0,25,14,31,22,12,47,36,43,6,45,16,1,39,23,18,17,41,34,9,3,24,10,32,13,42,35,28,5,48,49,40,46,20,21,30,44,37,38,29,8,19,27,7,33,11,2,15,26,4,
911,44.69725775718689,70808.31832,58622.80300000001,0,25,14,31,22,12,47,36,43,6,45,16,1,39,23,18,17,41,34,9,3,24,10,32,13,42,35,28,5,48,49,40,46,20,21,30,44,37,38,29,8,19,27,7,33,11,2,15,26,4,
912,44.73329472541809,69198.70640000001,58622.80300000001,0,25,14,31,22,12,47,36,43,6,45,16,1,39,23,18,17,41,34,9,3,24,10,32,13,42,35,28,5,48,49,40,46,20,21,30,44,37,38,29,8,19,27,7,33,11,2,15,26,4,
913,44.76933169364929,70203.07936,58622.80300000001,0,25,14,31,22,12,47,36,43,6,45,16,1,39,23,18,17,41,34,9,3,24,10,32,13,42,35,28,5,48,49,40,46,20,21,30,44,37,38,29,8,19,27,7,33,11,2,15,26,4,
914,44.80533170700073,68402.27558666667,58622.80300000001,0,25,14,31,22,12,47,36,43,6,45,16,1,39,23,18,17,41,34,9,3,24,10,32,13,42,35,28,5,48,49,40,46,20,21,30,44,37,38,29,8,19,27,7,33,11,2,15,26,4,
915,44.84328866004944,67562.39841333334,58622.80300000001,0,25,14,31,22,12,47,36,43,6,45,16,1,39,23,18,17,41,34,9,3,24,10,32,13,42,35,28,5,48,49,40,46,20,21,30,44,37,38,29,8,19,27,7,33,11,2,15,26,4,
916,44.88024711608887,69770.82716,58622.80300000001,0,25,14,31,22,12,47,36,43,6,45,16,1,39,23,18,17,41,34,9,3,24,10,32,13,42,35,28,5,48,49,40,46,20,21,30,44,37,38,29,8,19,27,7,33,11,2,15,26,4,
917,44.9172465801239,69902.31962666666,58622.80300000001,0,25,14,31,22,12,47,36,43,6,45,16,1,39,23,18,17,41,34,9,3,24,10,32,13,42,35,28,5,48,49,40,46,20,21,30,44,37,38,29,8,19,27,7,33,11,2,15,26,4,
918,44.95567345619202,69838.60221333335,58622.80300000001,0,25,14,31,22,12,47,36,43,6,45,16,1,39,23,18,17,41,34,9,3,24,10,32,13,42,35,28,5,48,49,40,46,20,21,30,44,37,38,29,8,19,27,7,33,11,2,15,26,4,
919,44.99467372894287,70543.79650666667,58622.80300000001,0,25,14,31,22,12,47,36,43,6,45,16,1,39,23,18,17,41,34,9,3,24,10,32,13,42,35,28,5,48,49,40,46,20,21,30,44,37,38,29,8,19,27,7,33,11,2,15,26,4,
920,45.0326726436615,70463.79411999999,58622.80300000001,0,25,14,31,22,12,47,36,43,6,45,16,1,39,23,18,17,41,34,9,3,24,10,32,13,42,35,28,5,48,49,40,46,20,21,30,44,37,38,29,8,19,27,7,33,11,2,15,26,4,
921,45.068676233291626,70656.67861333332,58622.80300000001,0,25,14,31,22,12,47,36,43,6,45,16,1,39,23,18,17,41,34,9,3,24,10,32,13,42,35,28,5,48,49,40,46,20,21,30,44,37,38,29,8,19,27,7,33,11,2,15,26,4,
922,45.105621576309204,72277.56181333335,58622.80300000001,0,25,14,31,22,12,47,36,43,6,45,16,1,39,23,18,17,41,34,9,3,24,10,32,13,42,35,28,5,48,49,40,46,20,21,30,44,37,38,29,8,19,27,7,33,11,2,15,26,4,
923,45.14462423324585,73970.98251999999,58622.80300000001,0,25,14,31,22,12,47,36,43,6,45,16,1,39,23,18,17,41,34,9,3,24,10,32,13,42,35,28,5,48,49,40,46,20,21,30,44,37,38,29,8,19,27,7,33,11,2,15,26,4,
924,45.182626485824585,72528.53908000002,58622.80300000001,0,25,14,31,22,12,47,36,43,6,45,16,1,39,23,18,17,41,34,9,3,24,10,32,13,42,35,28,5,48,49,40,46,20,21,30,44,37,38,29,8,19,27,7,33,11,2,15,26,4,
925,45.22066378593445,76847.62890666666,58622.80300000001,0,25,14,31,22,12,47,36,43,6,45,16,1,39,23,18,17,41,34,9,3,24,10,32,13,42,35,28,5,48,49,40,46,20,21,30,44,37,38,29,8,19,27,7,33,11,2,15,26,4,
926,45.256662368774414,71662.89756000001,58622.80300000001,0,25,14,31,22,12,47,36,43,6,45,16,1,39,23,18,17,41,34,9,3,24,10,32,13,42,35,28,5,48,49,40,46,20,21,30,44,37,38,29,8,19,27,7,33,11,2,15,26,4,
927,45.29370164871216,75515.70544,58622.80300000001,0,25,14,31,22,12,47,36,43,6,45,16,1,39,23,18,17,41,34,9,3,24,10,32,13,42,35,28,5,48,49,40,46,20,21,30,44,37,38,29,8,19,27,7,33,11,2,15,26,4,
928,45.331700563430786,75285.56744,58622.80300000001,0,25,14,31,22,12,47,36,43,6,45,16,1,39,23,18,17,41,34,9,3,24,10,32,13,42,35,28,5,48,49,40,46,20,21,30,44,37,38,29,8,19,27,7,33,11,2,15,26,4,
929,45.37065887451172,71806.82608,58622.80300000001,0,25,14,31,22,12,47,36,43,6,45,16,1,39,23,18,17,41,34,9,3,24,10,32,13,42,35,28,5,48,49,40,46,20,21,30,44,37,38,29,8,19,27,7,33,11,2,15,26,4,
930,45.40866303443909,70708.77357333332,58622.80300000001,0,25,14,31,22,12,47,36,43,6,45,16,1,39,23,18,17,41,34,9,3,24,10,32,13,42,35,28,5,48,49,40,46,20,21,30,44,37,38,29,8,19,27,7,33,11,2,15,26,4,
931,45.44466233253479,70249.42737333334,58622.80300000001,0,25,14,31,22,12,47,36,43,6,45,16,1,39,23,18,17,41,34,9,3,24,10,32,13,42,35,28,5,48,49,40,46,20,21,30,44,37,38,29,8,19,27,7,33,11,2,15,26,4,
932,45.47969722747803,72343.02714666666,58622.80300000001,0,25,14,31,22,12,47,36,43,6,45,16,1,39,23,18,17,41,34,9,3,24,10,32,13,42,35,28,5,48,49,40,46,20,21,30,44,37,38,29,8,19,27,7,33,11,2,15,26,4,
933,45.516716957092285,71012.48723999999,58622.80300000001,0,25,14,31,22,12,47,36,43,6,45,16,1,39,23,18,17,41,34,9,3,24,10,32,13,42,35,28,5,48,49,40,46,20,21,30,44,37,38,29,8,19,27,7,33,11,2,15,26,4,
934,45.55367660522461,70346.20334666666,58622.80300000001,0,25,14,31,22,12,47,36,43,6,45,16,1,39,23,18,17,41,34,9,3,24,10,32,13,42,35,28,5,48,49,40,46,20,21,30,44,37,38,29,8,19,27,7,33,11,2,15,26,4,
935,45.59063243865967,72191.29402666667,58622.80300000001,0,25,14,31,22,12,47,36,43,6,45,16,1,39,23,18,17,41,34,9,3,24,10,32,13,42,35,28,5,48,49,40,46,20,21,30,44,37,38,29,8,19,27,7,33,11,2,15,26,4,
936,45.627683877944946,70891.75625333335,58622.80300000001,0,25,14,31,22,12,47,36,43,6,45,16,1,39,23,18,17,41,34,9,3,24,10,32,13,42,35,28,5,48,49,40,46,20,21,30,44,37,38,29,8,19,27,7,33,11,2,15,26,4,
937,45.664642572402954,71437.27358666666,58622.80300000001,0,25,14,31,22,12,47,36,43,6,45,16,1,39,23,18,17,41,34,9,3,24,10,32,13,42,35,28,5,48,49,40,46,20,21,30,44,37,38,29,8,19,27,7,33,11,2,15,26,4,
938,45.70164227485657,71202.23701333335,58622.80300000001,0,25,14,31,22,12,47,36,43,6,45,16,1,39,23,18,17,41,34,9,3,24,10,32,13,42,35,28,5,48,49,40,46,20,21,30,44,37,38,29,8,19,27,7,33,11,2,15,26,4,
939,45.74059748649597,71086.62537333333,58622.80300000001,0,25,14,31,22,12,47,36,43,6,45,16,1,39,23,18,17,41,34,9,3,24,10,32,13,42,35,28,5,48,49,40,46,20,21,30,44,37,38,29,8,19,27,7,33,11,2,15,26,4,
940,45.778648376464844,72534.00713333332,58622.80300000001,0,25,14,31,22,12,47,36,43,6,45,16,1,39,23,18,17,41,34,9,3,24,10,32,13,42,35,28,5,48,49,40,46,20,21,30,44,37,38,29,8,19,27,7,33,11,2,15,26,4,
941,45.814658880233765,73507.62790666666,58622.80300000001,0,25,14,31,22,12,47,36,43,6,45,16,1,39,23,18,17,41,34,9,3,24,10,32,13,42,35,28,5,48,49,40,46,20,21,30,44,37,38,29,8,19,27,7,33,11,2,15,26,4,
942,45.85169792175293,72252.51790666666,58622.80300000001,0,25,14,31,22,12,47,36,43,6,45,16,1,39,23,18,17,41,34,9,3,24,10,32,13,42,35,28,5,48,49,40,46,20,21,30,44,37,38,29,8,19,27,7,33,11,2,15,26,4,
943,45.89116954803467,71302.1406,58622.80300000001,0,25,14,31,22,12,47,36,43,6,45,16,1,39,23,18,17,41,34,9,3,24,10,32,13,42,35,28,5,48,49,40,46,20,21,30,44,37,38,29,8,19,27,7,33,11,2,15,26,4,
944,45.92920255661011,71772.50749333334,58622.80300000001,0,25,14,31,22,12,47,36,43,6,45,16,1,39,23,18,17,41,34,9,3,24,10,32,13,42,35,28,5,48,49,40,46,20,21,30,44,37,38,29,8,19,27,7,33,11,2,15,26,4,
945,45.96819734573364,74330.33689333334,58622.80300000001,0,25,14,31,22,12,47,36,43,6,45,16,1,39,23,18,17,41,34,9,3,24,10,32,13,42,35,28,5,48,49,40,46,20,21,30,44,37,38,29,8,19,27,7,33,11,2,15,26,4,
946,46.00519633293152,75101.13312,58622.80300000001,0,25,14,31,22,12,47,36,43,6,45,16,1,39,23,18,17,41,34,9,3,24,10,32,13,42,35,28,5,48,49,40,46,20,21,30,44,37,38,29,8,19,27,7,33,11,2,15,26,4,
947,46.04419159889221,71559.51869333333,58622.80300000001,0,25,14,31,22,12,47,36,43,6,45,16,1,39,23,18,17,41,34,9,3,24,10,32,13,42,35,28,5,48,49,40,46,20,21,30,44,37,38,29,8,19,27,7,33,11,2,15,26,4,
948,46.08422565460205,72090.58934666667,58622.80300000001,0,25,14,31,22,12,47,36,43,6,45,16,1,39,23,18,17,41,34,9,3,24,10,32,13,42,35,28,5,48,49,40,46,20,21,30,44,37,38,29,8,19,27,7,33,11,2,15,26,4,
949,46.12222361564636,71877.51261333333,58622.80300000001,0,25,14,31,22,12,47,36,43,6,45,16,1,39,23,18,17,41,34,9,3,24,10,32,13,42,35,28,5,48,49,40,46,20,21,30,44,37,38,29,8,19,27,7,33,11,2,15,26,4,
950,46.16218686103821,73367.67338666666,58622.80300000001,0,25,14,31,22,12,47,36,43,6,45,16,1,39,23,18,17,41,34,9,3,24,10,32,13,42,35,28,5,48,49,40,46,20,21,30,44,37,38,29,8,19,27,7,33,11,2,15,26,4,
951,46.20218348503113,71968.22110666668,58622.80300000001,0,25,14,31,22,12,47,36,43,6,45,16,1,39,23,18,17,41,34,9,3,24,10,32,13,42,35,28,5,48,49,40,46,20,21,30,44,37,38,29,8,19,27,7,33,11,2,15,26,4,
952,46.240180253982544,72644.26228,58622.80300000001,0,25,14,31,22,12,47,36,43,6,45,16,1,39,23,18,17,41,34,9,3,24,10,32,13,42,35,28,5,48,49,40,46,20,21,30,44,37,38,29,8,19,27,7,33,11,2,15,26,4,
953,46.27817392349243,78219.76834666668,58622.80300000001,0,25,14,31,22,12,47,36,43,6,45,16,1,39,23,18,17,41,34,9,3,24,10,32,13,42,35,28,5,48,49,40,46,20,21,30,44,37,38,29,8,19,27,7,33,11,2,15,26,4,
954,46.318204402923584,73173.98225333334,58622.80300000001,0,25,14,31,22,12,47,36,43,6,45,16,1,39,23,18,17,41,34,9,3,24,10,32,13,42,35,28,5,48,49,40,46,20,21,30,44,37,38,29,8,19,27,7,33,11,2,15,26,4,
955,46.35823321342468,75634.68629333333,58622.80300000001,0,25,14,31,22,12,47,36,43,6,45,16,1,39,23,18,17,41,34,9,3,24,10,32,13,42,35,28,5,48,49,40,46,20,21,30,44,37,38,29,8,19,27,7,33,11,2,15,26,4,
956,46.40323209762573,77407.80158666667,58622.80300000001,0,25,14,31,22,12,47,36,43,6,45,16,1,39,23,18,17,41,34,9,3,24,10,32,13,42,35,28,5,48,49,40,46,20,21,30,44,37,38,29,8,19,27,7,33,11,2,15,26,4,
957,46.44126057624817,73149.93772,58622.80300000001,0,25,14,31,22,12,47,36,43,6,45,16,1,39,23,18,17,41,34,9,3,24,10,32,13,42,35,28,5,48,49,40,46,20,21,30,44,37,38,29,8,19,27,7,33,11,2,15,26,4,
958,46.483258962631226,73839.96026666665,58622.80300000001,0,25,14,31,22,12,47,36,43,6,45,16,1,39,23,18,17,41,34,9,3,24,10,32,13,42,35,28,5,48,49,40,46,20,21,30,44,37,38,29,8,19,27,7,33,11,2,15,26,4,
959,46.52126359939575,71949.03790666666,58622.80300000001,0,25,14,31,22,12,47,36,43,6,45,16,1,39,23,18,17,41,34,9,3,24,10,32,13,42,35,28,5,48,49,40,46,20,21,30,44,37,38,29,8,19,27,7,33,11,2,15,26,4,
960,46.5592987537384,70781.8642,58622.80300000001,0,25,14,31,22,12,47,36,43,6,45,16,1,39,23,18,17,41,34,9,3,24,10,32,13,42,35,28,5,48,49,40,46,20,21,30,44,37,38,29,8,19,27,7,33,11,2,15,26,4,
961,46.59728980064392,71480.94449333334,58622.80300000001,0,25,14,31,22,12,47,36,43,6,45,16,1,39,23,18,17,41,34,9,3,24,10,32,13,42,35,28,5,48,49,40,46,20,21,30,44,37,38,29,8,19,27,7,33,11,2,15,26,4,
962,46.636287689208984,70267.62230666667,58622.80300000001,0,25,14,31,22,12,47,36,43,6,45,16,1,39,23,18,17,41,34,9,3,24,10,32,13,42,35,28,5,48,49,40,46,20,21,30,44,37,38,29,8,19,27,7,33,11,2,15,26,4,
963,46.672290325164795,68293.47454666668,58622.80300000001,0,25,14,31,22,12,47,36,43,6,45,16,1,39,23,18,17,41,34,9,3,24,10,32,13,42,35,28,5,48,49,40,46,20,21,30,44,37,38,29,8,19,27,7,33,11,2,15,26,4,
964,46.710293769836426,69265.94676,58622.80300000001,0,25,14,31,22,12,47,36,43,6,45,16,1,39,23,18,17,41,34,9,3,24,10,32,13,42,35,28,5,48,49,40,46,20,21,30,44,37,38,29,8,19,27,7,33,11,2,15,26,4,
965,46.74830436706543,70694.18418666668,58622.80300000001,0,25,14,31,22,12,47,36,43,6,45,16,1,39,23,18,17,41,34,9,3,24,10,32,13,42,35,28,5,48,49,40,46,20,21,30,44,37,38,29,8,19,27,7,33,11,2,15,26,4,
966,46.78534412384033,70698.73341333334,58622.80300000001,0,25,14,31,22,12,47,36,43,6,45,16,1,39,23,18,17,41,34,9,3,24,10,32,13,42,35,28,5,48,49,40,46,20,21,30,44,37,38,29,8,19,27,7,33,11,2,15,26,4,
967,46.82334089279175,69676.33089333335,58622.80300000001,0,25,14,31,22,12,47,36,43,6,45,16,1,39,23,18,17,41,34,9,3,24,10,32,13,42,35,28,5,48,49,40,46,20,21,30,44,37,38,29,8,19,27,7,33,11,2,15,26,4,
968,46.8603777885437,71409.62829333334,58622.80300000001,0,25,14,31,22,12,47,36,43,6,45,16,1,39,23,18,17,41,34,9,3,24,10,32,13,42,35,28,5,48,49,40,46,20,21,30,44,37,38,29,8,19,27,7,33,11,2,15,26,4,
969,46.897340059280396,69974.60562666667,58622.80300000001,0,25,14,31,22,12,47,36,43,6,45,16,1,39,23,18,17,41,34,9,3,24,10,32,13,42,35,28,5,48,49,40,46,20,21,30,44,37,38,29,8,19,27,7,33,11,2,15,26,4,
970,46.93530321121216,71060.11449333334,58622.80300000001,0,25,14,31,22,12,47,36,43,6,45,16,1,39,23,18,17,41,34,9,3,24,10,32,13,42,35,28,5,48,49,40,46,20,21,30,44,37,38,29,8,19,27,7,33,11,2,15,26,4,
971,46.97329926490784,70723.54036,58622.80300000001,0,25,14,31,22,12,47,36,43,6,45,16,1,39,23,18,17,41,34,9,3,24,10,32,13,42,35,28,5,48,49,40,46,20,21,30,44,37,38,29,8,19,27,7,33,11,2,15,26,4,
972,47.008363008499146,71355.33501333333,58622.80300000001,0,25,14,31,22,12,47,36,43,6,45,16,1,39,23,18,17,41,34,9,3,24,10,32,13,42,35,28,5,48,49,40,46,20,21,30,44,37,38,29,8,19,27,7,33,11,2,15,26,4,
973,47.047372341156006,72470.15208,58622.80300000001,0,25,14,31,22,12,47,36,43,6,45,16,1,39,23,18,17,41,34,9,3,24,10,32,13,42,35,28,5,48,49,40,46,20,21,30,44,37,38,29,8,19,27,7,33,11,2,15,26,4,
974,47.084331035614014,72488.99698666667,58622.80300000001,0,25,14,31,22,12,47,36,43,6,45,16,1,39,23,18,17,41,34,9,3,24,10,32,13,42,35,28,5,48,49,40,46,20,21,30,44,37,38,29,8,19,27,7,33,11,2,15,26,4,
975,47.120330810546875,75076.90286666667,58622.80300000001,0,25,14,31,22,12,47,36,43,6,45,16,1,39,23,18,17,41,34,9,3,24,10,32,13,42,35,28,5,48,49,40,46,20,21,30,44,37,38,29,8,19,27,7,33,11,2,15,26,4,
976,47.158329248428345,74197.31705333335,58622.80300000001,0,25,14,31,22,12,47,36,43,6,45,16,1,39,23,18,17,41,34,9,3,24,10,32,13,42,35,28,5,48,49,40,46,20,21,30,44,37,38,29,8,19,27,7,33,11,2,15,26,4,
977,47.19537401199341,72541.40950666668,58622.80300000001,0,25,14,31,22,12,47,36,43,6,45,16,1,39,23,18,17,41,34,9,3,24,10,32,13,42,35,28,5,48,49,40,46,20,21,30,44,37,38,29,8,19,27,7,33,11,2,15,26,4,
978,47.23233366012573,70490.70990666667,58622.80300000001,0,25,14,31,22,12,47,36,43,6,45,16,1,39,23,18,17,41,34,9,3,24,10,32,13,42,35,28,5,48,49,40,46,20,21,30,44,37,38,29,8,19,27,7,33,11,2,15,26,4,
979,47.27033519744873,71127.13164,58622.80300000001,0,25,14,31,22,12,47,36,43,6,45,16,1,39,23,18,17,41,34,9,3,24,10,32,13,42,35,28,5,48,49,40,46,20,21,30,44,37,38,29,8,19,27,7,33,11,2,15,26,4,
980,47.30834746360779,74945.55644000001,58622.80300000001,0,25,14,31,22,12,47,36,43,6,45,16,1,39,23,18,17,41,34,9,3,24,10,32,13,42,35,28,5,48,49,40,46,20,21,30,44,37,38,29,8,19,27,7,33,11,2,15,26,4,
981,47.346306562423706,77993.02693333331,58622.80300000001,0,25,14,31,22,12,47,36,43,6,45,16,1,39,23,18,17,41,34,9,3,24,10,32,13,42,35,28,5,48,49,40,46,20,21,30,44,37,38,29,8,19,27,7,33,11,2,15,26,4,
982,47.38230609893799,77180.71962666669,58622.80300000001,0,25,14,31,22,12,47,36,43,6,45,16,1,39,23,18,17,41,34,9,3,24,10,32,13,42,35,28,5,48,49,40,46,20,21,30,44,37,38,29,8,19,27,7,33,11,2,15,26,4,
983,47.41830515861511,76363.05196,58622.80300000001,0,25,14,31,22,12,47,36,43,6,45,16,1,39,23,18,17,41,34,9,3,24,10,32,13,42,35,28,5,48,49,40,46,20,21,30,44,37,38,29,8,19,27,7,33,11,2,15,26,4,
984,47.45530843734741,79061.52034666666,58622.80300000001,0,25,14,31,22,12,47,36,43,6,45,16,1,39,23,18,17,41,34,9,3,24,10,32,13,42,35,28,5,48,49,40,46,20,21,30,44,37,38,29,8,19,27,7,33,11,2,15,26,4,
985,47.49330806732178,76511.07621333333,58622.80300000001,0,25,14,31,22,12,47,36,43,6,45,16,1,39,23,18,17,41,34,9,3,24,10,32,13,42,35,28,5,48,49,40,46,20,21,30,44,37,38,29,8,19,27,7,33,11,2,15,26,4,
986,47.53131031990051,73959.46224,58622.80300000001,0,25,14,31,22,12,47,36,43,6,45,16,1,39,23,18,17,41,34,9,3,24,10,32,13,42,35,28,5,48,49,40,46,20,21,30,44,37,38,29,8,19,27,7,33,11,2,15,26,4,
987,47.568304777145386,73661.67202666667,58622.80300000001,0,25,14,31,22,12,47,36,43,6,45,16,1,39,23,18,17,41,34,9,3,24,10,32,13,42,35,28,5,48,49,40,46,20,21,30,44,37,38,29,8,19,27,7,33,11,2,15,26,4,
988,47.60834360122681,72026.69865333335,58622.80300000001,0,25,14,31,22,12,47,36,43,6,45,16,1,39,23,18,17,41,34,9,3,24,10,32,13,42,35,28,5,48,49,40,46,20,21,30,44,37,38,29,8,19,27,7,33,11,2,15,26,4,
989,47.646305561065674,72789.70634666666,58622.80300000001,0,25,14,31,22,12,47,36,43,6,45,16,1,39,23,18,17,41,34,9,3,24,10,32,13,42,35,28,5,48,49,40,46,20,21,30,44,37,38,29,8,19,27,7,33,11,2,15,26,4,
990,47.68435287475586,74012.7613466667,58622.80300000001,0,25,14,31,22,12,47,36,43,6,45,16,1,39,23,18,17,41,34,9,3,24,10,32,13,42,35,28,5,48,49,40,46,20,21,30,44,37,38,29,8,19,27,7,33,11,2,15,26,4,
991,47.723334074020386,76050.84358666667,58622.80300000001,0,25,14,31,22,12,47,36,43,6,45,16,1,39,23,18,17,41,34,9,3,24,10,32,13,42,35,28,5,48,49,40,46,20,21,30,44,37,38,29,8,19,27,7,33,11,2,15,26,4,
992,47.76333785057068,76558.33597333335,58622.80300000001,0,25,14,31,22,12,47,36,43,6,45,16,1,39,23,18,17,41,34,9,3,24,10,32,13,42,35,28,5,48,49,40,46,20,21,30,44,37,38,29,8,19,27,7,33,11,2,15,26,4,
993,47.802377462387085,76335.99356000002,58622.80300000001,0,25,14,31,22,12,47,36,43,6,45,16,1,39,23,18,17,41,34,9,3,24,10,32,13,42,35,28,5,48,49,40,46,20,21,30,44,37,38,29,8,19,27,7,33,11,2,15,26,4,
994,47.83933639526367,75073.8298,58622.80300000001,0,25,14,31,22,12,47,36,43,6,45,16,1,39,23,18,17,41,34,9,3,24,10,32,13,42,35,28,5,48,49,40,46,20,21,30,44,37,38,29,8,19,27,7,33,11,2,15,26,4,
995,47.87529468536377,74607.93233333333,58622.80300000001,0,25,14,31,22,12,47,36,43,6,45,16,1,39,23,18,17,41,34,9,3,24,10,32,13,42,35,28,5,48,49,40,46,20,21,30,44,37,38,29,8,19,27,7,33,11,2,15,26,4,
996,47.91429257392883,76834.84913333332,58622.80300000001,0,25,14,31,22,12,47,36,43,6,45,16,1,39,23,18,17,41,34,9,3,24,10,32,13,42,35,28,5,48,49,40,46,20,21,30,44,37,38,29,8,19,27,7,33,11,2,15,26,4,
997,47.95225381851196,73745.70397333334,58622.80300000001,0,25,14,31,22,12,47,36,43,6,45,16,1,39,23,18,17,41,34,9,3,24,10,32,13,42,35,28,5,48,49,40,46,20,21,30,44,37,38,29,8,19,27,7,33,11,2,15,26,4,
998,47.98825216293335,73034.7728,58622.80300000001,0,25,14,31,22,12,47,36,43,6,45,16,1,39,23,18,17,41,34,9,3,24,10,32,13,42,35,28,5,48,49,40,46,20,21,30,44,37,38,29,8,19,27,7,33,11,2,15,26,4,
999,50.17925190925598,72616.09286666667,58622.80300000001,0,25,14,31,22,12,47,36,43,6,45,16,1,39,23,18,17,41,34,9,3,24,10,32,13,42,35,28,5,48,49,40,46,20,21,30,44,37,38,29,8,19,27,7,33,11,2,15,26,4,
1000,50.215261459350586,74101.20129333335,58327.48300000001,0,25,14,31,22,12,47,36,43,6,45,16,1,39,23,18,17,41,34,9,3,24,10,32,13,42,35,28,5,48,49,40,46,20,21,30,37,44,38,29,8,19,27,7,33,11,2,15,26,4,
1001,50.252259731292725,75176.55121333334,58327.48300000001,0,25,14,31,22,12,47,36,43,6,45,16,1,39,23,18,17,41,34,9,3,24,10,32,13,42,35,28,5,48,49,40,46,20,21,30,37,44,38,29,8,19,27,7,33,11,2,15,26,4,
1002,50.29222059249878,72400.78572000001,58327.48300000001,0,25,14,31,22,12,47,36,43,6,45,16,1,39,23,18,17,41,34,9,3,24,10,32,13,42,35,28,5,48,49,40,46,20,21,30,37,44,38,29,8,19,27,7,33,11,2,15,26,4,
1003,50.32927179336548,70332.85928000002,58327.48300000001,0,25,14,31,22,12,47,36,43,6,45,16,1,39,23,18,17,41,34,9,3,24,10,32,13,42,35,28,5,48,49,40,46,20,21,30,37,44,38,29,8,19,27,7,33,11,2,15,26,4,
1004,50.3652708530426,70454.79044000001,58327.48300000001,0,25,14,31,22,12,47,36,43,6,45,16,1,39,23,18,17,41,34,9,3,24,10,32,13,42,35,28,5,48,49,40,46,20,21,30,37,44,38,29,8,19,27,7,33,11,2,15,26,4,
1005,50.40427041053772,70896.48378666668,58327.48300000001,0,25,14,31,22,12,47,36,43,6,45,16,1,39,23,18,17,41,34,9,3,24,10,32,13,42,35,28,5,48,49,40,46,20,21,30,37,44,38,29,8,19,27,7,33,11,2,15,26,4,
1006,50.44226908683777,71915.01066666668,58327.48300000001,0,25,14,31,22,12,47,36,43,6,45,16,1,39,23,18,17,41,34,9,3,24,10,32,13,42,35,28,5,48,49,40,46,20,21,30,37,44,38,29,8,19,27,7,33,11,2,15,26,4,
1007,50.489272594451904,73193.00196000001,58327.48300000001,0,25,14,31,22,12,47,36,43,6,45,16,1,39,23,18,17,41,34,9,3,24,10,32,13,42,35,28,5,48,49,40,46,20,21,30,37,44,38,29,8,19,27,7,33,11,2,15,26,4,
1008,50.52730751037598,76275.22148000001,58327.48300000001,0,25,14,31,22,12,47,36,43,6,45,16,1,39,23,18,17,41,34,9,3,24,10,32,13,42,35,28,5,48,49,40,46,20,21,30,37,44,38,29,8,19,27,7,33,11,2,15,26,4,
1009,50.56530809402466,76213.98805333335,58327.48300000001,0,25,14,31,22,12,47,36,43,6,45,16,1,39,23,18,17,41,34,9,3,24,10,32,13,42,35,28,5,48,49,40,46,20,21,30,37,44,38,29,8,19,27,7,33,11,2,15,26,4,
1010,50.60334634780884,74011.07921333335,58327.48300000001,0,25,14,31,22,12,47,36,43,6,45,16,1,39,23,18,17,41,34,9,3,24,10,32,13,42,35,28,5,48,49,40,46,20,21,30,37,44,38,29,8,19,27,7,33,11,2,15,26,4,
1011,50.640347480773926,73470.49257333335,58327.48300000001,0,25,14,31,22,12,47,36,43,6,45,16,1,39,23,18,17,41,34,9,3,24,10,32,13,42,35,28,5,48,49,40,46,20,21,30,37,44,38,29,8,19,27,7,33,11,2,15,26,4,
1012,50.67639088630676,71733.09668000002,58327.48300000001,0,25,14,31,22,12,47,36,43,6,45,16,1,39,23,18,17,41,34,9,3,24,10,32,13,42,35,28,5,48,49,40,46,20,21,30,37,44,38,29,8,19,27,7,33,11,2,15,26,4,
1013,50.718361616134644,71921.32956000001,58327.48300000001,0,25,14,31,22,12,47,36,43,6,45,16,1,39,23,18,17,41,34,9,3,24,10,32,13,42,35,28,5,48,49,40,46,20,21,30,37,44,38,29,8,19,27,7,33,11,2,15,26,4,
1014,50.754364252090454,72125.30693333336,58327.48300000001,0,25,14,31,22,12,47,36,43,6,45,16,1,39,23,18,17,41,34,9,3,24,10,32,13,42,35,28,5,48,49,40,46,20,21,30,37,44,38,29,8,19,27,7,33,11,2,15,26,4,
1015,50.793318033218384,70822.73932000002,58327.48300000001,0,25,14,31,22,12,47,36,43,6,45,16,1,39,23,18,17,41,34,9,3,24,10,32,13,42,35,28,5,48,49,40,46,20,21,30,37,44,38,29,8,19,27,7,33,11,2,15,26,4,
1016,50.83032774925232,71056.80292000002,58327.48300000001,0,25,14,31,22,12,47,36,43,6,45,16,1,39,23,18,17,41,34,9,3,24,10,32,13,42,35,28,5,48,49,40,46,20,21,30,37,44,38,29,8,19,27,7,33,11,2,15,26,4,
1017,50.868324518203735,70565.88758666668,58327.48300000001,0,25,14,31,22,12,47,36,43,6,45,16,1,39,23,18,17,41,34,9,3,24,10,32,13,42,35,28,5,48,49,40,46,20,21,30,37,44,38,29,8,19,27,7,33,11,2,15,26,4,
1018,50.9053475856781,70865.48765333334,58327.48300000001,0,25,14,31,22,12,47,36,43,6,45,16,1,39,23,18,17,41,34,9,3,24,10,32,13,42,35,28,5,48,49,40,46,20,21,30,37,44,38,29,8,19,27,7,33,11,2,15,26,4,
1019,50.943347454071045,71746.5309866667,58327.48300000001,0,25,14,31,22,12,47,36,43,6,45,16,1,39,23,18,17,41,34,9,3,24,10,32,13,42,35,28,5,48,49,40,46,20,21,30,37,44,38,29,8,19,27,7,33,11,2,15,26,4,
1020,50.98334765434265,71416.90606666668,58327.48300000001,0,25,14,31,22,12,47,36,43,6,45,16,1,39,23,18,17,41,34,9,3,24,10,32,13,42,35,28,5,48,49,40,46,20,21,30,37,44,38,29,8,19,27,7,33,11,2,15,26,4,
1021,51.01834964752197,72839.83537333335,58327.48300000001,0,25,14,31,22,12,47,36,43,6,45,16,1,39,23,18,17,41,34,9,3,24,10,32,13,42,35,28,5,48,49,40,46,20,21,30,37,44,38,29,8,19,27,7,33,11,2,15,26,4,
1022,51.05739951133728,71216.06617333335,58327.48300000001,0,25,14,31,22,12,47,36,43,6,45,16,1,39,23,18,17,41,34,9,3,24,10,32,13,42,35,28,5,48,49,40,46,20,21,30,37,44,38,29,8,19,27,7,33,11,2,15,26,4,
1023,51.096399784088135,74859.16157333336,58327.48300000001,0,25,14,31,22,12,47,36,43,6,45,16,1,39,23,18,17,41,34,9,3,24,10,32,13,42,35,28,5,48,49,40,46,20,21,30,37,44,38,29,8,19,27,7,33,11,2,15,26,4,
1024,51.13539528846741,77286.32494666669,58327.48300000001,0,25,14,31,22,12,47,36,43,6,45,16,1,39,23,18,17,41,34,9,3,24,10,32,13,42,35,28,5,48,49,40,46,20,21,30,37,44,38,29,8,19,27,7,33,11,2,15,26,4,
1025,51.172394037246704,77012.87525333335,58327.48300000001,0,25,14,31,22,12,47,36,43,6,45,16,1,39,23,18,17,41,34,9,3,24,10,32,13,42,35,28,5,48,49,40,46,20,21,30,37,44,38,29,8,19,27,7,33,11,2,15,26,4,
1026,51.20939540863037,75990.97880000001,58327.48300000001,0,25,14,31,22,12,47,36,43,6,45,16,1,39,23,18,17,41,34,9,3,24,10,32,13,42,35,28,5,48,49,40,46,20,21,30,37,44,38,29,8,19,27,7,33,11,2,15,26,4,
1027,51.25135946273804,71818.42921333332,58327.48300000001,0,25,14,31,22,12,47,36,43,6,45,16,1,39,23,18,17,41,34,9,3,24,10,32,13,42,35,28,5,48,49,40,46,20,21,30,37,44,38,29,8,19,27,7,33,11,2,15,26,4,
1028,51.290398359298706,72544.62956000002,58327.48300000001,0,25,14,31,22,12,47,36,43,6,45,16,1,39,23,18,17,41,34,9,3,24,10,32,13,42,35,28,5,48,49,40,46,20,21,30,37,44,38,29,8,19,27,7,33,11,2,15,26,4,
1029,51.326398611068726,71840.79880000002,58327.48300000001,0,25,14,31,22,12,47,36,43,6,45,16,1,39,23,18,17,41,34,9,3,24,10,32,13,42,35,28,5,48,49,40,46,20,21,30,37,44,38,29,8,19,27,7,33,11,2,15,26,4,
1030,51.36339545249939,72586.97178666668,58327.48300000001,0,25,14,31,22,12,47,36,43,6,45,16,1,39,23,18,17,41,34,9,3,24,10,32,13,42,35,28,5,48,49,40,46,20,21,30,37,44,38,29,8,19,27,7,33,11,2,15,26,4,
1031,51.402355670928955,69084.80945333335,58327.48300000001,0,25,14,31,22,12,47,36,43,6,45,16,1,39,23,18,17,41,34,9,3,24,10,32,13,42,35,28,5,48,49,40,46,20,21,30,37,44,38,29,8,19,27,7,33,11,2,15,26,4,
1032,51.44135141372681,69341.26813333336,58327.48300000001,0,25,14,31,22,12,47,36,43,6,45,16,1,39,23,18,17,41,34,9,3,24,10,32,13,42,35,28,5,48,49,40,46,20,21,30,37,44,38,29,8,19,27,7,33,11,2,15,26,4,
1033,51.47935128211975,72865.19761333334,58327.48300000001,0,25,14,31,22,12,47,36,43,6,45,16,1,39,23,18,17,41,34,9,3,24,10,32,13,42,35,28,5,48,49,40,46,20,21,30,37,44,38,29,8,19,27,7,33,11,2,15,26,4,
1034,51.515361309051514,74247.20426666668,58327.48300000001,0,25,14,31,22,12,47,36,43,6,45,16,1,39,23,18,17,41,34,9,3,24,10,32,13,42,35,28,5,48,49,40,46,20,21,30,37,44,38,29,8,19,27,7,33,11,2,15,26,4,
1035,51.551358461380005,69535.95976000001,58327.48300000001,0,25,14,31,22,12,47,36,43,6,45,16,1,39,23,18,17,41,34,9,3,24,10,32,13,42,35,28,5,48,49,40,46,20,21,30,37,44,38,29,8,19,27,7,33,11,2,15,26,4,
1036,51.58935832977295,71589.49618666667,58327.48300000001,0,25,14,31,22,12,47,36,43,6,45,16,1,39,23,18,17,41,34,9,3,24,10,32,13,42,35,28,5,48,49,40,46,20,21,30,37,44,38,29,8,19,27,7,33,11,2,15,26,4,
1037,51.629355907440186,72462.30770666669,58327.48300000001,0,25,14,31,22,12,47,36,43,6,45,16,1,39,23,18,17,41,34,9,3,24,10,32,13,42,35,28,5,48,49,40,46,20,21,30,37,44,38,29,8,19,27,7,33,11,2,15,26,4,
1038,51.66935729980469,71294.35445333335,58327.48300000001,0,25,14,31,22,12,47,36,43,6,45,16,1,39,23,18,17,41,34,9,3,24,10,32,13,42,35,28,5,48,49,40,46,20,21,30,37,44,38,29,8,19,27,7,33,11,2,15,26,4,
1039,51.70735478401184,72461.02037333335,58327.48300000001,0,25,14,31,22,12,47,36,43,6,45,16,1,39,23,18,17,41,34,9,3,24,10,32,13,42,35,28,5,48,49,40,46,20,21,30,37,44,38,29,8,19,27,7,33,11,2,15,26,4,
1040,51.74539041519165,79203.55094666667,58327.48300000001,0,25,14,31,22,12,47,36,43,6,45,16,1,39,23,18,17,41,34,9,3,24,10,32,13,42,35,28,5,48,49,40,46,20,21,30,37,44,38,29,8,19,27,7,33,11,2,15,26,4,
1041,51.78338837623596,79273.44604,58327.48300000001,0,25,14,31,22,12,47,36,43,6,45,16,1,39,23,18,17,41,34,9,3,24,10,32,13,42,35,28,5,48,49,40,46,20,21,30,37,44,38,29,8,19,27,7,33,11,2,15,26,4,
1042,51.824389696121216,80008.25368000001,58327.48300000001,0,25,14,31,22,12,47,36,43,6,45,16,1,39,23,18,17,41,34,9,3,24,10,32,13,42,35,28,5,48,49,40,46,20,21,30,37,44,38,29,8,19,27,7,33,11,2,15,26,4,
1043,51.86238694190979,79015.80389333333,58327.48300000001,0,25,14,31,22,12,47,36,43,6,45,16,1,39,23,18,17,41,34,9,3,24,10,32,13,42,35,28,5,48,49,40,46,20,21,30,37,44,38,29,8,19,27,7,33,11,2,15,26,4,
1044,51.90039014816284,74048.67073333333,58327.48300000001,0,25,14,31,22,12,47,36,43,6,45,16,1,39,23,18,17,41,34,9,3,24,10,32,13,42,35,28,5,48,49,40,46,20,21,30,37,44,38,29,8,19,27,7,33,11,2,15,26,4,
1045,51.93734812736511,74547.47342666668,58327.48300000001,0,25,14,31,22,12,47,36,43,6,45,16,1,39,23,18,17,41,34,9,3,24,10,32,13,42,35,28,5,48,49,40,46,20,21,30,37,44,38,29,8,19,27,7,33,11,2,15,26,4,
1046,51.97434878349304,73706.55232,58327.48300000001,0,25,14,31,22,12,47,36,43,6,45,16,1,39,23,18,17,41,34,9,3,24,10,32,13,42,35,28,5,48,49,40,46,20,21,30,37,44,38,29,8,19,27,7,33,11,2,15,26,4,
1047,52.01039481163025,74817.03026666668,58327.48300000001,0,25,14,31,22,12,47,36,43,6,45,16,1,39,23,18,17,41,34,9,3,24,10,32,13,42,35,28,5,48,49,40,46,20,21,30,37,44,38,29,8,19,27,7,33,11,2,15,26,4,
1048,52.04739332199097,79987.09236000001,58327.48300000001,0,25,14,31,22,12,47,36,43,6,45,16,1,39,23,18,17,41,34,9,3,24,10,32,13,42,35,28,5,48,49,40,46,20,21,30,37,44,38,29,8,19,27,7,33,11,2,15,26,4,
1049,52.083406925201416,79291.1484666667,58327.48300000001,0,25,14,31,22,12,47,36,43,6,45,16,1,39,23,18,17,41,34,9,3,24,10,32,13,42,35,28,5,48,49,40,46,20,21,30,37,44,38,29,8,19,27,7,33,11,2,15,26,4,
1050,52.11941838264465,76823.35001333336,58327.48300000001,0,25,14,31,22,12,47,36,43,6,45,16,1,39,23,18,17,41,34,9,3,24,10,32,13,42,35,28,5,48,49,40,46,20,21,30,37,44,38,29,8,19,27,7,33,11,2,15,26,4,
1051,52.15542817115784,76332.26614666668,58327.48300000001,0,25,14,31,22,12,47,36,43,6,45,16,1,39,23,18,17,41,34,9,3,24,10,32,13,42,35,28,5,48,49,40,46,20,21,30,37,44,38,29,8,19,27,7,33,11,2,15,26,4,
1052,52.19143795967102,75739.28454666669,58327.48300000001,0,25,14,31,22,12,47,36,43,6,45,16,1,39,23,18,17,41,34,9,3,24,10,32,13,42,35,28,5,48,49,40,46,20,21,30,37,44,38,29,8,19,27,7,33,11,2,15,26,4,
1053,52.228437423706055,76176.43468000002,58327.48300000001,0,25,14,31,22,12,47,36,43,6,45,16,1,39,23,18,17,41,34,9,3,24,10,32,13,42,35,28,5,48,49,40,46,20,21,30,37,44,38,29,8,19,27,7,33,11,2,15,26,4,
1054,52.26547813415527,77941.96552000001,58327.48300000001,0,25,14,31,22,12,47,36,43,6,45,16,1,39,23,18,17,41,34,9,3,24,10,32,13,42,35,28,5,48,49,40,46,20,21,30,37,44,38,29,8,19,27,7,33,11,2,15,26,4,
1055,52.30143737792969,71270.40158666667,58327.48300000001,0,25,14,31,22,12,47,36,43,6,45,16,1,39,23,18,17,41,34,9,3,24,10,32,13,42,35,28,5,48,49,40,46,20,21,30,37,44,38,29,8,19,27,7,33,11,2,15,26,4,
1056,52.338488817214966,72975.61029333335,58327.48300000001,0,25,14,31,22,12,47,36,43,6,45,16,1,39,23,18,17,41,34,9,3,24,10,32,13,42,35,28,5,48,49,40,46,20,21,30,37,44,38,29,8,19,27,7,33,11,2,15,26,4,
1057,52.37852430343628,72642.42586666667,58327.48300000001,0,25,14,31,22,12,47,36,43,6,45,16,1,39,23,18,17,41,34,9,3,24,10,32,13,42,35,28,5,48,49,40,46,20,21,30,37,44,38,29,8,19,27,7,33,11,2,15,26,4,
1058,52.41655731201172,69504.99230666667,58327.48300000001,0,25,14,31,22,12,47,36,43,6,45,16,1,39,23,18,17,41,34,9,3,24,10,32,13,42,35,28,5,48,49,40,46,20,21,30,37,44,38,29,8,19,27,7,33,11,2,15,26,4,
1059,52.454516887664795,67434.28198666668,58327.48300000001,0,25,14,31,22,12,47,36,43,6,45,16,1,39,23,18,17,41,34,9,3,24,10,32,13,42,35,28,5,48,49,40,46,20,21,30,37,44,38,29,8,19,27,7,33,11,2,15,26,4,
1060,52.4935188293457,67202.61298666666,58327.48300000001,0,25,14,31,22,12,47,36,43,6,45,16,1,39,23,18,17,41,34,9,3,24,10,32,13,42,35,28,5,48,49,40,46,20,21,30,37,44,38,29,8,19,27,7,33,11,2,15,26,4,
1061,52.532516956329346,68644.74097333333,58327.48300000001,0,25,14,31,22,12,47,36,43,6,45,16,1,39,23,18,17,41,34,9,3,24,10,32,13,42,35,28,5,48,49,40,46,20,21,30,37,44,38,29,8,19,27,7,33,11,2,15,26,4,
1062,52.568564891815186,70907.00685333335,58327.48300000001,0,25,14,31,22,12,47,36,43,6,45,16,1,39,23,18,17,41,34,9,3,24,10,32,13,42,35,28,5,48,49,40,46,20,21,30,37,44,38,29,8,19,27,7,33,11,2,15,26,4,
1063,52.6056022644043,69481.52044,58327.48300000001,0,25,14,31,22,12,47,36,43,6,45,16,1,39,23,18,17,41,34,9,3,24,10,32,13,42,35,28,5,48,49,40,46,20,21,30,37,44,38,29,8,19,27,7,33,11,2,15,26,4,
1064,52.641562700271606,69053.62376,58327.48300000001,0,25,14,31,22,12,47,36,43,6,45,16,1,39,23,18,17,41,34,9,3,24,10,32,13,42,35,28,5,48,49,40,46,20,21,30,37,44,38,29,8,19,27,7,33,11,2,15,26,4,
1065,52.67856216430664,69173.40649333333,58327.48300000001,0,25,14,31,22,12,47,36,43,6,45,16,1,39,23,18,17,41,34,9,3,24,10,32,13,42,35,28,5,48,49,40,46,20,21,30,37,44,38,29,8,19,27,7,33,11,2,15,26,4,
1066,52.71760416030884,68422.85773333335,58327.48300000001,0,25,14,31,22,12,47,36,43,6,45,16,1,39,23,18,17,41,34,9,3,24,10,32,13,42,35,28,5,48,49,40,46,20,21,30,37,44,38,29,8,19,27,7,33,11,2,15,26,4,
1067,52.75464630126953,68391.45442666668,58327.48300000001,0,25,14,31,22,12,47,36,43,6,45,16,1,39,23,18,17,41,34,9,3,24,10,32,13,42,35,28,5,48,49,40,46,20,21,30,37,44,38,29,8,19,27,7,33,11,2,15,26,4,
1068,52.79268479347229,70595.21882666666,58327.48300000001,0,25,14,31,22,12,47,36,43,6,45,16,1,39,23,18,17,41,34,9,3,24,10,32,13,42,35,28,5,48,49,40,46,20,21,30,37,44,38,29,8,19,27,7,33,11,2,15,26,4,
1069,52.83072471618652,67955.65705333336,58327.48300000001,0,25,14,31,22,12,47,36,43,6,45,16,1,39,23,18,17,41,34,9,3,24,10,32,13,42,35,28,5,48,49,40,46,20,21,30,37,44,38,29,8,19,27,7,33,11,2,15,26,4,
1070,52.86876153945923,69682.62665333334,58327.48300000001,0,25,14,31,22,12,47,36,43,6,45,16,1,39,23,18,17,41,34,9,3,24,10,32,13,42,35,28,5,48,49,40,46,20,21,30,37,44,38,29,8,19,27,7,33,11,2,15,26,4,
1071,52.905760765075684,68171.94848,58327.48300000001,0,25,14,31,22,12,47,36,43,6,45,16,1,39,23,18,17,41,34,9,3,24,10,32,13,42,35,28,5,48,49,40,46,20,21,30,37,44,38,29,8,19,27,7,33,11,2,15,26,4,
1072,52.94275665283203,70574.89313333335,58327.48300000001,0,25,14,31,22,12,47,36,43,6,45,16,1,39,23,18,17,41,34,9,3,24,10,32,13,42,35,28,5,48,49,40,46,20,21,30,37,44,38,29,8,19,27,7,33,11,2,15,26,4,
1073,52.979758501052856,72338.07020000002,58327.48300000001,0,25,14,31,22,12,47,36,43,6,45,16,1,39,23,18,17,41,34,9,3,24,10,32,13,42,35,28,5,48,49,40,46,20,21,30,37,44,38,29,8,19,27,7,33,11,2,15,26,4,
1074,53.01775670051575,72830.69052,58327.48300000001,0,25,14,31,22,12,47,36,43,6,45,16,1,39,23,18,17,41,34,9,3,24,10,32,13,42,35,28,5,48,49,40,46,20,21,30,37,44,38,29,8,19,27,7,33,11,2,15,26,4,
1075,53.054754972457886,74065.04338666666,58327.48300000001,0,25,14,31,22,12,47,36,43,6,45,16,1,39,23,18,17,41,34,9,3,24,10,32,13,42,35,28,5,48,49,40,46,20,21,30,37,44,38,29,8,19,27,7,33,11,2,15,26,4,
1076,53.09274983406067,73413.9628,58327.48300000001,0,25,14,31,22,12,47,36,43,6,45,16,1,39,23,18,17,41,34,9,3,24,10,32,13,42,35,28,5,48,49,40,46,20,21,30,37,44,38,29,8,19,27,7,33,11,2,15,26,4,
1077,53.130746841430664,74215.35247999999,58327.48300000001,0,25,14,31,22,12,47,36,43,6,45,16,1,39,23,18,17,41,34,9,3,24,10,32,13,42,35,28,5,48,49,40,46,20,21,30,37,44,38,29,8,19,27,7,33,11,2,15,26,4,
1078,53.16874027252197,72763.74008,58327.48300000001,0,25,14,31,22,12,47,36,43,6,45,16,1,39,23,18,17,41,34,9,3,24,10,32,13,42,35,28,5,48,49,40,46,20,21,30,37,44,38,29,8,19,27,7,33,11,2,15,26,4,
1079,53.205785512924194,73211.74576,58327.48300000001,0,25,14,31,22,12,47,36,43,6,45,16,1,39,23,18,17,41,34,9,3,24,10,32,13,42,35,28,5,48,49,40,46,20,21,30,37,44,38,29,8,19,27,7,33,11,2,15,26,4,
1080,53.24282717704773,72271.69588000001,58327.48300000001,0,25,14,31,22,12,47,36,43,6,45,16,1,39,23,18,17,41,34,9,3,24,10,32,13,42,35,28,5,48,49,40,46,20,21,30,37,44,38,29,8,19,27,7,33,11,2,15,26,4,
1081,53.279865026474,69149.82344000001,58327.48300000001,0,25,14,31,22,12,47,36,43,6,45,16,1,39,23,18,17,41,34,9,3,24,10,32,13,42,35,28,5,48,49,40,46,20,21,30,37,44,38,29,8,19,27,7,33,11,2,15,26,4,
1082,53.31586527824402,68395.41874666668,58327.48300000001,0,25,14,31,22,12,47,36,43,6,45,16,1,39,23,18,17,41,34,9,3,24,10,32,13,42,35,28,5,48,49,40,46,20,21,30,37,44,38,29,8,19,27,7,33,11,2,15,26,4,
1083,53.35290503501892,70354.36622666668,58327.48300000001,0,25,14,31,22,12,47,36,43,6,45,16,1,39,23,18,17,41,34,9,3,24,10,32,13,42,35,28,5,48,49,40,46,20,21,30,37,44,38,29,8,19,27,7,33,11,2,15,26,4,
1084,53.39186978340149,67590.25302666667,58327.48300000001,0,25,14,31,22,12,47,36,43,6,45,16,1,39,23,18,17,41,34,9,3,24,10,32,13,42,35,28,5,48,49,40,46,20,21,30,37,44,38,29,8,19,27,7,33,11,2,15,26,4,
1085,53.42986583709717,70710.95436000002,58327.48300000001,0,25,14,31,22,12,47,36,43,6,45,16,1,39,23,18,17,41,34,9,3,24,10,32,13,42,35,28,5,48,49,40,46,20,21,30,37,44,38,29,8,19,27,7,33,11,2,15,26,4,
1086,53.47186756134033,69902.23142666668,58327.48300000001,0,25,14,31,22,12,47,36,43,6,45,16,1,39,23,18,17,41,34,9,3,24,10,32,13,42,35,28,5,48,49,40,46,20,21,30,37,44,38,29,8,19,27,7,33,11,2,15,26,4,
1087,53.507869482040405,71004.44600000001,58327.48300000001,0,25,14,31,22,12,47,36,43,6,45,16,1,39,23,18,17,41,34,9,3,24,10,32,13,42,35,28,5,48,49,40,46,20,21,30,37,44,38,29,8,19,27,7,33,11,2,15,26,4,
1088,53.5449059009552,69321.41238666666,58327.48300000001,0,25,14,31,22,12,47,36,43,6,45,16,1,39,23,18,17,41,34,9,3,24,10,32,13,42,35,28,5,48,49,40,46,20,21,30,37,44,38,29,8,19,27,7,33,11,2,15,26,4,
1089,53.581950664520264,70314.73698666667,58327.48300000001,0,25,14,31,22,12,47,36,43,6,45,16,1,39,23,18,17,41,34,9,3,24,10,32,13,42,35,28,5,48,49,40,46,20,21,30,37,44,38,29,8,19,27,7,33,11,2,15,26,4,
1090,53.61894488334656,71928.89842666668,58327.48300000001,0,25,14,31,22,12,47,36,43,6,45,16,1,39,23,18,17,41,34,9,3,24,10,32,13,42,35,28,5,48,49,40,46,20,21,30,37,44,38,29,8,19,27,7,33,11,2,15,26,4,
1091,53.6559624671936,74152.70682666666,58327.48300000001,0,25,14,31,22,12,47,36,43,6,45,16,1,39,23,18,17,41,34,9,3,24,10,32,13,42,35,28,5,48,49,40,46,20,21,30,37,44,38,29,8,19,27,7,33,11,2,15,26,4,
1092,53.69296050071716,74684.07670666667,58327.48300000001,0,25,14,31,22,12,47,36,43,6,45,16,1,39,23,18,17,41,34,9,3,24,10,32,13,42,35,28,5,48,49,40,46,20,21,30,37,44,38,29,8,19,27,7,33,11,2,15,26,4,
1093,53.730955839157104,71046.63422666668,58327.48300000001,0,25,14,31,22,12,47,36,43,6,45,16,1,39,23,18,17,41,34,9,3,24,10,32,13,42,35,28,5,48,49,40,46,20,21,30,37,44,38,29,8,19,27,7,33,11,2,15,26,4,
1094,53.76799392700195,72578.90937333336,58327.48300000001,0,25,14,31,22,12,47,36,43,6,45,16,1,39,23,18,17,41,34,9,3,24,10,32,13,42,35,28,5,48,49,40,46,20,21,30,37,44,38,29,8,19,27,7,33,11,2,15,26,4,
1095,53.80503296852112,79613.92017333336,58327.48300000001,0,25,14,31,22,12,47,36,43,6,45,16,1,39,23,18,17,41,34,9,3,24,10,32,13,42,35,28,5,48,49,40,46,20,21,30,37,44,38,29,8,19,27,7,33,11,2,15,26,4,
1096,53.84199810028076,73497.90129333336,58327.48300000001,0,25,14,31,22,12,47,36,43,6,45,16,1,39,23,18,17,41,34,9,3,24,10,32,13,42,35,28,5,48,49,40,46,20,21,30,37,44,38,29,8,19,27,7,33,11,2,15,26,4,
1097,53.87899851799011,69516.88962666669,58327.48300000001,0,25,14,31,22,12,47,36,43,6,45,16,1,39,23,18,17,41,34,9,3,24,10,32,13,42,35,28,5,48,49,40,46,20,21,30,37,44,38,29,8,19,27,7,33,11,2,15,26,4,
1098,53.91600823402405,69644.61976000002,58327.48300000001,0,25,14,31,22,12,47,36,43,6,45,16,1,39,23,18,17,41,34,9,3,24,10,32,13,42,35,28,5,48,49,40,46,20,21,30,37,44,38,29,8,19,27,7,33,11,2,15,26,4,
1099,53.95404005050659,69131.86682666668,58327.48300000001,0,25,14,31,22,12,47,36,43,6,45,16,1,39,23,18,17,41,34,9,3,24,10,32,13,42,35,28,5,48,49,40,46,20,21,30,37,44,38,29,8,19,27,7,33,11,2,15,26,4,
1100,53.99009108543396,72419.26021333333,58327.48300000001,0,25,14,31,22,12,47,36,43,6,45,16,1,39,23,18,17,41,34,9,3,24,10,32,13,42,35,28,5,48,49,40,46,20,21,30,37,44,38,29,8,19,27,7,33,11,2,15,26,4,
1101,54.027092695236206,72533.12206666668,58327.48300000001,0,25,14,31,22,12,47,36,43,6,45,16,1,39,23,18,17,41,34,9,3,24,10,32,13,42,35,28,5,48,49,40,46,20,21,30,37,44,38,29,8,19,27,7,33,11,2,15,26,4,
1102,54.06509709358215,73707.78290666667,58327.48300000001,0,25,14,31,22,12,47,36,43,6,45,16,1,39,23,18,17,41,34,9,3,24,10,32,13,42,35,28,5,48,49,40,46,20,21,30,37,44,38,29,8,19,27,7,33,11,2,15,26,4,
1103,54.10105657577515,73091.49305333334,58327.48300000001,0,25,14,31,22,12,47,36,43,6,45,16,1,39,23,18,17,41,34,9,3,24,10,32,13,42,35,28,5,48,49,40,46,20,21,30,37,44,38,29,8,19,27,7,33,11,2,15,26,4,
1104,54.13806700706482,75081.23262666668,58327.48300000001,0,25,14,31,22,12,47,36,43,6,45,16,1,39,23,18,17,41,34,9,3,24,10,32,13,42,35,28,5,48,49,40,46,20,21,30,37,44,38,29,8,19,27,7,33,11,2,15,26,4,
1105,54.17406678199768,74100.05598666667,58327.48300000001,0,25,14,31,22,12,47,36,43,6,45,16,1,39,23,18,17,41,34,9,3,24,10,32,13,42,35,28,5,48,49,40,46,20,21,30,37,44,38,29,8,19,27,7,33,11,2,15,26,4,
1106,54.2110321521759,73579.34958666666,58327.48300000001,0,25,14,31,22,12,47,36,43,6,45,16,1,39,23,18,17,41,34,9,3,24,10,32,13,42,35,28,5,48,49,40,46,20,21,30,37,44,38,29,8,19,27,7,33,11,2,15,26,4,
1107,54.246028900146484,72016.10497333333,58327.48300000001,0,25,14,31,22,12,47,36,43,6,45,16,1,39,23,18,17,41,34,9,3,24,10,32,13,42,35,28,5,48,49,40,46,20,21,30,37,44,38,29,8,19,27,7,33,11,2,15,26,4,
1108,54.28502821922302,69307.11594666666,58327.48300000001,0,25,14,31,22,12,47,36,43,6,45,16,1,39,23,18,17,41,34,9,3,24,10,32,13,42,35,28,5,48,49,40,46,20,21,30,37,44,38,29,8,19,27,7,33,11,2,15,26,4,
1109,54.322028398513794,69163.79285333335,58327.48300000001,0,25,14,31,22,12,47,36,43,6,45,16,1,39,23,18,17,41,34,9,3,24,10,32,13,42,35,28,5,48,49,40,46,20,21,30,37,44,38,29,8,19,27,7,33,11,2,15,26,4,
1110,54.360026121139526,67804.56945333333,58327.48300000001,0,25,14,31,22,12,47,36,43,6,45,16,1,39,23,18,17,41,34,9,3,24,10,32,13,42,35,28,5,48,49,40,46,20,21,30,37,44,38,29,8,19,27,7,33,11,2,15,26,4,
1111,54.398022174835205,70860.67214666666,58327.48300000001,0,25,14,31,22,12,47,36,43,6,45,16,1,39,23,18,17,41,34,9,3,24,10,32,13,42,35,28,5,48,49,40,46,20,21,30,37,44,38,29,8,19,27,7,33,11,2,15,26,4,
1112,54.4350221157074,71631.53628,58327.48300000001,0,25,14,31,22,12,47,36,43,6,45,16,1,39,23,18,17,41,34,9,3,24,10,32,13,42,35,28,5,48,49,40,46,20,21,30,37,44,38,29,8,19,27,7,33,11,2,15,26,4,
1113,54.47102093696594,70855.89741333332,58327.48300000001,0,25,14,31,22,12,47,36,43,6,45,16,1,39,23,18,17,41,34,9,3,24,10,32,13,42,35,28,5,48,49,40,46,20,21,30,37,44,38,29,8,19,27,7,33,11,2,15,26,4,
1114,54.5080189704895,69188.69328,58327.48300000001,0,25,14,31,22,12,47,36,43,6,45,16,1,39,23,18,17,41,34,9,3,24,10,32,13,42,35,28,5,48,49,40,46,20,21,30,37,44,38,29,8,19,27,7,33,11,2,15,26,4,
1115,54.545058488845825,70054.61816,58327.48300000001,0,25,14,31,22,12,47,36,43,6,45,16,1,39,23,18,17,41,34,9,3,24,10,32,13,42,35,28,5,48,49,40,46,20,21,30,37,44,38,29,8,19,27,7,33,11,2,15,26,4,
1116,54.583067417144775,69671.95609333333,58327.48300000001,0,25,14,31,22,12,47,36,43,6,45,16,1,39,23,18,17,41,34,9,3,24,10,32,13,42,35,28,5,48,49,40,46,20,21,30,37,44,38,29,8,19,27,7,33,11,2,15,26,4,
1117,54.62103295326233,72269.03217333334,58327.48300000001,0,25,14,31,22,12,47,36,43,6,45,16,1,39,23,18,17,41,34,9,3,24,10,32,13,42,35,28,5,48,49,40,46,20,21,30,37,44,38,29,8,19,27,7,33,11,2,15,26,4,
1118,54.65803003311157,73050.19988,58327.48300000001,0,25,14,31,22,12,47,36,43,6,45,16,1,39,23,18,17,41,34,9,3,24,10,32,13,42,35,28,5,48,49,40,46,20,21,30,37,44,38,29,8,19,27,7,33,11,2,15,26,4,
1119,54.69499325752258,72217.0566,58327.48300000001,0,25,14,31,22,12,47,36,43,6,45,16,1,39,23,18,17,41,34,9,3,24,10,32,13,42,35,28,5,48,49,40,46,20,21,30,37,44,38,29,8,19,27,7,33,11,2,15,26,4,
1120,54.731993198394775,71658.95908000002,58327.48300000001,0,25,14,31,22,12,47,36,43,6,45,16,1,39,23,18,17,41,34,9,3,24,10,32,13,42,35,28,5,48,49,40,46,20,21,30,37,44,38,29,8,19,27,7,33,11,2,15,26,4,
1121,54.77000379562378,71320.44824000001,58327.48300000001,0,25,14,31,22,12,47,36,43,6,45,16,1,39,23,18,17,41,34,9,3,24,10,32,13,42,35,28,5,48,49,40,46,20,21,30,37,44,38,29,8,19,27,7,33,11,2,15,26,4,
1122,54.808006048202515,69537.95730666668,58327.48300000001,0,25,14,31,22,12,47,36,43,6,45,16,1,39,23,18,17,41,34,9,3,24,10,32,13,42,35,28,5,48,49,40,46,20,21,30,37,44,38,29,8,19,27,7,33,11,2,15,26,4,
1123,54.84600591659546,67079.41530666666,58327.48300000001,0,25,14,31,22,12,47,36,43,6,45,16,1,39,23,18,17,41,34,9,3,24,10,32,13,42,35,28,5,48,49,40,46,20,21,30,37,44,38,29,8,19,27,7,33,11,2,15,26,4,
1124,54.882002115249634,68326.41906666668,58327.48300000001,0,25,14,31,22,12,47,36,43,6,45,16,1,39,23,18,17,41,34,9,3,24,10,32,13,42,35,28,5,48,49,40,46,20,21,30,37,44,38,29,8,19,27,7,33,11,2,15,26,4,
1125,54.91800856590271,72057.23836,58327.48300000001,0,25,14,31,22,12,47,36,43,6,45,16,1,39,23,18,17,41,34,9,3,24,10,32,13,42,35,28,5,48,49,40,46,20,21,30,37,44,38,29,8,19,27,7,33,11,2,15,26,4,
1126,54.956058502197266,70352.59478666667,58327.48300000001,0,25,14,31,22,12,47,36,43,6,45,16,1,39,23,18,17,41,34,9,3,24,10,32,13,42,35,28,5,48,49,40,46,20,21,30,37,44,38,29,8,19,27,7,33,11,2,15,26,4,
1127,54.99206900596619,71855.44146666669,58327.48300000001,0,25,14,31,22,12,47,36,43,6,45,16,1,39,23,18,17,41,34,9,3,24,10,32,13,42,35,28,5,48,49,40,46,20,21,30,37,44,38,29,8,19,27,7,33,11,2,15,26,4,
1128,55.03106904029846,74545.47615999999,58327.48300000001,0,25,14,31,22,12,47,36,43,6,45,16,1,39,23,18,17,41,34,9,3,24,10,32,13,42,35,28,5,48,49,40,46,20,21,30,37,44,38,29,8,19,27,7,33,11,2,15,26,4,
1129,55.06806993484497,71607.98125333333,58327.48300000001,0,25,14,31,22,12,47,36,43,6,45,16,1,39,23,18,17,41,34,9,3,24,10,32,13,42,35,28,5,48,49,40,46,20,21,30,37,44,38,29,8,19,27,7,33,11,2,15,26,4,
1130,55.107078552246094,71655.57185333333,58327.48300000001,0,25,14,31,22,12,47,36,43,6,45,16,1,39,23,18,17,41,34,9,3,24,10,32,13,42,35,28,5,48,49,40,46,20,21,30,37,44,38,29,8,19,27,7,33,11,2,15,26,4,
1131,55.14411664009094,72054.95113333334,58327.48300000001,0,25,14,31,22,12,47,36,43,6,45,16,1,39,23,18,17,41,34,9,3,24,10,32,13,42,35,28,5,48,49,40,46,20,21,30,37,44,38,29,8,19,27,7,33,11,2,15,26,4,
1132,55.18116998672485,71327.18073333334,58327.48300000001,0,25,14,31,22,12,47,36,43,6,45,16,1,39,23,18,17,41,34,9,3,24,10,32,13,42,35,28,5,48,49,40,46,20,21,30,37,44,38,29,8,19,27,7,33,11,2,15,26,4,
1133,55.217172384262085,71020.62577333332,58327.48300000001,0,25,14,31,22,12,47,36,43,6,45,16,1,39,23,18,17,41,34,9,3,24,10,32,13,42,35,28,5,48,49,40,46,20,21,30,37,44,38,29,8,19,27,7,33,11,2,15,26,4,
1134,55.25512957572937,71298.00056,58327.48300000001,0,25,14,31,22,12,47,36,43,6,45,16,1,39,23,18,17,41,34,9,3,24,10,32,13,42,35,28,5,48,49,40,46,20,21,30,37,44,38,29,8,19,27,7,33,11,2,15,26,4,
1135,55.293132305145264,72749.81816,58327.48300000001,0,25,14,31,22,12,47,36,43,6,45,16,1,39,23,18,17,41,34,9,3,24,10,32,13,42,35,28,5,48,49,40,46,20,21,30,37,44,38,29,8,19,27,7,33,11,2,15,26,4,
1136,55.33113241195679,78722.40299999999,58327.48300000001,0,25,14,31,22,12,47,36,43,6,45,16,1,39,23,18,17,41,34,9,3,24,10,32,13,42,35,28,5,48,49,40,46,20,21,30,37,44,38,29,8,19,27,7,33,11,2,15,26,4,
1137,55.36717247962952,77657.44133333335,58327.48300000001,0,25,14,31,22,12,47,36,43,6,45,16,1,39,23,18,17,41,34,9,3,24,10,32,13,42,35,28,5,48,49,40,46,20,21,30,37,44,38,29,8,19,27,7,33,11,2,15,26,4,
1138,55.40413427352905,71455.13296000002,58327.48300000001,0,25,14,31,22,12,47,36,43,6,45,16,1,39,23,18,17,41,34,9,3,24,10,32,13,42,35,28,5,48,49,40,46,20,21,30,37,44,38,29,8,19,27,7,33,11,2,15,26,4,
1139,55.441094398498535,73714.68506666667,58327.48300000001,0,25,14,31,22,12,47,36,43,6,45,16,1,39,23,18,17,41,34,9,3,24,10,32,13,42,35,28,5,48,49,40,46,20,21,30,37,44,38,29,8,19,27,7,33,11,2,15,26,4,
1140,55.47809600830078,73890.36754666668,58327.48300000001,0,25,14,31,22,12,47,36,43,6,45,16,1,39,23,18,17,41,34,9,3,24,10,32,13,42,35,28,5,48,49,40,46,20,21,30,37,44,38,29,8,19,27,7,33,11,2,15,26,4,
1141,55.51409840583801,74874.74554666667,58327.48300000001,0,25,14,31,22,12,47,36,43,6,45,16,1,39,23,18,17,41,34,9,3,24,10,32,13,42,35,28,5,48,49,40,46,20,21,30,37,44,38,29,8,19,27,7,33,11,2,15,26,4,
1142,55.55109715461731,74534.95518666667,58327.48300000001,0,25,14,31,22,12,47,36,43,6,45,16,1,39,23,18,17,41,34,9,3,24,10,32,13,42,35,28,5,48,49,40,46,20,21,30,37,44,38,29,8,19,27,7,33,11,2,15,26,4,
1143,55.589096546173096,73018.46764000002,58327.48300000001,0,25,14,31,22,12,47,36,43,6,45,16,1,39,23,18,17,41,34,9,3,24,10,32,13,42,35,28,5,48,49,40,46,20,21,30,37,44,38,29,8,19,27,7,33,11,2,15,26,4,
1144,55.62609577178955,70967.98828000002,58327.48300000001,0,25,14,31,22,12,47,36,43,6,45,16,1,39,23,18,17,41,34,9,3,24,10,32,13,42,35,28,5,48,49,40,46,20,21,30,37,44,38,29,8,19,27,7,33,11,2,15,26,4,
1145,55.66510033607483,72260.83274666668,58327.48300000001,0,25,14,31,22,12,47,36,43,6,45,16,1,39,23,18,17,41,34,9,3,24,10,32,13,42,35,28,5,48,49,40,46,20,21,30,37,44,38,29,8,19,27,7,33,11,2,15,26,4,
1146,55.70215129852295,75261.51548,58327.48300000001,0,25,14,31,22,12,47,36,43,6,45,16,1,39,23,18,17,41,34,9,3,24,10,32,13,42,35,28,5,48,49,40,46,20,21,30,37,44,38,29,8,19,27,7,33,11,2,15,26,4,
1147,55.739126682281494,73408.95454666668,58327.48300000001,0,25,14,31,22,12,47,36,43,6,45,16,1,39,23,18,17,41,34,9,3,24,10,32,13,42,35,28,5,48,49,40,46,20,21,30,37,44,38,29,8,19,27,7,33,11,2,15,26,4,
1148,55.77617383003235,71168.5475066667,58327.48300000001,0,25,14,31,22,12,47,36,43,6,45,16,1,39,23,18,17,41,34,9,3,24,10,32,13,42,35,28,5,48,49,40,46,20,21,30,37,44,38,29,8,19,27,7,33,11,2,15,26,4,
1149,55.81513261795044,71091.90993333334,58327.48300000001,0,25,14,31,22,12,47,36,43,6,45,16,1,39,23,18,17,41,34,9,3,24,10,32,13,42,35,28,5,48,49,40,46,20,21,30,37,44,38,29,8,19,27,7,33,11,2,15,26,4,
1150,55.854095697402954,70578.90734666667,58327.48300000001,0,25,14,31,22,12,47,36,43,6,45,16,1,39,23,18,17,41,34,9,3,24,10,32,13,42,35,28,5,48,49,40,46,20,21,30,37,44,38,29,8,19,27,7,33,11,2,15,26,4,
1151,55.89110517501831,73162.44021333334,58327.48300000001,0,25,14,31,22,12,47,36,43,6,45,16,1,39,23,18,17,41,34,9,3,24,10,32,13,42,35,28,5,48,49,40,46,20,21,30,37,44,38,29,8,19,27,7,33,11,2,15,26,4,
1152,55.93110728263855,72071.37658666667,58327.48300000001,0,25,14,31,22,12,47,36,43,6,45,16,1,39,23,18,17,41,34,9,3,24,10,32,13,42,35,28,5,48,49,40,46,20,21,30,37,44,38,29,8,19,27,7,33,11,2,15,26,4,
1153,55.968111515045166,71668.21272,58327.48300000001,0,25,14,31,22,12,47,36,43,6,45,16,1,39,23,18,17,41,34,9,3,24,10,32,13,42,35,28,5,48,49,40,46,20,21,30,37,44,38,29,8,19,27,7,33,11,2,15,26,4,
1154,56.00516128540039,71193.94801333334,58327.48300000001,0,25,14,31,22,12,47,36,43,6,45,16,1,39,23,18,17,41,34,9,3,24,10,32,13,42,35,28,5,48,49,40,46,20,21,30,37,44,38,29,8,19,27,7,33,11,2,15,26,4,
1155,56.04311990737915,68150.04664000002,58327.48300000001,0,25,14,31,22,12,47,36,43,6,45,16,1,39,23,18,17,41,34,9,3,24,10,32,13,42,35,28,5,48,49,40,46,20,21,30,37,44,38,29,8,19,27,7,33,11,2,15,26,4,
1156,56.08112192153931,70197.78903999999,58327.48300000001,0,25,14,31,22,12,47,36,43,6,45,16,1,39,23,18,17,41,34,9,3,24,10,32,13,42,35,28,5,48,49,40,46,20,21,30,37,44,38,29,8,19,27,7,33,11,2,15,26,4,
1157,56.11813187599182,72416.03634666666,58327.48300000001,0,25,14,31,22,12,47,36,43,6,45,16,1,39,23,18,17,41,34,9,3,24,10,32,13,42,35,28,5,48,49,40,46,20,21,30,37,44,38,29,8,19,27,7,33,11,2,15,26,4,
1158,56.15413188934326,73489.62530666667,58327.48300000001,0,25,14,31,22,12,47,36,43,6,45,16,1,39,23,18,17,41,34,9,3,24,10,32,13,42,35,28,5,48,49,40,46,20,21,30,37,44,38,29,8,19,27,7,33,11,2,15,26,4,
1159,56.19213080406189,73327.13150666667,58327.48300000001,0,25,14,31,22,12,47,36,43,6,45,16,1,39,23,18,17,41,34,9,3,24,10,32,13,42,35,28,5,48,49,40,46,20,21,30,37,44,38,29,8,19,27,7,33,11,2,15,26,4,
1160,56.230133295059204,73097.03076,58327.48300000001,0,25,14,31,22,12,47,36,43,6,45,16,1,39,23,18,17,41,34,9,3,24,10,32,13,42,35,28,5,48,49,40,46,20,21,30,37,44,38,29,8,19,27,7,33,11,2,15,26,4,
1161,56.26617097854614,72853.33020000001,58327.48300000001,0,25,14,31,22,12,47,36,43,6,45,16,1,39,23,18,17,41,34,9,3,24,10,32,13,42,35,28,5,48,49,40,46,20,21,30,37,44,38,29,8,19,27,7,33,11,2,15,26,4,
1162,56.303173780441284,72347.42893333333,58327.48300000001,0,25,14,31,22,12,47,36,43,6,45,16,1,39,23,18,17,41,34,9,3,24,10,32,13,42,35,28,5,48,49,40,46,20,21,30,37,44,38,29,8,19,27,7,33,11,2,15,26,4,
1163,56.3401734828949,73571.64610666667,58327.48300000001,0,25,14,31,22,12,47,36,43,6,45,16,1,39,23,18,17,41,34,9,3,24,10,32,13,42,35,28,5,48,49,40,46,20,21,30,37,44,38,29,8,19,27,7,33,11,2,15,26,4,
1164,56.37717843055725,73799.44118666666,58327.48300000001,0,25,14,31,22,12,47,36,43,6,45,16,1,39,23,18,17,41,34,9,3,24,10,32,13,42,35,28,5,48,49,40,46,20,21,30,37,44,38,29,8,19,27,7,33,11,2,15,26,4,
1165,56.41417670249939,74748.71736,58327.48300000001,0,25,14,31,22,12,47,36,43,6,45,16,1,39,23,18,17,41,34,9,3,24,10,32,13,42,35,28,5,48,49,40,46,20,21,30,37,44,38,29,8,19,27,7,33,11,2,15,26,4,
1166,56.45217418670654,77904.20185333333,58327.48300000001,0,25,14,31,22,12,47,36,43,6,45,16,1,39,23,18,17,41,34,9,3,24,10,32,13,42,35,28,5,48,49,40,46,20,21,30,37,44,38,29,8,19,27,7,33,11,2,15,26,4,
1167,56.48921465873718,77295.82488,58327.48300000001,0,25,14,31,22,12,47,36,43,6,45,16,1,39,23,18,17,41,34,9,3,24,10,32,13,42,35,28,5,48,49,40,46,20,21,30,37,44,38,29,8,19,27,7,33,11,2,15,26,4,
1168,56.52724862098694,72589.41330666667,58327.48300000001,0,25,14,31,22,12,47,36,43,6,45,16,1,39,23,18,17,41,34,9,3,24,10,32,13,42,35,28,5,48,49,40,46,20,21,30,37,44,38,29,8,19,27,7,33,11,2,15,26,4,
1169,56.56528449058533,71775.14155999999,58327.48300000001,0,25,14,31,22,12,47,36,43,6,45,16,1,39,23,18,17,41,34,9,3,24,10,32,13,42,35,28,5,48,49,40,46,20,21,30,37,44,38,29,8,19,27,7,33,11,2,15,26,4,
1170,56.602283239364624,73291.27366666668,58327.48300000001,0,25,14,31,22,12,47,36,43,6,45,16,1,39,23,18,17,41,34,9,3,24,10,32,13,42,35,28,5,48,49,40,46,20,21,30,37,44,38,29,8,19,27,7,33,11,2,15,26,4,
1171,56.640280961990356,72365.8992,58327.48300000001,0,25,14,31,22,12,47,36,43,6,45,16,1,39,23,18,17,41,34,9,3,24,10,32,13,42,35,28,5,48,49,40,46,20,21,30,37,44,38,29,8,19,27,7,33,11,2,15,26,4,
1172,56.677330493927,71720.77420000001,58327.48300000001,0,25,14,31,22,12,47,36,43,6,45,16,1,39,23,18,17,41,34,9,3,24,10,32,13,42,35,28,5,48,49,40,46,20,21,30,37,44,38,29,8,19,27,7,33,11,2,15,26,4,
1173,56.714383125305176,74648.33126666668,58327.48300000001,0,25,14,31,22,12,47,36,43,6,45,16,1,39,23,18,17,41,34,9,3,24,10,32,13,42,35,28,5,48,49,40,46,20,21,30,37,44,38,29,8,19,27,7,33,11,2,15,26,4,
1174,56.75138306617737,74885.26284000002,58327.48300000001,0,25,14,31,22,12,47,36,43,6,45,16,1,39,23,18,17,41,34,9,3,24,10,32,13,42,35,28,5,48,49,40,46,20,21,30,37,44,38,29,8,19,27,7,33,11,2,15,26,4,
1175,56.7873432636261,75568.61548000002,58327.48300000001,0,25,14,31,22,12,47,36,43,6,45,16,1,39,23,18,17,41,34,9,3,24,10,32,13,42,35,28,5,48,49,40,46,20,21,30,37,44,38,29,8,19,27,7,33,11,2,15,26,4,
1176,56.82734489440918,75391.28921333334,58327.48300000001,0,25,14,31,22,12,47,36,43,6,45,16,1,39,23,18,17,41,34,9,3,24,10,32,13,42,35,28,5,48,49,40,46,20,21,30,37,44,38,29,8,19,27,7,33,11,2,15,26,4,
1177,56.86534357070923,74265.27182666668,58327.48300000001,0,25,14,31,22,12,47,36,43,6,45,16,1,39,23,18,17,41,34,9,3,24,10,32,13,42,35,28,5,48,49,40,46,20,21,30,37,44,38,29,8,19,27,7,33,11,2,15,26,4,
1178,56.90434646606445,72553.96256000001,58327.48300000001,0,25,14,31,22,12,47,36,43,6,45,16,1,39,23,18,17,41,34,9,3,24,10,32,13,42,35,28,5,48,49,40,46,20,21,30,37,44,38,29,8,19,27,7,33,11,2,15,26,4,
1179,56.94135308265686,70937.83725333333,58327.48300000001,0,25,14,31,22,12,47,36,43,6,45,16,1,39,23,18,17,41,34,9,3,24,10,32,13,42,35,28,5,48,49,40,46,20,21,30,37,44,38,29,8,19,27,7,33,11,2,15,26,4,
1180,56.976311922073364,70665.53454666666,58327.48300000001,0,25,14,31,22,12,47,36,43,6,45,16,1,39,23,18,17,41,34,9,3,24,10,32,13,42,35,28,5,48,49,40,46,20,21,30,37,44,38,29,8,19,27,7,33,11,2,15,26,4,
1181,57.01231098175049,69666.88293333334,58327.48300000001,0,25,14,31,22,12,47,36,43,6,45,16,1,39,23,18,17,41,34,9,3,24,10,32,13,42,35,28,5,48,49,40,46,20,21,30,37,44,38,29,8,19,27,7,33,11,2,15,26,4,
1182,57.05031418800354,67644.50706666669,58327.48300000001,0,25,14,31,22,12,47,36,43,6,45,16,1,39,23,18,17,41,34,9,3,24,10,32,13,42,35,28,5,48,49,40,46,20,21,30,37,44,38,29,8,19,27,7,33,11,2,15,26,4,
1183,57.08831477165222,69867.39036,58327.48300000001,0,25,14,31,22,12,47,36,43,6,45,16,1,39,23,18,17,41,34,9,3,24,10,32,13,42,35,28,5,48,49,40,46,20,21,30,37,44,38,29,8,19,27,7,33,11,2,15,26,4,
1184,57.1273136138916,73134.00788000002,58327.48300000001,0,25,14,31,22,12,47,36,43,6,45,16,1,39,23,18,17,41,34,9,3,24,10,32,13,42,35,28,5,48,49,40,46,20,21,30,37,44,38,29,8,19,27,7,33,11,2,15,26,4,
1185,57.165311336517334,73954.47705333334,58327.48300000001,0,25,14,31,22,12,47,36,43,6,45,16,1,39,23,18,17,41,34,9,3,24,10,32,13,42,35,28,5,48,49,40,46,20,21,30,37,44,38,29,8,19,27,7,33,11,2,15,26,4,
1186,57.202311277389526,72080.22834666668,58327.48300000001,0,25,14,31,22,12,47,36,43,6,45,16,1,39,23,18,17,41,34,9,3,24,10,32,13,42,35,28,5,48,49,40,46,20,21,30,37,44,38,29,8,19,27,7,33,11,2,15,26,4,
1187,57.239309549331665,71497.41728000001,58327.48300000001,0,25,14,31,22,12,47,36,43,6,45,16,1,39,23,18,17,41,34,9,3,24,10,32,13,42,35,28,5,48,49,40,46,20,21,30,37,44,38,29,8,19,27,7,33,11,2,15,26,4,
1188,57.39834642410278,69766.51861333335,58327.48300000001,0,25,14,31,22,12,47,36,43,6,45,16,1,39,23,18,17,41,34,9,3,24,10,32,13,42,35,28,5,48,49,40,46,20,21,30,37,44,38,29,8,19,27,7,33,11,2,15,26,4,
1189,57.43534851074219,68505.88334666668,58327.48300000001,0,25,14,31,22,12,47,36,43,6,45,16,1,39,23,18,17,41,34,9,3,24,10,32,13,42,35,28,5,48,49,40,46,20,21,30,37,44,38,29,8,19,27,7,33,11,2,15,26,4,
1190,57.47334814071655,69426.27049333334,58327.48300000001,0,25,14,31,22,12,47,36,43,6,45,16,1,39,23,18,17,41,34,9,3,24,10,32,13,42,35,28,5,48,49,40,46,20,21,30,37,44,38,29,8,19,27,7,33,11,2,15,26,4,
1191,57.510308027267456,71033.71466666668,58327.48300000001,0,25,14,31,22,12,47,36,43,6,45,16,1,39,23,18,17,41,34,9,3,24,10,32,13,42,35,28,5,48,49,40,46,20,21,30,37,44,38,29,8,19,27,7,33,11,2,15,26,4,
1192,57.54730701446533,72263.15757333336,58327.48300000001,0,25,14,31,22,12,47,36,43,6,45,16,1,39,23,18,17,41,34,9,3,24,10,32,13,42,35,28,5,48,49,40,46,20,21,30,37,44,38,29,8,19,27,7,33,11,2,15,26,4,
1193,57.58234763145447,76263.12610666669,58327.48300000001,0,25,14,31,22,12,47,36,43,6,45,16,1,39,23,18,17,41,34,9,3,24,10,32,13,42,35,28,5,48,49,40,46,20,21,30,37,44,38,29,8,19,27,7,33,11,2,15,26,4,
1194,57.61930584907532,74983.47532000003,58327.48300000001,0,25,14,31,22,12,47,36,43,6,45,16,1,39,23,18,17,41,34,9,3,24,10,32,13,42,35,28,5,48,49,40,46,20,21,30,37,44,38,29,8,19,27,7,33,11,2,15,26,4,
1195,57.656301498413086,74318.77309333335,58327.48300000001,0,25,14,31,22,12,47,36,43,6,45,16,1,39,23,18,17,41,34,9,3,24,10,32,13,42,35,28,5,48,49,40,46,20,21,30,37,44,38,29,8,19,27,7,33,11,2,15,26,4,
1196,57.69430088996887,70448.73449333335,58327.48300000001,0,25,14,31,22,12,47,36,43,6,45,16,1,39,23,18,17,41,34,9,3,24,10,32,13,42,35,28,5,48,49,40,46,20,21,30,37,44,38,29,8,19,27,7,33,11,2,15,26,4,
1197,57.731261253356934,70580.13916,58327.48300000001,0,25,14,31,22,12,47,36,43,6,45,16,1,39,23,18,17,41,34,9,3,24,10,32,13,42,35,28,5,48,49,40,46,20,21,30,37,44,38,29,8,19,27,7,33,11,2,15,26,4,
1198,57.769261837005615,69011.30202666669,58327.48300000001,0,25,14,31,22,12,47,36,43,6,45,16,1,39,23,18,17,41,34,9,3,24,10,32,13,42,35,28,5,48,49,40,46,20,21,30,37,44,38,29,8,19,27,7,33,11,2,15,26,4,
1199,60.30130434036255,71814.77822666668,58327.48300000001,0,25,14,31,22,12,47,36,43,6,45,16,1,39,23,18,17,41,34,9,3,24,10,32,13,42,35,28,5,48,49,40,46,20,21,30,37,44,38,29,8,19,27,7,33,11,2,15,26,4,
1200,60.3382625579834,69732.36476,58001.14300000001,0,25,14,31,22,12,47,36,43,6,45,16,1,39,23,18,17,41,34,9,3,24,10,32,13,42,35,28,5,49,40,46,48,20,21,30,37,44,38,29,8,19,27,7,33,11,2,15,26,4,
1201,60.377225160598755,68720.13328000001,58001.14300000001,0,25,14,31,22,12,47,36,43,6,45,16,1,39,23,18,17,41,34,9,3,24,10,32,13,42,35,28,5,49,40,46,48,20,21,30,37,44,38,29,8,19,27,7,33,11,2,15,26,4,
1202,60.415186166763306,70777.24917333334,58001.14300000001,0,25,14,31,22,12,47,36,43,6,45,16,1,39,23,18,17,41,34,9,3,24,10,32,13,42,35,28,5,49,40,46,48,20,21,30,37,44,38,29,8,19,27,7,33,11,2,15,26,4,
1203,60.45219421386719,68155.23701333335,58001.14300000001,0,25,14,31,22,12,47,36,43,6,45,16,1,39,23,18,17,41,34,9,3,24,10,32,13,42,35,28,5,49,40,46,48,20,21,30,37,44,38,29,8,19,27,7,33,11,2,15,26,4,
1204,60.48919463157654,68908.05797333334,58001.14300000001,0,25,14,31,22,12,47,36,43,6,45,16,1,39,23,18,17,41,34,9,3,24,10,32,13,42,35,28,5,49,40,46,48,20,21,30,37,44,38,29,8,19,27,7,33,11,2,15,26,4,
1205,60.528156042099,70425.8400266667,58001.14300000001,0,25,14,31,22,12,47,36,43,6,45,16,1,39,23,18,17,41,34,9,3,24,10,32,13,42,35,28,5,49,40,46,48,20,21,30,37,44,38,29,8,19,27,7,33,11,2,15,26,4,
1206,60.56511473655701,70865.69378666668,58001.14300000001,0,25,14,31,22,12,47,36,43,6,45,16,1,39,23,18,17,41,34,9,3,24,10,32,13,42,35,28,5,49,40,46,48,20,21,30,37,44,38,29,8,19,27,7,33,11,2,15,26,4,
1207,60.60207486152649,72253.10969333336,58001.14300000001,0,25,14,31,22,12,47,36,43,6,45,16,1,39,23,18,17,41,34,9,3,24,10,32,13,42,35,28,5,49,40,46,48,20,21,30,37,44,38,29,8,19,27,7,33,11,2,15,26,4,
1208,60.63911437988281,72734.85261333337,58001.14300000001,0,25,14,31,22,12,47,36,43,6,45,16,1,39,23,18,17,41,34,9,3,24,10,32,13,42,35,28,5,49,40,46,48,20,21,30,37,44,38,29,8,19,27,7,33,11,2,15,26,4,
1209,60.67611336708069,71565.29445333335,58001.14300000001,0,25,14,31,22,12,47,36,43,6,45,16,1,39,23,18,17,41,34,9,3,24,10,32,13,42,35,28,5,49,40,46,48,20,21,30,37,44,38,29,8,19,27,7,33,11,2,15,26,4,
1210,60.713122844696045,73189.62854666667,58001.14300000001,0,25,14,31,22,12,47,36,43,6,45,16,1,39,23,18,17,41,34,9,3,24,10,32,13,42,35,28,5,49,40,46,48,20,21,30,37,44,38,29,8,19,27,7,33,11,2,15,26,4,
1211,60.75011920928955,74311.70393333335,58001.14300000001,0,25,14,31,22,12,47,36,43,6,45,16,1,39,23,18,17,41,34,9,3,24,10,32,13,42,35,28,5,49,40,46,48,20,21,30,37,44,38,29,8,19,27,7,33,11,2,15,26,4,
1212,60.78808259963989,75055.21665333335,58001.14300000001,0,25,14,31,22,12,47,36,43,6,45,16,1,39,23,18,17,41,34,9,3,24,10,32,13,42,35,28,5,49,40,46,48,20,21,30,37,44,38,29,8,19,27,7,33,11,2,15,26,4,
1213,60.82308006286621,70627.42097333336,58001.14300000001,0,25,14,31,22,12,47,36,43,6,45,16,1,39,23,18,17,41,34,9,3,24,10,32,13,42,35,28,5,49,40,46,48,20,21,30,37,44,38,29,8,19,27,7,33,11,2,15,26,4,
1214,60.861077070236206,69219.54289333335,58001.14300000001,0,25,14,31,22,12,47,36,43,6,45,16,1,39,23,18,17,41,34,9,3,24,10,32,13,42,35,28,5,49,40,46,48,20,21,30,37,44,38,29,8,19,27,7,33,11,2,15,26,4,
1215,60.89905619621277,72884.79244000002,58001.14300000001,0,25,14,31,22,12,47,36,43,6,45,16,1,39,23,18,17,41,34,9,3,24,10,32,13,42,35,28,5,49,40,46,48,20,21,30,37,44,38,29,8,19,27,7,33,11,2,15,26,4,
1216,60.93905520439148,71321.78918666668,58001.14300000001,0,25,14,31,22,12,47,36,43,6,45,16,1,39,23,18,17,41,34,9,3,24,10,32,13,42,35,28,5,49,40,46,48,20,21,30,37,44,38,29,8,19,27,7,33,11,2,15,26,4,
1217,60.975107192993164,70701.66916000002,58001.14300000001,0,25,14,31,22,12,47,36,43,6,45,16,1,39,23,18,17,41,34,9,3,24,10,32,13,42,35,28,5,49,40,46,48,20,21,30,37,44,38,29,8,19,27,7,33,11,2,15,26,4,
1218,61.01310896873474,69992.14832000001,58001.14300000001,0,25,14,31,22,12,47,36,43,6,45,16,1,39,23,18,17,41,34,9,3,24,10,32,13,42,35,28,5,49,40,46,48,20,21,30,37,44,38,29,8,19,27,7,33,11,2,15,26,4,
1219,61.05307340621948,70279.66630666668,58001.14300000001,0,25,14,31,22,12,47,36,43,6,45,16,1,39,23,18,17,41,34,9,3,24,10,32,13,42,35,28,5,49,40,46,48,20,21,30,37,44,38,29,8,19,27,7,33,11,2,15,26,4,
1220,61.08903741836548,71597.16706666668,58001.14300000001,0,25,14,31,22,12,47,36,43,6,45,16,1,39,23,18,17,41,34,9,3,24,10,32,13,42,35,28,5,49,40,46,48,20,21,30,37,44,38,29,8,19,27,7,33,11,2,15,26,4,
1221,61.126036167144775,67846.7602666667,58001.14300000001,0,25,14,31,22,12,47,36,43,6,45,16,1,39,23,18,17,41,34,9,3,24,10,32,13,42,35,28,5,49,40,46,48,20,21,30,37,44,38,29,8,19,27,7,33,11,2,15,26,4,
1222,61.16203570365906,70430.29920000002,58001.14300000001,0,25,14,31,22,12,47,36,43,6,45,16,1,39,23,18,17,41,34,9,3,24,10,32,13,42,35,28,5,49,40,46,48,20,21,30,37,44,38,29,8,19,27,7,33,11,2,15,26,4,
1223,61.196033000946045,71263.12845333335,58001.14300000001,0,25,14,31,22,12,47,36,43,6,45,16,1,39,23,18,17,41,34,9,3,24,10,32,13,42,35,28,5,49,40,46,48,20,21,30,37,44,38,29,8,19,27,7,33,11,2,15,26,4,
1224,61.23403358459473,69667.02376000003,58001.14300000001,0,25,14,31,22,12,47,36,43,6,45,16,1,39,23,18,17,41,34,9,3,24,10,32,13,42,35,28,5,49,40,46,48,20,21,30,37,44,38,29,8,19,27,7,33,11,2,15,26,4,
1225,61.27003216743469,71413.30987999999,58001.14300000001,0,25,14,31,22,12,47,36,43,6,45,16,1,39,23,18,17,41,34,9,3,24,10,32,13,42,35,28,5,49,40,46,48,20,21,30,37,44,38,29,8,19,27,7,33,11,2,15,26,4,
1226,61.307029247283936,70596.21068,58001.14300000001,0,25,14,31,22,12,47,36,43,6,45,16,1,39,23,18,17,41,34,9,3,24,10,32,13,42,35,28,5,49,40,46,48,20,21,30,37,44,38,29,8,19,27,7,33,11,2,15,26,4,
1227,61.344032526016235,69446.23054666669,58001.14300000001,0,25,14,31,22,12,47,36,43,6,45,16,1,39,23,18,17,41,34,9,3,24,10,32,13,42,35,28,5,49,40,46,48,20,21,30,37,44,38,29,8,19,27,7,33,11,2,15,26,4,
1228,61.38204216957092,67721.54065333334,58001.14300000001,0,25,14,31,22,12,47,36,43,6,45,16,1,39,23,18,17,41,34,9,3,24,10,32,13,42,35,28,5,49,40,46,48,20,21,30,37,44,38,29,8,19,27,7,33,11,2,15,26,4,
1229,61.42004203796387,71754.05692,58001.14300000001,0,25,14,31,22,12,47,36,43,6,45,16,1,39,23,18,17,41,34,9,3,24,10,32,13,42,35,28,5,49,40,46,48,20,21,30,37,44,38,29,8,19,27,7,33,11,2,15,26,4,
1230,61.45704221725464,71061.98533333334,58001.14300000001,0,25,14,31,22,12,47,36,43,6,45,16,1,39,23,18,17,41,34,9,3,24,10,32,13,42,35,28,5,49,40,46,48,20,21,30,37,44,38,29,8,19,27,7,33,11,2,15,26,4,
1231,61.49704098701477,71583.10622666668,58001.14300000001,0,25,14,31,22,12,47,36,43,6,45,16,1,39,23,18,17,41,34,9,3,24,10,32,13,42,35,28,5,49,40,46,48,20,21,30,37,44,38,29,8,19,27,7,33,11,2,15,26,4,
1232,61.53403830528259,69083.43401333336,58001.14300000001,0,25,14,31,22,12,47,36,43,6,45,16,1,39,23,18,17,41,34,9,3,24,10,32,13,42,35,28,5,49,40,46,48,20,21,30,37,44,38,29,8,19,27,7,33,11,2,15,26,4,
1233,61.570037841796875,69366.56577333336,58001.14300000001,0,25,14,31,22,12,47,36,43,6,45,16,1,39,23,18,17,41,34,9,3,24,10,32,13,42,35,28,5,49,40,46,48,20,21,30,37,44,38,29,8,19,27,7,33,11,2,15,26,4,
1234,61.60703492164612,69068.20978666669,58001.14300000001,0,25,14,31,22,12,47,36,43,6,45,16,1,39,23,18,17,41,34,9,3,24,10,32,13,42,35,28,5,49,40,46,48,20,21,30,37,44,38,29,8,19,27,7,33,11,2,15,26,4,
1235,61.64503741264343,68658.96522666668,58001.14300000001,0,25,14,31,22,12,47,36,43,6,45,16,1,39,23,18,17,41,34,9,3,24,10,32,13,42,35,28,5,49,40,46,48,20,21,30,37,44,38,29,8,19,27,7,33,11,2,15,26,4,
1236,61.68199396133423,68116.41316000003,58001.14300000001,0,25,14,31,22,12,47,36,43,6,45,16,1,39,23,18,17,41,34,9,3,24,10,32,13,42,35,28,5,49,40,46,48,20,21,30,37,44,38,29,8,19,27,7,33,11,2,15,26,4,
1237,61.719043493270874,67941.09345333333,58001.14300000001,0,25,14,31,22,12,47,36,43,6,45,16,1,39,23,18,17,41,34,9,3,24,10,32,13,42,35,28,5,49,40,46,48,20,21,30,37,44,38,29,8,19,27,7,33,11,2,15,26,4,
1238,61.75604057312012,68061.39889333333,58001.14300000001,0,25,14,31,22,12,47,36,43,6,45,16,1,39,23,18,17,41,34,9,3,24,10,32,13,42,35,28,5,49,40,46,48,20,21,30,37,44,38,29,8,19,27,7,33,11,2,15,26,4,
1239,61.79200029373169,68439.40920000002,58001.14300000001,0,25,14,31,22,12,47,36,43,6,45,16,1,39,23,18,17,41,34,9,3,24,10,32,13,42,35,28,5,49,40,46,48,20,21,30,37,44,38,29,8,19,27,7,33,11,2,15,26,4,
1240,61.828001499176025,69755.29749333335,58001.14300000001,0,25,14,31,22,12,47,36,43,6,45,16,1,39,23,18,17,41,34,9,3,24,10,32,13,42,35,28,5,49,40,46,48,20,21,30,37,44,38,29,8,19,27,7,33,11,2,15,26,4,
1241,61.86604118347168,71350.45046666669,58001.14300000001,0,25,14,31,22,12,47,36,43,6,45,16,1,39,23,18,17,41,34,9,3,24,10,32,13,42,35,28,5,49,40,46,48,20,21,30,37,44,38,29,8,19,27,7,33,11,2,15,26,4,
1242,61.90105152130127,72349.48397333334,58001.14300000001,0,25,14,31,22,12,47,36,43,6,45,16,1,39,23,18,17,41,34,9,3,24,10,32,13,42,35,28,5,49,40,46,48,20,21,30,37,44,38,29,8,19,27,7,33,11,2,15,26,4,
1243,61.93804883956909,71951.67002666669,58001.14300000001,0,25,14,31,22,12,47,36,43,6,45,16,1,39,23,18,17,41,34,9,3,24,10,32,13,42,35,28,5,49,40,46,48,20,21,30,37,44,38,29,8,19,27,7,33,11,2,15,26,4,
1244,61.97508764266968,70322.54774666669,58001.14300000001,0,25,14,31,22,12,47,36,43,6,45,16,1,39,23,18,17,41,34,9,3,24,10,32,13,42,35,28,5,49,40,46,48,20,21,30,37,44,38,29,8,19,27,7,33,11,2,15,26,4,
1245,62.012126445770264,71605.22040000002,58001.14300000001,0,25,14,31,22,12,47,36,43,6,45,16,1,39,23,18,17,41,34,9,3,24,10,32,13,42,35,28,5,49,40,46,48,20,21,30,37,44,38,29,8,19,27,7,33,11,2,15,26,4,
1246,62.05208468437195,71224.10372000001,58001.14300000001,0,25,14,31,22,12,47,36,43,6,45,16,1,39,23,18,17,41,34,9,3,24,10,32,13,42,35,28,5,49,40,46,48,20,21,30,37,44,38,29,8,19,27,7,33,11,2,15,26,4,
1247,62.08613467216492,69644.10189333335,58001.14300000001,0,25,14,31,22,12,47,36,43,6,45,16,1,39,23,18,17,41,34,9,3,24,10,32,13,42,35,28,5,49,40,46,48,20,21,30,37,44,38,29,8,19,27,7,33,11,2,15,26,4,
1248,62.1221444606781,70384.81708000001,58001.14300000001,0,25,14,31,22,12,47,36,43,6,45,16,1,39,23,18,17,41,34,9,3,24,10,32,13,42,35,28,5,49,40,46,48,20,21,30,37,44,38,29,8,19,27,7,33,11,2,15,26,4,
1249,62.15819215774536,70679.21189333334,58001.14300000001,0,25,14,31,22,12,47,36,43,6,45,16,1,39,23,18,17,41,34,9,3,24,10,32,13,42,35,28,5,49,40,46,48,20,21,30,37,44,38,29,8,19,27,7,33,11,2,15,26,4,
1250,62.19323515892029,70540.12242666667,58001.14300000001,0,25,14,31,22,12,47,36,43,6,45,16,1,39,23,18,17,41,34,9,3,24,10,32,13,42,35,28,5,49,40,46,48,20,21,30,37,44,38,29,8,19,27,7,33,11,2,15,26,4,
1251,62.23027467727661,70405.20069333335,58001.14300000001,0,25,14,31,22,12,47,36,43,6,45,16,1,39,23,18,17,41,34,9,3,24,10,32,13,42,35,28,5,49,40,46,48,20,21,30,37,44,38,29,8,19,27,7,33,11,2,15,26,4,
1252,62.26723790168762,71189.51842666668,58001.14300000001,0,25,14,31,22,12,47,36,43,6,45,16,1,39,23,18,17,41,34,9,3,24,10,32,13,42,35,28,5,49,40,46,48,20,21,30,37,44,38,29,8,19,27,7,33,11,2,15,26,4,
1253,62.30620074272156,71154.60074666666,58001.14300000001,0,25,14,31,22,12,47,36,43,6,45,16,1,39,23,18,17,41,34,9,3,24,10,32,13,42,35,28,5,49,40,46,48,20,21,30,37,44,38,29,8,19,27,7,33,11,2,15,26,4,
1254,62.341201305389404,71872.88476000002,58001.14300000001,0,25,14,31,22,12,47,36,43,6,45,16,1,39,23,18,17,41,34,9,3,24,10,32,13,42,35,28,5,49,40,46,48,20,21,30,37,44,38,29,8,19,27,7,33,11,2,15,26,4,
1255,62.3782012462616,76335.33065333335,58001.14300000001,0,25,14,31,22,12,47,36,43,6,45,16,1,39,23,18,17,41,34,9,3,24,10,32,13,42,35,28,5,49,40,46,48,20,21,30,37,44,38,29,8,19,27,7,33,11,2,15,26,4,
1256,62.415199518203735,71102.83256000001,58001.14300000001,0,25,14,31,22,12,47,36,43,6,45,16,1,39,23,18,17,41,34,9,3,24,10,32,13,42,35,28,5,49,40,46,48,20,21,30,37,44,38,29,8,19,27,7,33,11,2,15,26,4,
1257,62.45123910903931,69440.91622666668,58001.14300000001,0,25,14,31,22,12,47,36,43,6,45,16,1,39,23,18,17,41,34,9,3,24,10,32,13,42,35,28,5,49,40,46,48,20,21,30,37,44,38,29,8,19,27,7,33,11,2,15,26,4,
1258,62.48824882507324,70014.58218666667,58001.14300000001,0,25,14,31,22,12,47,36,43,6,45,16,1,39,23,18,17,41,34,9,3,24,10,32,13,42,35,28,5,49,40,46,48,20,21,30,37,44,38,29,8,19,27,7,33,11,2,15,26,4,
1259,62.526209115982056,70220.48069333333,58001.14300000001,0,25,14,31,22,12,47,36,43,6,45,16,1,39,23,18,17,41,34,9,3,24,10,32,13,42,35,28,5,49,40,46,48,20,21,30,37,44,38,29,8,19,27,7,33,11,2,15,26,4,
1260,62.563172578811646,69736.63749333333,58001.14300000001,0,25,14,31,22,12,47,36,43,6,45,16,1,39,23,18,17,41,34,9,3,24,10,32,13,42,35,28,5,49,40,46,48,20,21,30,37,44,38,29,8,19,27,7,33,11,2,15,26,4,
1261,62.601205348968506,68922.98782666668,58001.14300000001,0,25,14,31,22,12,47,36,43,6,45,16,1,39,23,18,17,41,34,9,3,24,10,32,13,42,35,28,5,49,40,46,48,20,21,30,37,44,38,29,8,19,27,7,33,11,2,15,26,4,
1262,62.638163328170776,70702.71185333334,58001.14300000001,0,25,14,31,22,12,47,36,43,6,45,16,1,39,23,18,17,41,34,9,3,24,10,32,13,42,35,28,5,49,40,46,48,20,21,30,37,44,38,29,8,19,27,7,33,11,2,15,26,4,
1263,62.67517328262329,70475.79188,58001.14300000001,0,25,14,31,22,12,47,36,43,6,45,16,1,39,23,18,17,41,34,9,3,24,10,32,13,42,35,28,5,49,40,46,48,20,21,30,37,44,38,29,8,19,27,7,33,11,2,15,26,4,
1264,62.71322321891785,72038.96377333334,58001.14300000001,0,25,14,31,22,12,47,36,43,6,45,16,1,39,23,18,17,41,34,9,3,24,10,32,13,42,35,28,5,49,40,46,48,20,21,30,37,44,38,29,8,19,27,7,33,11,2,15,26,4,
1265,62.74923372268677,70923.49252000001,58001.14300000001,0,25,14,31,22,12,47,36,43,6,45,16,1,39,23,18,17,41,34,9,3,24,10,32,13,42,35,28,5,49,40,46,48,20,21,30,37,44,38,29,8,19,27,7,33,11,2,15,26,4,
1266,62.78623080253601,68445.84374666668,58001.14300000001,0,25,14,31,22,12,47,36,43,6,45,16,1,39,23,18,17,41,34,9,3,24,10,32,13,42,35,28,5,49,40,46,48,20,21,30,37,44,38,29,8,19,27,7,33,11,2,15,26,4,
1267,62.823195457458496,71009.95049333337,58001.14300000001,0,25,14,31,22,12,47,36,43,6,45,16,1,39,23,18,17,41,34,9,3,24,10,32,13,42,35,28,5,49,40,46,48,20,21,30,37,44,38,29,8,19,27,7,33,11,2,15,26,4,
1268,62.86224031448364,70361.01092000003,58001.14300000001,0,25,14,31,22,12,47,36,43,6,45,16,1,39,23,18,17,41,34,9,3,24,10,32,13,42,35,28,5,49,40,46,48,20,21,30,37,44,38,29,8,19,27,7,33,11,2,15,26,4,
1269,62.899245262145996,70384.50801333334,58001.14300000001,0,25,14,31,22,12,47,36,43,6,45,16,1,39,23,18,17,41,34,9,3,24,10,32,13,42,35,28,5,49,40,46,48,20,21,30,37,44,38,29,8,19,27,7,33,11,2,15,26,4,
1270,62.934295892715454,70037.37070666668,58001.14300000001,0,25,14,31,22,12,47,36,43,6,45,16,1,39,23,18,17,41,34,9,3,24,10,32,13,42,35,28,5,49,40,46,48,20,21,30,37,44,38,29,8,19,27,7,33,11,2,15,26,4,
1271,62.97127437591553,71779.42942666668,58001.14300000001,0,25,14,31,22,12,47,36,43,6,45,16,1,39,23,18,17,41,34,9,3,24,10,32,13,42,35,28,5,49,40,46,48,20,21,30,37,44,38,29,8,19,27,7,33,11,2,15,26,4,
1272,63.00827145576477,72156.30150666668,58001.14300000001,0,25,14,31,22,12,47,36,43,6,45,16,1,39,23,18,17,41,34,9,3,24,10,32,13,42,35,28,5,49,40,46,48,20,21,30,37,44,38,29,8,19,27,7,33,11,2,15,26,4,
1273,63.04327344894409,72341.81780000002,58001.14300000001,0,25,14,31,22,12,47,36,43,6,45,16,1,39,23,18,17,41,34,9,3,24,10,32,13,42,35,28,5,49,40,46,48,20,21,30,37,44,38,29,8,19,27,7,33,11,2,15,26,4,
1274,63.080275774002075,70510.71497333334,58001.14300000001,0,25,14,31,22,12,47,36,43,6,45,16,1,39,23,18,17,41,34,9,3,24,10,32,13,42,35,28,5,49,40,46,48,20,21,30,37,44,38,29,8,19,27,7,33,11,2,15,26,4,
1275,63.116265296936035,72721.99694666668,58001.14300000001,0,25,14,31,22,12,47,36,43,6,45,16,1,39,23,18,17,41,34,9,3,24,10,32,13,42,35,28,5,49,40,46,48,20,21,30,37,44,38,29,8,19,27,7,33,11,2,15,26,4,
1276,63.157259464263916,69455.68782666669,58001.14300000001,0,25,14,31,22,12,47,36,43,6,45,16,1,39,23,18,17,41,34,9,3,24,10,32,13,42,35,28,5,49,40,46,48,20,21,30,37,44,38,29,8,19,27,7,33,11,2,15,26,4,
1277,63.196221590042114,70691.82314666669,58001.14300000001,0,25,14,31,22,12,47,36,43,6,45,16,1,39,23,18,17,41,34,9,3,24,10,32,13,42,35,28,5,49,40,46,48,20,21,30,37,44,38,29,8,19,27,7,33,11,2,15,26,4,
1278,63.234270334243774,70114.60004000002,58001.14300000001,0,25,14,31,22,12,47,36,43,6,45,16,1,39,23,18,17,41,34,9,3,24,10,32,13,42,35,28,5,49,40,46,48,20,21,30,37,44,38,29,8,19,27,7,33,11,2,15,26,4,
1279,63.27131009101868,71906.15845333334,58001.14300000001,0,25,14,31,22,12,47,36,43,6,45,16,1,39,23,18,17,41,34,9,3,24,10,32,13,42,35,28,5,49,40,46,48,20,21,30,37,44,38,29,8,19,27,7,33,11,2,15,26,4,
1280,63.308348417282104,71357.01877333333,58001.14300000001,0,25,14,31,22,12,47,36,43,6,45,16,1,39,23,18,17,41,34,9,3,24,10,32,13,42,35,28,5,49,40,46,48,20,21,30,37,44,38,29,8,19,27,7,33,11,2,15,26,4,
1281,63.34330892562866,70252.71340000001,58001.14300000001,0,25,14,31,22,12,47,36,43,6,45,16,1,39,23,18,17,41,34,9,3,24,10,32,13,42,35,28,5,49,40,46,48,20,21,30,37,44,38,29,8,19,27,7,33,11,2,15,26,4,
1282,63.381266832351685,70331.37914666667,58001.14300000001,0,25,14,31,22,12,47,36,43,6,45,16,1,39,23,18,17,41,34,9,3,24,10,32,13,42,35,28,5,49,40,46,48,20,21,30,37,44,38,29,8,19,27,7,33,11,2,15,26,4,
1283,63.41726589202881,69495.43893333334,58001.14300000001,0,25,14,31,22,12,47,36,43,6,45,16,1,39,23,18,17,41,34,9,3,24,10,32,13,42,35,28,5,49,40,46,48,20,21,30,37,44,38,29,8,19,27,7,33,11,2,15,26,4,
1284,63.4533166885376,69203.01957333334,58001.14300000001,0,25,14,31,22,12,47,36,43,6,45,16,1,39,23,18,17,41,34,9,3,24,10,32,13,42,35,28,5,49,40,46,48,20,21,30,37,44,38,29,8,19,27,7,33,11,2,15,26,4,
1285,63.48927927017212,70653.83946666667,58001.14300000001,0,25,14,31,22,12,47,36,43,6,45,16,1,39,23,18,17,41,34,9,3,24,10,32,13,42,35,28,5,49,40,46,48,20,21,30,37,44,38,29,8,19,27,7,33,11,2,15,26,4,
1286,63.52427864074707,71560.26738666669,58001.14300000001,0,25,14,31,22,12,47,36,43,6,45,16,1,39,23,18,17,41,34,9,3,24,10,32,13,42,35,28,5,49,40,46,48,20,21,30,37,44,38,29,8,19,27,7,33,11,2,15,26,4,
1287,63.56023931503296,68586.95588000002,58001.14300000001,0,25,14,31,22,12,47,36,43,6,45,16,1,39,23,18,17,41,34,9,3,24,10,32,13,42,35,28,5,49,40,46,48,20,21,30,37,44,38,29,8,19,27,7,33,11,2,15,26,4,
1288,63.59823966026306,68804.78558666668,58001.14300000001,0,25,14,31,22,12,47,36,43,6,45,16,1,39,23,18,17,41,34,9,3,24,10,32,13,42,35,28,5,49,40,46,48,20,21,30,37,44,38,29,8,19,27,7,33,11,2,15,26,4,
1289,63.63527798652649,68716.48705333333,58001.14300000001,0,25,14,31,22,12,47,36,43,6,45,16,1,39,23,18,17,41,34,9,3,24,10,32,13,42,35,28,5,49,40,46,48,20,21,30,37,44,38,29,8,19,27,7,33,11,2,15,26,4,
1290,63.673240423202515,70549.75964,58001.14300000001,0,25,14,31,22,12,47,36,43,6,45,16,1,39,23,18,17,41,34,9,3,24,10,32,13,42,35,28,5,49,40,46,48,20,21,30,37,44,38,29,8,19,27,7,33,11,2,15,26,4,
1291,63.711835622787476,69257.11897333334,58001.14300000001,0,25,14,31,22,12,47,36,43,6,45,16,1,39,23,18,17,41,34,9,3,24,10,32,13,42,35,28,5,49,40,46,48,20,21,30,37,44,38,29,8,19,27,7,33,11,2,15,26,4,
1292,63.747870683670044,67047.44798666668,58001.14300000001,0,25,14,31,22,12,47,36,43,6,45,16,1,39,23,18,17,41,34,9,3,24,10,32,13,42,35,28,5,49,40,46,48,20,21,30,37,44,38,29,8,19,27,7,33,11,2,15,26,4,
1293,63.78492093086243,67825.37989333335,58001.14300000001,0,25,14,31,22,12,47,36,43,6,45,16,1,39,23,18,17,41,34,9,3,24,10,32,13,42,35,28,5,49,40,46,48,20,21,30,37,44,38,29,8,19,27,7,33,11,2,15,26,4,
1294,63.82292151451111,71701.92385333336,58001.14300000001,0,25,14,31,22,12,47,36,43,6,45,16,1,39,23,18,17,41,34,9,3,24,10,32,13,42,35,28,5,49,40,46,48,20,21,30,37,44,38,29,8,19,27,7,33,11,2,15,26,4,
1295,63.85997200012207,71285.59501333335,58001.14300000001,0,25,14,31,22,12,47,36,43,6,45,16,1,39,23,18,17,41,34,9,3,24,10,32,13,42,35,28,5,49,40,46,48,20,21,30,37,44,38,29,8,19,27,7,33,11,2,15,26,4,
1296,63.89696717262268,70830.48356000001,58001.14300000001,0,25,14,31,22,12,47,36,43,6,45,16,1,39,23,18,17,41,34,9,3,24,10,32,13,42,35,28,5,49,40,46,48,20,21,30,37,44,38,29,8,19,27,7,33,11,2,15,26,4,
1297,63.9349639415741,72874.38386666669,58001.14300000001,0,25,14,31,22,12,47,36,43,6,45,16,1,39,23,18,17,41,34,9,3,24,10,32,13,42,35,28,5,49,40,46,48,20,21,30,37,44,38,29,8,19,27,7,33,11,2,15,26,4,
1298,63.97100067138672,74278.20537333335,58001.14300000001,0,25,14,31,22,12,47,36,43,6,45,16,1,39,23,18,17,41,34,9,3,24,10,32,13,42,35,28,5,49,40,46,48,20,21,30,37,44,38,29,8,19,27,7,33,11,2,15,26,4,
1299,64.00703978538513,74297.04461333335,58001.14300000001,0,25,14,31,22,12,47,36,43,6,45,16,1,39,23,18,17,41,34,9,3,24,10,32,13,42,35,28,5,49,40,46,48,20,21,30,37,44,38,29,8,19,27,7,33,11,2,15,26,4,
1300,64.04400396347046,72153.12594666668,58001.14300000001,0,25,14,31,22,12,47,36,43,6,45,16,1,39,23,18,17,41,34,9,3,24,10,32,13,42,35,28,5,49,40,46,48,20,21,30,37,44,38,29,8,19,27,7,33,11,2,15,26,4,
1301,64.08196473121643,70447.29846666667,58001.14300000001,0,25,14,31,22,12,47,36,43,6,45,16,1,39,23,18,17,41,34,9,3,24,10,32,13,42,35,28,5,49,40,46,48,20,21,30,37,44,38,29,8,19,27,7,33,11,2,15,26,4,
1302,64.1189615726471,71968.57097333335,58001.14300000001,0,25,14,31,22,12,47,36,43,6,45,16,1,39,23,18,17,41,34,9,3,24,10,32,13,42,35,28,5,49,40,46,48,20,21,30,37,44,38,29,8,19,27,7,33,11,2,15,26,4,
1303,64.15596389770508,70234.14326666668,58001.14300000001,0,25,14,31,22,12,47,36,43,6,45,16,1,39,23,18,17,41,34,9,3,24,10,32,13,42,35,28,5,49,40,46,48,20,21,30,37,44,38,29,8,19,27,7,33,11,2,15,26,4,
1304,64.19296216964722,70254.71584000002,58001.14300000001,0,25,14,31,22,12,47,36,43,6,45,16,1,39,23,18,17,41,34,9,3,24,10,32,13,42,35,28,5,49,40,46,48,20,21,30,37,44,38,29,8,19,27,7,33,11,2,15,26,4,
1305,64.2289617061615,72366.30576000002,58001.14300000001,0,25,14,31,22,12,47,36,43,6,45,16,1,39,23,18,17,41,34,9,3,24,10,32,13,42,35,28,5,49,40,46,48,20,21,30,37,44,38,29,8,19,27,7,33,11,2,15,26,4,
1306,64.26796102523804,71093.39938666667,58001.14300000001,0,25,14,31,22,12,47,36,43,6,45,16,1,39,23,18,17,41,34,9,3,24,10,32,13,42,35,28,5,49,40,46,48,20,21,30,37,44,38,29,8,19,27,7,33,11,2,15,26,4,
1307,64.30395793914795,70042.29002666668,58001.14300000001,0,25,14,31,22,12,47,36,43,6,45,16,1,39,23,18,17,41,34,9,3,24,10,32,13,42,35,28,5,49,40,46,48,20,21,30,37,44,38,29,8,19,27,7,33,11,2,15,26,4,
1308,64.34095525741577,69961.00652,58001.14300000001,0,25,14,31,22,12,47,36,43,6,45,16,1,39,23,18,17,41,34,9,3,24,10,32,13,42,35,28,5,49,40,46,48,20,21,30,37,44,38,29,8,19,27,7,33,11,2,15,26,4,
1309,64.37796950340271,68841.44422666667,58001.14300000001,0,25,14,31,22,12,47,36,43,6,45,16,1,39,23,18,17,41,34,9,3,24,10,32,13,42,35,28,5,49,40,46,48,20,21,30,37,44,38,29,8,19,27,7,33,11,2,15,26,4,
1310,64.41496872901917,70229.39852000002,58001.14300000001,0,25,14,31,22,12,47,36,43,6,45,16,1,39,23,18,17,41,34,9,3,24,10,32,13,42,35,28,5,49,40,46,48,20,21,30,37,44,38,29,8,19,27,7,33,11,2,15,26,4,
1311,64.45197558403015,70022.44165333334,58001.14300000001,0,25,14,31,22,12,47,36,43,6,45,16,1,39,23,18,17,41,34,9,3,24,10,32,13,42,35,28,5,49,40,46,48,20,21,30,37,44,38,29,8,19,27,7,33,11,2,15,26,4,
1312,64.48993229866028,69697.21733333335,58001.14300000001,0,25,14,31,22,12,47,36,43,6,45,16,1,39,23,18,17,41,34,9,3,24,10,32,13,42,35,28,5,49,40,46,48,20,21,30,37,44,38,29,8,19,27,7,33,11,2,15,26,4,
1313,64.52693033218384,71273.069,58001.14300000001,0,25,14,31,22,12,47,36,43,6,45,16,1,39,23,18,17,41,34,9,3,24,10,32,13,42,35,28,5,49,40,46,48,20,21,30,37,44,38,29,8,19,27,7,33,11,2,15,26,4,
1314,64.5618896484375,72672.95462666667,58001.14300000001,0,25,14,31,22,12,47,36,43,6,45,16,1,39,23,18,17,41,34,9,3,24,10,32,13,42,35,28,5,49,40,46,48,20,21,30,37,44,38,29,8,19,27,7,33,11,2,15,26,4,
1315,64.62788844108582,71705.51221333334,58001.14300000001,0,25,14,31,22,12,47,36,43,6,45,16,1,39,23,18,17,41,34,9,3,24,10,32,13,42,35,28,5,49,40,46,48,20,21,30,37,44,38,29,8,19,27,7,33,11,2,15,26,4,
1316,64.66492104530334,73417.68064000002,58001.14300000001,0,25,14,31,22,12,47,36,43,6,45,16,1,39,23,18,17,41,34,9,3,24,10,32,13,42,35,28,5,49,40,46,48,20,21,30,37,44,38,29,8,19,27,7,33,11,2,15,26,4,
1317,64.70188736915588,72813.81973333334,58001.14300000001,0,25,14,31,22,12,47,36,43,6,45,16,1,39,23,18,17,41,34,9,3,24,10,32,13,42,35,28,5,49,40,46,48,20,21,30,37,44,38,29,8,19,27,7,33,11,2,15,26,4,
1318,64.73888683319092,71982.38090666667,58001.14300000001,0,25,14,31,22,12,47,36,43,6,45,16,1,39,23,18,17,41,34,9,3,24,10,32,13,42,35,28,5,49,40,46,48,20,21,30,37,44,38,29,8,19,27,7,33,11,2,15,26,4,
1319,64.77487897872925,74384.93166666669,58001.14300000001,0,25,14,31,22,12,47,36,43,6,45,16,1,39,23,18,17,41,34,9,3,24,10,32,13,42,35,28,5,49,40,46,48,20,21,30,37,44,38,29,8,19,27,7,33,11,2,15,26,4,
1320,64.81491088867188,73394.94746666666,58001.14300000001,0,25,14,31,22,12,47,36,43,6,45,16,1,39,23,18,17,41,34,9,3,24,10,32,13,42,35,28,5,49,40,46,48,20,21,30,37,44,38,29,8,19,27,7,33,11,2,15,26,4,
1321,64.85187530517578,73586.78024000001,58001.14300000001,0,25,14,31,22,12,47,36,43,6,45,16,1,39,23,18,17,41,34,9,3,24,10,32,13,42,35,28,5,49,40,46,48,20,21,30,37,44,38,29,8,19,27,7,33,11,2,15,26,4,
1322,64.88787531852722,72123.54305333336,58001.14300000001,0,25,14,31,22,12,47,36,43,6,45,16,1,39,23,18,17,41,34,9,3,24,10,32,13,42,35,28,5,49,40,46,48,20,21,30,37,44,38,29,8,19,27,7,33,11,2,15,26,4,
1323,64.92691087722778,72322.87570666669,58001.14300000001,0,25,14,31,22,12,47,36,43,6,45,16,1,39,23,18,17,41,34,9,3,24,10,32,13,42,35,28,5,49,40,46,48,20,21,30,37,44,38,29,8,19,27,7,33,11,2,15,26,4,
1324,64.96386861801147,72424.24666666669,58001.14300000001,0,25,14,31,22,12,47,36,43,6,45,16,1,39,23,18,17,41,34,9,3,24,10,32,13,42,35,28,5,49,40,46,48,20,21,30,37,44,38,29,8,19,27,7,33,11,2,15,26,4,
1325,65.00086808204651,73250.23620000001,58001.14300000001,0,25,14,31,22,12,47,36,43,6,45,16,1,39,23,18,17,41,34,9,3,24,10,32,13,42,35,28,5,49,40,46,48,20,21,30,37,44,38,29,8,19,27,7,33,11,2,15,26,4,
1326,65.03887152671814,73045.84542666668,58001.14300000001,0,25,14,31,22,12,47,36,43,6,45,16,1,39,23,18,17,41,34,9,3,24,10,32,13,42,35,28,5,49,40,46,48,20,21,30,37,44,38,29,8,19,27,7,33,11,2,15,26,4,
1327,65.07489943504333,72362.93985333334,58001.14300000001,0,25,14,31,22,12,47,36,43,6,45,16,1,39,23,18,17,41,34,9,3,24,10,32,13,42,35,28,5,49,40,46,48,20,21,30,37,44,38,29,8,19,27,7,33,11,2,15,26,4,
1328,65.109858751297,72635.06417333333,58001.14300000001,0,25,14,31,22,12,47,36,43,6,45,16,1,39,23,18,17,41,34,9,3,24,10,32,13,42,35,28,5,49,40,46,48,20,21,30,37,44,38,29,8,19,27,7,33,11,2,15,26,4,
1329,65.14681673049927,71100.03708000002,58001.14300000001,0,25,14,31,22,12,47,36,43,6,45,16,1,39,23,18,17,41,34,9,3,24,10,32,13,42,35,28,5,49,40,46,48,20,21,30,37,44,38,29,8,19,27,7,33,11,2,15,26,4,
1330,65.1847653388977,70684.51668000003,58001.14300000001,0,25,14,31,22,12,47,36,43,6,45,16,1,39,23,18,17,41,34,9,3,24,10,32,13,42,35,28,5,49,40,46,48,20,21,30,37,44,38,29,8,19,27,7,33,11,2,15,26,4,
1331,65.22276067733765,71648.40374666668,58001.14300000001,0,25,14,31,22,12,47,36,43,6,45,16,1,39,23,18,17,41,34,9,3,24,10,32,13,42,35,28,5,49,40,46,48,20,21,30,37,44,38,29,8,19,27,7,33,11,2,15,26,4,
1332,65.25875639915466,74592.42336000002,58001.14300000001,0,25,14,31,22,12,47,36,43,6,45,16,1,39,23,18,17,41,34,9,3,24,10,32,13,42,35,28,5,49,40,46,48,20,21,30,37,44,38,29,8,19,27,7,33,11,2,15,26,4,
1333,65.29575634002686,74093.34078666668,58001.14300000001,0,25,14,31,22,12,47,36,43,6,45,16,1,39,23,18,17,41,34,9,3,24,10,32,13,42,35,28,5,49,40,46,48,20,21,30,37,44,38,29,8,19,27,7,33,11,2,15,26,4,
1334,65.33475685119629,74940.18121333334,58001.14300000001,0,25,14,31,22,12,47,36,43,6,45,16,1,39,23,18,17,41,34,9,3,24,10,32,13,42,35,28,5,49,40,46,48,20,21,30,37,44,38,29,8,19,27,7,33,11,2,15,26,4,
1335,65.37471389770508,74148.28297333333,58001.14300000001,0,25,14,31,22,12,47,36,43,6,45,16,1,39,23,18,17,41,34,9,3,24,10,32,13,42,35,28,5,49,40,46,48,20,21,30,37,44,38,29,8,19,27,7,33,11,2,15,26,4,
1336,65.4106776714325,74355.67817333335,58001.14300000001,0,25,14,31,22,12,47,36,43,6,45,16,1,39,23,18,17,41,34,9,3,24,10,32,13,42,35,28,5,49,40,46,48,20,21,30,37,44,38,29,8,19,27,7,33,11,2,15,26,4,
1337,65.44668745994568,74013.32084000003,58001.14300000001,0,25,14,31,22,12,47,36,43,6,45,16,1,39,23,18,17,41,34,9,3,24,10,32,13,42,35,28,5,49,40,46,48,20,21,30,37,44,38,29,8,19,27,7,33,11,2,15,26,4,
1338,65.48268508911133,72625.57853333335,58001.14300000001,0,25,14,31,22,12,47,36,43,6,45,16,1,39,23,18,17,41,34,9,3,24,10,32,13,42,35,28,5,49,40,46,48,20,21,30,37,44,38,29,8,19,27,7,33,11,2,15,26,4,
1339,65.5206470489502,71304.82752,58001.14300000001,0,25,14,31,22,12,47,36,43,6,45,16,1,39,23,18,17,41,34,9,3,24,10,32,13,42,35,28,5,49,40,46,48,20,21,30,37,44,38,29,8,19,27,7,33,11,2,15,26,4,
1340,65.5576446056366,71923.59425333333,58001.14300000001,0,25,14,31,22,12,47,36,43,6,45,16,1,39,23,18,17,41,34,9,3,24,10,32,13,42,35,28,5,49,40,46,48,20,21,30,37,44,38,29,8,19,27,7,33,11,2,15,26,4,
1341,65.59468173980713,70857.18865333333,58001.14300000001,0,25,14,31,22,12,47,36,43,6,45,16,1,39,23,18,17,41,34,9,3,24,10,32,13,42,35,28,5,49,40,46,48,20,21,30,37,44,38,29,8,19,27,7,33,11,2,15,26,4,
1342,65.63270592689514,70498.19965333334,58001.14300000001,0,25,14,31,22,12,47,36,43,6,45,16,1,39,23,18,17,41,34,9,3,24,10,32,13,42,35,28,5,49,40,46,48,20,21,30,37,44,38,29,8,19,27,7,33,11,2,15,26,4,
1343,65.66774439811707,69415.05938666666,58001.14300000001,0,25,14,31,22,12,47,36,43,6,45,16,1,39,23,18,17,41,34,9,3,24,10,32,13,42,35,28,5,49,40,46,48,20,21,30,37,44,38,29,8,19,27,7,33,11,2,15,26,4,
1344,65.70577883720398,68685.89725333334,58001.14300000001,0,25,14,31,22,12,47,36,43,6,45,16,1,39,23,18,17,41,34,9,3,24,10,32,13,42,35,28,5,49,40,46,48,20,21,30,37,44,38,29,8,19,27,7,33,11,2,15,26,4,
1345,65.7428207397461,66300.41484000001,58001.14300000001,0,25,14,31,22,12,47,36,43,6,45,16,1,39,23,18,17,41,34,9,3,24,10,32,13,42,35,28,5,49,40,46,48,20,21,30,37,44,38,29,8,19,27,7,33,11,2,15,26,4,
1346,65.77685689926147,67871.00581333335,58001.14300000001,0,25,14,31,22,12,47,36,43,6,45,16,1,39,23,18,17,41,34,9,3,24,10,32,13,42,35,28,5,49,40,46,48,20,21,30,37,44,38,29,8,19,27,7,33,11,2,15,26,4,
1347,65.81481051445007,68913.09761333335,58001.14300000001,0,25,14,31,22,12,47,36,43,6,45,16,1,39,23,18,17,41,34,9,3,24,10,32,13,42,35,28,5,49,40,46,48,20,21,30,37,44,38,29,8,19,27,7,33,11,2,15,26,4,
1348,65.85081124305725,68245.73838666668,58001.14300000001,0,25,14,31,22,12,47,36,43,6,45,16,1,39,23,18,17,41,34,9,3,24,10,32,13,42,35,28,5,49,40,46,48,20,21,30,37,44,38,29,8,19,27,7,33,11,2,15,26,4,
1349,65.88684582710266,69700.40168,58001.14300000001,0,25,14,31,22,12,47,36,43,6,45,16,1,39,23,18,17,41,34,9,3,24,10,32,13,42,35,28,5,49,40,46,48,20,21,30,37,44,38,29,8,19,27,7,33,11,2,15,26,4,
1350,65.9228458404541,71409.97038666668,58001.14300000001,0,25,14,31,22,12,47,36,43,6,45,16,1,39,23,18,17,41,34,9,3,24,10,32,13,42,35,28,5,49,40,46,48,20,21,30,37,44,38,29,8,19,27,7,33,11,2,15,26,4,
1351,65.9588840007782,70925.16370666667,58001.14300000001,0,25,14,31,22,12,47,36,43,6,45,16,1,39,23,18,17,41,34,9,3,24,10,32,13,42,35,28,5,49,40,46,48,20,21,30,37,44,38,29,8,19,27,7,33,11,2,15,26,4,
1352,65.99987435340881,72173.57538666668,58001.14300000001,0,25,14,31,22,12,47,36,43,6,45,16,1,39,23,18,17,41,34,9,3,24,10,32,13,42,35,28,5,49,40,46,48,20,21,30,37,44,38,29,8,19,27,7,33,11,2,15,26,4,
1353,66.03390836715698,71895.26938666668,58001.14300000001,0,25,14,31,22,12,47,36,43,6,45,16,1,39,23,18,17,41,34,9,3,24,10,32,13,42,35,28,5,49,40,46,48,20,21,30,37,44,38,29,8,19,27,7,33,11,2,15,26,4,
1354,66.07090997695923,69771.40348000001,58001.14300000001,0,25,14,31,22,12,47,36,43,6,45,16,1,39,23,18,17,41,34,9,3,24,10,32,13,42,35,28,5,49,40,46,48,20,21,30,37,44,38,29,8,19,27,7,33,11,2,15,26,4,
1355,66.10690879821777,72354.45628000003,58001.14300000001,0,25,14,31,22,12,47,36,43,6,45,16,1,39,23,18,17,41,34,9,3,24,10,32,13,42,35,28,5,49,40,46,48,20,21,30,37,44,38,29,8,19,27,7,33,11,2,15,26,4,
1356,66.14486908912659,71993.45445333334,58001.14300000001,0,25,14,31,22,12,47,36,43,6,45,16,1,39,23,18,17,41,34,9,3,24,10,32,13,42,35,28,5,49,40,46,48,20,21,30,37,44,38,29,8,19,27,7,33,11,2,15,26,4,
1357,66.18286919593811,72586.13298666668,58001.14300000001,0,25,14,31,22,12,47,36,43,6,45,16,1,39,23,18,17,41,34,9,3,24,10,32,13,42,35,28,5,49,40,46,48,20,21,30,37,44,38,29,8,19,27,7,33,11,2,15,26,4,
1358,66.21886730194092,70833.68896000001,58001.14300000001,0,25,14,31,22,12,47,36,43,6,45,16,1,39,23,18,17,41,34,9,3,24,10,32,13,42,35,28,5,49,40,46,48,20,21,30,37,44,38,29,8,19,27,7,33,11,2,15,26,4,
1359,66.25682663917542,70539.90454666667,58001.14300000001,0,25,14,31,22,12,47,36,43,6,45,16,1,39,23,18,17,41,34,9,3,24,10,32,13,42,35,28,5,49,40,46,48,20,21,30,37,44,38,29,8,19,27,7,33,11,2,15,26,4,
1360,66.29482531547546,69836.80365333335,58001.14300000001,0,25,14,31,22,12,47,36,43,6,45,16,1,39,23,18,17,41,34,9,3,24,10,32,13,42,35,28,5,49,40,46,48,20,21,30,37,44,38,29,8,19,27,7,33,11,2,15,26,4,
1361,66.33087491989136,69085.72636000002,58001.14300000001,0,25,14,31,22,12,47,36,43,6,45,16,1,39,23,18,17,41,34,9,3,24,10,32,13,42,35,28,5,49,40,46,48,20,21,30,37,44,38,29,8,19,27,7,33,11,2,15,26,4,
1362,66.36683416366577,68108.44198666669,58001.14300000001,0,25,14,31,22,12,47,36,43,6,45,16,1,39,23,18,17,41,34,9,3,24,10,32,13,42,35,28,5,49,40,46,48,20,21,30,37,44,38,29,8,19,27,7,33,11,2,15,26,4,
1363,66.40284776687622,69619.30036000001,58001.14300000001,0,25,14,31,22,12,47,36,43,6,45,16,1,39,23,18,17,41,34,9,3,24,10,32,13,42,35,28,5,49,40,46,48,20,21,30,37,44,38,29,8,19,27,7,33,11,2,15,26,4,
1364,66.44086074829102,69857.79700000002,58001.14300000001,0,25,14,31,22,12,47,36,43,6,45,16,1,39,23,18,17,41,34,9,3,24,10,32,13,42,35,28,5,49,40,46,48,20,21,30,37,44,38,29,8,19,27,7,33,11,2,15,26,4,
1365,66.48182201385498,69507.96281333335,58001.14300000001,0,25,14,31,22,12,47,36,43,6,45,16,1,39,23,18,17,41,34,9,3,24,10,32,13,42,35,28,5,49,40,46,48,20,21,30,37,44,38,29,8,19,27,7,33,11,2,15,26,4,
1366,66.52082228660583,69867.49368000001,58001.14300000001,0,25,14,31,22,12,47,36,43,6,45,16,1,39,23,18,17,41,34,9,3,24,10,32,13,42,35,28,5,49,40,46,48,20,21,30,37,44,38,29,8,19,27,7,33,11,2,15,26,4,
1367,66.5598726272583,70972.58853333336,58001.14300000001,0,25,14,31,22,12,47,36,43,6,45,16,1,39,23,18,17,41,34,9,3,24,10,32,13,42,35,28,5,49,40,46,48,20,21,30,37,44,38,29,8,19,27,7,33,11,2,15,26,4,
1368,66.59692931175232,73631.79877333334,58001.14300000001,0,25,14,31,22,12,47,36,43,6,45,16,1,39,23,18,17,41,34,9,3,24,10,32,13,42,35,28,5,49,40,46,48,20,21,30,37,44,38,29,8,19,27,7,33,11,2,15,26,4,
1369,66.63392734527588,70824.73017333333,58001.14300000001,0,25,14,31,22,12,47,36,43,6,45,16,1,39,23,18,17,41,34,9,3,24,10,32,13,42,35,28,5,49,40,46,48,20,21,30,37,44,38,29,8,19,27,7,33,11,2,15,26,4,
1370,66.67095947265625,69850.98053333334,58001.14300000001,0,25,14,31,22,12,47,36,43,6,45,16,1,39,23,18,17,41,34,9,3,24,10,32,13,42,35,28,5,49,40,46,48,20,21,30,37,44,38,29,8,19,27,7,33,11,2,15,26,4,
1371,66.7080180644989,71713.22709333333,58001.14300000001,0,25,14,31,22,12,47,36,43,6,45,16,1,39,23,18,17,41,34,9,3,24,10,32,13,42,35,28,5,49,40,46,48,20,21,30,37,44,38,29,8,19,27,7,33,11,2,15,26,4,
1372,66.74598145484924,71852.58473333332,58001.14300000001,0,25,14,31,22,12,47,36,43,6,45,16,1,39,23,18,17,41,34,9,3,24,10,32,13,42,35,28,5,49,40,46,48,20,21,30,37,44,38,29,8,19,27,7,33,11,2,15,26,4,
1373,66.78203248977661,69886.19704000001,58001.14300000001,0,25,14,31,22,12,47,36,43,6,45,16,1,39,23,18,17,41,34,9,3,24,10,32,13,42,35,28,5,49,40,46,48,20,21,30,37,44,38,29,8,19,27,7,33,11,2,15,26,4,
1374,66.81903600692749,68790.53952,58001.14300000001,0,25,14,31,22,12,47,36,43,6,45,16,1,39,23,18,17,41,34,9,3,24,10,32,13,42,35,28,5,49,40,46,48,20,21,30,37,44,38,29,8,19,27,7,33,11,2,15,26,4,
1375,66.85604548454285,68923.90390666669,58001.14300000001,0,25,14,31,22,12,47,36,43,6,45,16,1,39,23,18,17,41,34,9,3,24,10,32,13,42,35,28,5,49,40,46,48,20,21,30,37,44,38,29,8,19,27,7,33,11,2,15,26,4,
1376,66.89309453964233,70192.12672000001,58001.14300000001,0,25,14,31,22,12,47,36,43,6,45,16,1,39,23,18,17,41,34,9,3,24,10,32,13,42,35,28,5,49,40,46,48,20,21,30,37,44,38,29,8,19,27,7,33,11,2,15,26,4,
1377,66.93009185791016,70144.57225333335,58001.14300000001,0,25,14,31,22,12,47,36,43,6,45,16,1,39,23,18,17,41,34,9,3,24,10,32,13,42,35,28,5,49,40,46,48,20,21,30,37,44,38,29,8,19,27,7,33,11,2,15,26,4,
1378,66.96714472770691,71431.37508000003,58001.14300000001,0,25,14,31,22,12,47,36,43,6,45,16,1,39,23,18,17,41,34,9,3,24,10,32,13,42,35,28,5,49,40,46,48,20,21,30,37,44,38,29,8,19,27,7,33,11,2,15,26,4,
1379,67.0041253566742,72027.96154666669,58001.14300000001,0,25,14,31,22,12,47,36,43,6,45,16,1,39,23,18,17,41,34,9,3,24,10,32,13,42,35,28,5,49,40,46,48,20,21,30,37,44,38,29,8,19,27,7,33,11,2,15,26,4,
1380,67.04212141036987,70732.00101333336,58001.14300000001,0,25,14,31,22,12,47,36,43,6,45,16,1,39,23,18,17,41,34,9,3,24,10,32,13,42,35,28,5,49,40,46,48,20,21,30,37,44,38,29,8,19,27,7,33,11,2,15,26,4,
1381,67.07811975479126,70908.8369066667,58001.14300000001,0,25,14,31,22,12,47,36,43,6,45,16,1,39,23,18,17,41,34,9,3,24,10,32,13,42,35,28,5,49,40,46,48,20,21,30,37,44,38,29,8,19,27,7,33,11,2,15,26,4,
1382,67.11512613296509,70813.65381333335,58001.14300000001,0,25,14,31,22,12,47,36,43,6,45,16,1,39,23,18,17,41,34,9,3,24,10,32,13,42,35,28,5,49,40,46,48,20,21,30,37,44,38,29,8,19,27,7,33,11,2,15,26,4,
1383,67.15117812156677,70636.40817333336,58001.14300000001,0,25,14,31,22,12,47,36,43,6,45,16,1,39,23,18,17,41,34,9,3,24,10,32,13,42,35,28,5,49,40,46,48,20,21,30,37,44,38,29,8,19,27,7,33,11,2,15,26,4,
1384,67.18714189529419,69146.37904000001,58001.14300000001,0,25,14,31,22,12,47,36,43,6,45,16,1,39,23,18,17,41,34,9,3,24,10,32,13,42,35,28,5,49,40,46,48,20,21,30,37,44,38,29,8,19,27,7,33,11,2,15,26,4,
1385,67.22310590744019,68524.49189333334,58001.14300000001,0,25,14,31,22,12,47,36,43,6,45,16,1,39,23,18,17,41,34,9,3,24,10,32,13,42,35,28,5,49,40,46,48,20,21,30,37,44,38,29,8,19,27,7,33,11,2,15,26,4,
1386,67.26206636428833,70230.75809333335,58001.14300000001,0,25,14,31,22,12,47,36,43,6,45,16,1,39,23,18,17,41,34,9,3,24,10,32,13,42,35,28,5,49,40,46,48,20,21,30,37,44,38,29,8,19,27,7,33,11,2,15,26,4,
1387,67.29902267456055,73038.07614666667,58001.14300000001,0,25,14,31,22,12,47,36,43,6,45,16,1,39,23,18,17,41,34,9,3,24,10,32,13,42,35,28,5,49,40,46,48,20,21,30,37,44,38,29,8,19,27,7,33,11,2,15,26,4,
1388,67.33702182769775,68832.62228000001,58001.14300000001,0,25,14,31,22,12,47,36,43,6,45,16,1,39,23,18,17,41,34,9,3,24,10,32,13,42,35,28,5,49,40,46,48,20,21,30,37,44,38,29,8,19,27,7,33,11,2,15,26,4,
1389,67.37502026557922,68105.68309333334,58001.14300000001,0,25,14,31,22,12,47,36,43,6,45,16,1,39,23,18,17,41,34,9,3,24,10,32,13,42,35,28,5,49,40,46,48,20,21,30,37,44,38,29,8,19,27,7,33,11,2,15,26,4,
1390,67.4120581150055,70618.11345333334,58001.14300000001,0,25,14,31,22,12,47,36,43,6,45,16,1,39,23,18,17,41,34,9,3,24,10,32,13,42,35,28,5,49,40,46,48,20,21,30,37,44,38,29,8,19,27,7,33,11,2,15,26,4,
1391,67.44906854629517,69646.71177333334,58001.14300000001,0,25,14,31,22,12,47,36,43,6,45,16,1,39,23,18,17,41,34,9,3,24,10,32,13,42,35,28,5,49,40,46,48,20,21,30,37,44,38,29,8,19,27,7,33,11,2,15,26,4,
1392,67.4870707988739,69594.34817333336,58001.14300000001,0,25,14,31,22,12,47,36,43,6,45,16,1,39,23,18,17,41,34,9,3,24,10,32,13,42,35,28,5,49,40,46,48,20,21,30,37,44,38,29,8,19,27,7,33,11,2,15,26,4,
1393,67.523029088974,68872.14350666669,58001.14300000001,0,25,14,31,22,12,47,36,43,6,45,16,1,39,23,18,17,41,34,9,3,24,10,32,13,42,35,28,5,49,40,46,48,20,21,30,37,44,38,29,8,19,27,7,33,11,2,15,26,4,
1394,67.55806541442871,70688.86369333335,58001.14300000001,0,25,14,31,22,12,47,36,43,6,45,16,1,39,23,18,17,41,34,9,3,24,10,32,13,42,35,28,5,49,40,46,48,20,21,30,37,44,38,29,8,19,27,7,33,11,2,15,26,4,
1395,67.59611630439758,69836.57744000001,58001.14300000001,0,25,14,31,22,12,47,36,43,6,45,16,1,39,23,18,17,41,34,9,3,24,10,32,13,42,35,28,5,49,40,46,48,20,21,30,37,44,38,29,8,19,27,7,33,11,2,15,26,4,
1396,67.63208270072937,70143.95857333337,58001.14300000001,0,25,14,31,22,12,47,36,43,6,45,16,1,39,23,18,17,41,34,9,3,24,10,32,13,42,35,28,5,49,40,46,48,20,21,30,37,44,38,29,8,19,27,7,33,11,2,15,26,4,
1397,67.69608068466187,71419.83305333336,58001.14300000001,0,25,14,31,22,12,47,36,43,6,45,16,1,39,23,18,17,41,34,9,3,24,10,32,13,42,35,28,5,49,40,46,48,20,21,30,37,44,38,29,8,19,27,7,33,11,2,15,26,4,
1398,67.73611903190613,71888.32320000001,58001.14300000001,0,25,14,31,22,12,47,36,43,6,45,16,1,39,23,18,17,41,34,9,3,24,10,32,13,42,35,28,5,49,40,46,48,20,21,30,37,44,38,29,8,19,27,7,33,11,2,15,26,4,
1399,70.23108243942261,70903.08790666668,58001.14300000001,0,25,14,31,22,12,47,36,43,6,45,16,1,39,23,18,17,41,34,9,3,24,10,32,13,42,35,28,5,49,40,46,48,20,21,30,37,44,38,29,8,19,27,7,33,11,2,15,26,4,
1400,70.26908040046692,69058.53542666667,58001.14300000001,0,25,14,31,22,12,47,36,43,6,45,16,1,39,23,18,17,41,34,9,3,24,10,32,13,42,35,28,5,49,40,46,48,20,21,30,37,44,38,29,8,19,27,7,33,11,2,15,26,4,
1401,70.30607891082764,69760.12605333334,58001.14300000001,0,25,14,31,22,12,47,36,43,6,45,16,1,39,23,18,17,41,34,9,3,24,10,32,13,42,35,28,5,49,40,46,48,20,21,30,37,44,38,29,8,19,27,7,33,11,2,15,26,4,
1402,70.34403419494629,70093.67485333334,58001.14300000001,0,25,14,31,22,12,47,36,43,6,45,16,1,39,23,18,17,41,34,9,3,24,10,32,13,42,35,28,5,49,40,46,48,20,21,30,37,44,38,29,8,19,27,7,33,11,2,15,26,4,
1403,70.38103771209717,72224.40548000002,58001.14300000001,0,25,14,31,22,12,47,36,43,6,45,16,1,39,23,18,17,41,34,9,3,24,10,32,13,42,35,28,5,49,40,46,48,20,21,30,37,44,38,29,8,19,27,7,33,11,2,15,26,4,
1404,70.41707730293274,70125.80586666668,58001.14300000001,0,25,14,31,22,12,47,36,43,6,45,16,1,39,23,18,17,41,34,9,3,24,10,32,13,42,35,28,5,49,40,46,48,20,21,30,37,44,38,29,8,19,27,7,33,11,2,15,26,4,
1405,70.45407629013062,71822.18332000001,58001.14300000001,0,25,14,31,22,12,47,36,43,6,45,16,1,39,23,18,17,41,34,9,3,24,10,32,13,42,35,28,5,49,40,46,48,20,21,30,37,44,38,29,8,19,27,7,33,11,2,15,26,4,
1406,70.49107694625854,70055.15601333336,58001.14300000001,0,25,14,31,22,12,47,36,43,6,45,16,1,39,23,18,17,41,34,9,3,24,10,32,13,42,35,28,5,49,40,46,48,20,21,30,37,44,38,29,8,19,27,7,33,11,2,15,26,4,
1407,70.52903532981873,69336.76785333335,58001.14300000001,0,25,14,31,22,12,47,36,43,6,45,16,1,39,23,18,17,41,34,9,3,24,10,32,13,42,35,28,5,49,40,46,48,20,21,30,37,44,38,29,8,19,27,7,33,11,2,15,26,4,
1408,70.56604504585266,70846.23490666668,58001.14300000001,0,25,14,31,22,12,47,36,43,6,45,16,1,39,23,18,17,41,34,9,3,24,10,32,13,42,35,28,5,49,40,46,48,20,21,30,37,44,38,29,8,19,27,7,33,11,2,15,26,4,
1409,70.60404443740845,68482.94018666667,58001.14300000001,0,25,14,31,22,12,47,36,43,6,45,16,1,39,23,18,17,41,34,9,3,24,10,32,13,42,35,28,5,49,40,46,48,20,21,30,37,44,38,29,8,19,27,7,33,11,2,15,26,4,
1410,70.64100790023804,68037.91074666668,58001.14300000001,0,25,14,31,22,12,47,36,43,6,45,16,1,39,23,18,17,41,34,9,3,24,10,32,13,42,35,28,5,49,40,46,48,20,21,30,37,44,38,29,8,19,27,7,33,11,2,15,26,4,
1411,70.67704606056213,69031.07834666668,58001.14300000001,0,25,14,31,22,12,47,36,43,6,45,16,1,39,23,18,17,41,34,9,3,24,10,32,13,42,35,28,5,49,40,46,48,20,21,30,37,44,38,29,8,19,27,7,33,11,2,15,26,4,
1412,70.71308588981628,71531.11090666668,58001.14300000001,0,25,14,31,22,12,47,36,43,6,45,16,1,39,23,18,17,41,34,9,3,24,10,32,13,42,35,28,5,49,40,46,48,20,21,30,37,44,38,29,8,19,27,7,33,11,2,15,26,4,
1413,70.75204801559448,71682.0546,58001.14300000001,0,25,14,31,22,12,47,36,43,6,45,16,1,39,23,18,17,41,34,9,3,24,10,32,13,42,35,28,5,49,40,46,48,20,21,30,37,44,38,29,8,19,27,7,33,11,2,15,26,4,
1414,70.7890465259552,70907.70846666668,58001.14300000001,0,25,14,31,22,12,47,36,43,6,45,16,1,39,23,18,17,41,34,9,3,24,10,32,13,42,35,28,5,49,40,46,48,20,21,30,37,44,38,29,8,19,27,7,33,11,2,15,26,4,
1415,70.82700991630554,71397.16266666669,58001.14300000001,0,25,14,31,22,12,47,36,43,6,45,16,1,39,23,18,17,41,34,9,3,24,10,32,13,42,35,28,5,49,40,46,48,20,21,30,37,44,38,29,8,19,27,7,33,11,2,15,26,4,
1416,70.86497044563293,71780.15242666667,58001.14300000001,0,25,14,31,22,12,47,36,43,6,45,16,1,39,23,18,17,41,34,9,3,24,10,32,13,42,35,28,5,49,40,46,48,20,21,30,37,44,38,29,8,19,27,7,33,11,2,15,26,4,
1417,70.90295815467834,71779.46897333334,58001.14300000001,0,25,14,31,22,12,47,36,43,6,45,16,1,39,23,18,17,41,34,9,3,24,10,32,13,42,35,28,5,49,40,46,48,20,21,30,37,44,38,29,8,19,27,7,33,11,2,15,26,4,
1418,70.93995952606201,75102.04430666668,58001.14300000001,0,25,14,31,22,12,47,36,43,6,45,16,1,39,23,18,17,41,34,9,3,24,10,32,13,42,35,28,5,49,40,46,48,20,21,30,37,44,38,29,8,19,27,7,33,11,2,15,26,4,
1419,70.97697114944458,73197.66394666668,58001.14300000001,0,25,14,31,22,12,47,36,43,6,45,16,1,39,23,18,17,41,34,9,3,24,10,32,13,42,35,28,5,49,40,46,48,20,21,30,37,44,38,29,8,19,27,7,33,11,2,15,26,4,
1420,71.01397037506104,74077.74837333336,58001.14300000001,0,25,14,31,22,12,47,36,43,6,45,16,1,39,23,18,17,41,34,9,3,24,10,32,13,42,35,28,5,49,40,46,48,20,21,30,37,44,38,29,8,19,27,7,33,11,2,15,26,4,
1421,71.05193328857422,74539.32669333337,58001.14300000001,0,25,14,31,22,12,47,36,43,6,45,16,1,39,23,18,17,41,34,9,3,24,10,32,13,42,35,28,5,49,40,46,48,20,21,30,37,44,38,29,8,19,27,7,33,11,2,15,26,4,
1422,71.09093356132507,72536.33861333337,58001.14300000001,0,25,14,31,22,12,47,36,43,6,45,16,1,39,23,18,17,41,34,9,3,24,10,32,13,42,35,28,5,49,40,46,48,20,21,30,37,44,38,29,8,19,27,7,33,11,2,15,26,4,
1423,71.1309335231781,70513.56424000004,58001.14300000001,0,25,14,31,22,12,47,36,43,6,45,16,1,39,23,18,17,41,34,9,3,24,10,32,13,42,35,28,5,49,40,46,48,20,21,30,37,44,38,29,8,19,27,7,33,11,2,15,26,4,
1424,71.16890239715576,72068.13081333334,58001.14300000001,0,25,14,31,22,12,47,36,43,6,45,16,1,39,23,18,17,41,34,9,3,24,10,32,13,42,35,28,5,49,40,46,48,20,21,30,37,44,38,29,8,19,27,7,33,11,2,15,26,4,
1425,71.20790386199951,72160.1386266667,58001.14300000001,0,25,14,31,22,12,47,36,43,6,45,16,1,39,23,18,17,41,34,9,3,24,10,32,13,42,35,28,5,49,40,46,48,20,21,30,37,44,38,29,8,19,27,7,33,11,2,15,26,4,
1426,71.24390578269958,75184.74210666667,58001.14300000001,0,25,14,31,22,12,47,36,43,6,45,16,1,39,23,18,17,41,34,9,3,24,10,32,13,42,35,28,5,49,40,46,48,20,21,30,37,44,38,29,8,19,27,7,33,11,2,15,26,4,
1427,71.27992343902588,72057.97846666668,58001.14300000001,0,25,14,31,22,12,47,36,43,6,45,16,1,39,23,18,17,41,34,9,3,24,10,32,13,42,35,28,5,49,40,46,48,20,21,30,37,44,38,29,8,19,27,7,33,11,2,15,26,4,
1428,71.31692242622375,68725.4667066667,58001.14300000001,0,25,14,31,22,12,47,36,43,6,45,16,1,39,23,18,17,41,34,9,3,24,10,32,13,42,35,28,5,49,40,46,48,20,21,30,37,44,38,29,8,19,27,7,33,11,2,15,26,4,
1429,71.35392045974731,69785.47970666668,58001.14300000001,0,25,14,31,22,12,47,36,43,6,45,16,1,39,23,18,17,41,34,9,3,24,10,32,13,42,35,28,5,49,40,46,48,20,21,30,37,44,38,29,8,19,27,7,33,11,2,15,26,4,
1430,71.39087772369385,69683.39237333336,58001.14300000001,0,25,14,31,22,12,47,36,43,6,45,16,1,39,23,18,17,41,34,9,3,24,10,32,13,42,35,28,5,49,40,46,48,20,21,30,37,44,38,29,8,19,27,7,33,11,2,15,26,4,
1431,71.42787575721741,68208.55704000003,58001.14300000001,0,25,14,31,22,12,47,36,43,6,45,16,1,39,23,18,17,41,34,9,3,24,10,32,13,42,35,28,5,49,40,46,48,20,21,30,37,44,38,29,8,19,27,7,33,11,2,15,26,4,
1432,71.46391487121582,69692.40700000002,58001.14300000001,0,25,14,31,22,12,47,36,43,6,45,16,1,39,23,18,17,41,34,9,3,24,10,32,13,42,35,28,5,49,40,46,48,20,21,30,37,44,38,29,8,19,27,7,33,11,2,15,26,4,
1433,71.5009138584137,70753.03329333336,58001.14300000001,0,25,14,31,22,12,47,36,43,6,45,16,1,39,23,18,17,41,34,9,3,24,10,32,13,42,35,28,5,49,40,46,48,20,21,30,37,44,38,29,8,19,27,7,33,11,2,15,26,4,
1434,71.53687787055969,71533.39592000001,58001.14300000001,0,25,14,31,22,12,47,36,43,6,45,16,1,39,23,18,17,41,34,9,3,24,10,32,13,42,35,28,5,49,40,46,48,20,21,30,37,44,38,29,8,19,27,7,33,11,2,15,26,4,
1435,71.57488942146301,72329.27929333334,58001.14300000001,0,25,14,31,22,12,47,36,43,6,45,16,1,39,23,18,17,41,34,9,3,24,10,32,13,42,35,28,5,49,40,46,48,20,21,30,37,44,38,29,8,19,27,7,33,11,2,15,26,4,
1436,71.61188793182373,70511.81814666667,58001.14300000001,0,25,14,31,22,12,47,36,43,6,45,16,1,39,23,18,17,41,34,9,3,24,10,32,13,42,35,28,5,49,40,46,48,20,21,30,37,44,38,29,8,19,27,7,33,11,2,15,26,4,
1437,71.64892649650574,70928.15729333337,58001.14300000001,0,25,14,31,22,12,47,36,43,6,45,16,1,39,23,18,17,41,34,9,3,24,10,32,13,42,35,28,5,49,40,46,48,20,21,30,37,44,38,29,8,19,27,7,33,11,2,15,26,4,
1438,71.69392967224121,71094.15836000003,58001.14300000001,0,25,14,31,22,12,47,36,43,6,45,16,1,39,23,18,17,41,34,9,3,24,10,32,13,42,35,28,5,49,40,46,48,20,21,30,37,44,38,29,8,19,27,7,33,11,2,15,26,4,
1439,71.7308886051178,71379.80165333334,58001.14300000001,0,25,14,31,22,12,47,36,43,6,45,16,1,39,23,18,17,41,34,9,3,24,10,32,13,42,35,28,5,49,40,46,48,20,21,30,37,44,38,29,8,19,27,7,33,11,2,15,26,4,
1440,71.76689863204956,70544.72649333334,58001.14300000001,0,25,14,31,22,12,47,36,43,6,45,16,1,39,23,18,17,41,34,9,3,24,10,32,13,42,35,28,5,49,40,46,48,20,21,30,37,44,38,29,8,19,27,7,33,11,2,15,26,4,
1441,71.80490636825562,72231.57672000001,58001.14300000001,0,25,14,31,22,12,47,36,43,6,45,16,1,39,23,18,17,41,34,9,3,24,10,32,13,42,35,28,5,49,40,46,48,20,21,30,37,44,38,29,8,19,27,7,33,11,2,15,26,4,
1442,71.84190630912781,71576.61896,58001.14300000001,0,25,14,31,22,12,47,36,43,6,45,16,1,39,23,18,17,41,34,9,3,24,10,32,13,42,35,28,5,49,40,46,48,20,21,30,37,44,38,29,8,19,27,7,33,11,2,15,26,4,
1443,71.87890696525574,71116.85053333335,58001.14300000001,0,25,14,31,22,12,47,36,43,6,45,16,1,39,23,18,17,41,34,9,3,24,10,32,13,42,35,28,5,49,40,46,48,20,21,30,37,44,38,29,8,19,27,7,33,11,2,15,26,4,
1444,71.91586470603943,71131.00334666668,58001.14300000001,0,25,14,31,22,12,47,36,43,6,45,16,1,39,23,18,17,41,34,9,3,24,10,32,13,42,35,28,5,49,40,46,48,20,21,30,37,44,38,29,8,19,27,7,33,11,2,15,26,4,
1445,71.95186495780945,72635.39468000001,58001.14300000001,0,25,14,31,22,12,47,36,43,6,45,16,1,39,23,18,17,41,34,9,3,24,10,32,13,42,35,28,5,49,40,46,48,20,21,30,37,44,38,29,8,19,27,7,33,11,2,15,26,4,
1446,71.98786616325378,71044.29850666667,58001.14300000001,0,25,14,31,22,12,47,36,43,6,45,16,1,39,23,18,17,41,34,9,3,24,10,32,13,42,35,28,5,49,40,46,48,20,21,30,37,44,38,29,8,19,27,7,33,11,2,15,26,4,
1447,72.02587175369263,70608.56462666667,58001.14300000001,0,25,14,31,22,12,47,36,43,6,45,16,1,39,23,18,17,41,34,9,3,24,10,32,13,42,35,28,5,49,40,46,48,20,21,30,37,44,38,29,8,19,27,7,33,11,2,15,26,4,
1448,72.06183242797852,69980.14853333334,58001.14300000001,0,25,14,31,22,12,47,36,43,6,45,16,1,39,23,18,17,41,34,9,3,24,10,32,13,42,35,28,5,49,40,46,48,20,21,30,37,44,38,29,8,19,27,7,33,11,2,15,26,4,
1449,72.0977942943573,71527.87222666669,58001.14300000001,0,25,14,31,22,12,47,36,43,6,45,16,1,39,23,18,17,41,34,9,3,24,10,32,13,42,35,28,5,49,40,46,48,20,21,30,37,44,38,29,8,19,27,7,33,11,2,15,26,4,
1450,72.1347541809082,74145.26018666667,58001.14300000001,0,25,14,31,22,12,47,36,43,6,45,16,1,39,23,18,17,41,34,9,3,24,10,32,13,42,35,28,5,49,40,46,48,20,21,30,37,44,38,29,8,19,27,7,33,11,2,15,26,4,
1451,72.17179274559021,73812.12409333335,58001.14300000001,0,25,14,31,22,12,47,36,43,6,45,16,1,39,23,18,17,41,34,9,3,24,10,32,13,42,35,28,5,49,40,46,48,20,21,30,37,44,38,29,8,19,27,7,33,11,2,15,26,4,
1452,72.20979022979736,72969.56452000001,58001.14300000001,0,25,14,31,22,12,47,36,43,6,45,16,1,39,23,18,17,41,34,9,3,24,10,32,13,42,35,28,5,49,40,46,48,20,21,30,37,44,38,29,8,19,27,7,33,11,2,15,26,4,
1453,72.24878859519958,73411.88441333335,58001.14300000001,0,25,14,31,22,12,47,36,43,6,45,16,1,39,23,18,17,41,34,9,3,24,10,32,13,42,35,28,5,49,40,46,48,20,21,30,37,44,38,29,8,19,27,7,33,11,2,15,26,4,
1454,72.28474879264832,73585.50838666667,58001.14300000001,0,25,14,31,22,12,47,36,43,6,45,16,1,39,23,18,17,41,34,9,3,24,10,32,13,42,35,28,5,49,40,46,48,20,21,30,37,44,38,29,8,19,27,7,33,11,2,15,26,4,
1455,72.32275795936584,71665.46801333335,58001.14300000001,0,25,14,31,22,12,47,36,43,6,45,16,1,39,23,18,17,41,34,9,3,24,10,32,13,42,35,28,5,49,40,46,48,20,21,30,37,44,38,29,8,19,27,7,33,11,2,15,26,4,
1456,72.36075568199158,73558.34842666666,58001.14300000001,0,25,14,31,22,12,47,36,43,6,45,16,1,39,23,18,17,41,34,9,3,24,10,32,13,42,35,28,5,49,40,46,48,20,21,30,37,44,38,29,8,19,27,7,33,11,2,15,26,4,
1457,72.39775586128235,73722.03117333334,58001.14300000001,0,25,14,31,22,12,47,36,43,6,45,16,1,39,23,18,17,41,34,9,3,24,10,32,13,42,35,28,5,49,40,46,48,20,21,30,37,44,38,29,8,19,27,7,33,11,2,15,26,4,
1458,72.43475461006165,72890.07064000002,58001.14300000001,0,25,14,31,22,12,47,36,43,6,45,16,1,39,23,18,17,41,34,9,3,24,10,32,13,42,35,28,5,49,40,46,48,20,21,30,37,44,38,29,8,19,27,7,33,11,2,15,26,4,
1459,72.47275471687317,73135.51613333334,58001.14300000001,0,25,14,31,22,12,47,36,43,6,45,16,1,39,23,18,17,41,34,9,3,24,10,32,13,42,35,28,5,49,40,46,48,20,21,30,37,44,38,29,8,19,27,7,33,11,2,15,26,4,
1460,72.50875282287598,76089.27136000001,58001.14300000001,0,25,14,31,22,12,47,36,43,6,45,16,1,39,23,18,17,41,34,9,3,24,10,32,13,42,35,28,5,49,40,46,48,20,21,30,37,44,38,29,8,19,27,7,33,11,2,15,26,4,
1461,72.54673886299133,74681.33776000002,58001.14300000001,0,25,14,31,22,12,47,36,43,6,45,16,1,39,23,18,17,41,34,9,3,24,10,32,13,42,35,28,5,49,40,46,48,20,21,30,37,44,38,29,8,19,27,7,33,11,2,15,26,4,
1462,72.58473992347717,71323.05674666668,58001.14300000001,0,25,14,31,22,12,47,36,43,6,45,16,1,39,23,18,17,41,34,9,3,24,10,32,13,42,35,28,5,49,40,46,48,20,21,30,37,44,38,29,8,19,27,7,33,11,2,15,26,4,
1463,72.62373924255371,74892.99482666668,58001.14300000001,0,25,14,31,22,12,47,36,43,6,45,16,1,39,23,18,17,41,34,9,3,24,10,32,13,42,35,28,5,49,40,46,48,20,21,30,37,44,38,29,8,19,27,7,33,11,2,15,26,4,
1464,72.66073751449585,70287.03872000003,58001.14300000001,0,25,14,31,22,12,47,36,43,6,45,16,1,39,23,18,17,41,34,9,3,24,10,32,13,42,35,28,5,49,40,46,48,20,21,30,37,44,38,29,8,19,27,7,33,11,2,15,26,4,
1465,72.69873929023743,70650.68465333334,58001.14300000001,0,25,14,31,22,12,47,36,43,6,45,16,1,39,23,18,17,41,34,9,3,24,10,32,13,42,35,28,5,49,40,46,48,20,21,30,37,44,38,29,8,19,27,7,33,11,2,15,26,4,
1466,72.73573851585388,70174.47342666666,58001.14300000001,0,25,14,31,22,12,47,36,43,6,45,16,1,39,23,18,17,41,34,9,3,24,10,32,13,42,35,28,5,49,40,46,48,20,21,30,37,44,38,29,8,19,27,7,33,11,2,15,26,4,
1467,72.77173662185669,71069.07932000002,58001.14300000001,0,25,14,31,22,12,47,36,43,6,45,16,1,39,23,18,17,41,34,9,3,24,10,32,13,42,35,28,5,49,40,46,48,20,21,30,37,44,38,29,8,19,27,7,33,11,2,15,26,4,
1468,72.81073498725891,69597.42702666667,58001.14300000001,0,25,14,31,22,12,47,36,43,6,45,16,1,39,23,18,17,41,34,9,3,24,10,32,13,42,35,28,5,49,40,46,48,20,21,30,37,44,38,29,8,19,27,7,33,11,2,15,26,4,
1469,72.84773278236389,69166.30616000002,58001.14300000001,0,25,14,31,22,12,47,36,43,6,45,16,1,39,23,18,17,41,34,9,3,24,10,32,13,42,35,28,5,49,40,46,48,20,21,30,37,44,38,29,8,19,27,7,33,11,2,15,26,4,
1470,72.8847303390503,72574.36180000003,58001.14300000001,0,25,14,31,22,12,47,36,43,6,45,16,1,39,23,18,17,41,34,9,3,24,10,32,13,42,35,28,5,49,40,46,48,20,21,30,37,44,38,29,8,19,27,7,33,11,2,15,26,4,
1471,72.92273211479187,70940.6996,58001.14300000001,0,25,14,31,22,12,47,36,43,6,45,16,1,39,23,18,17,41,34,9,3,24,10,32,13,42,35,28,5,49,40,46,48,20,21,30,37,44,38,29,8,19,27,7,33,11,2,15,26,4,
1472,72.95873737335205,71909.3666666667,58001.14300000001,0,25,14,31,22,12,47,36,43,6,45,16,1,39,23,18,17,41,34,9,3,24,10,32,13,42,35,28,5,49,40,46,48,20,21,30,37,44,38,29,8,19,27,7,33,11,2,15,26,4,
1473,72.99669647216797,70849.96053333335,58001.14300000001,0,25,14,31,22,12,47,36,43,6,45,16,1,39,23,18,17,41,34,9,3,24,10,32,13,42,35,28,5,49,40,46,48,20,21,30,37,44,38,29,8,19,27,7,33,11,2,15,26,4,
1474,73.0326943397522,73016.08800000002,58001.14300000001,0,25,14,31,22,12,47,36,43,6,45,16,1,39,23,18,17,41,34,9,3,24,10,32,13,42,35,28,5,49,40,46,48,20,21,30,37,44,38,29,8,19,27,7,33,11,2,15,26,4,
1475,73.07169246673584,70459.87664000002,58001.14300000001,0,25,14,31,22,12,47,36,43,6,45,16,1,39,23,18,17,41,34,9,3,24,10,32,13,42,35,28,5,49,40,46,48,20,21,30,37,44,38,29,8,19,27,7,33,11,2,15,26,4,
1476,73.10973072052002,69504.18722666669,58001.14300000001,0,25,14,31,22,12,47,36,43,6,45,16,1,39,23,18,17,41,34,9,3,24,10,32,13,42,35,28,5,49,40,46,48,20,21,30,37,44,38,29,8,19,27,7,33,11,2,15,26,4,
1477,73.14776921272278,70660.12641333335,58001.14300000001,0,25,14,31,22,12,47,36,43,6,45,16,1,39,23,18,17,41,34,9,3,24,10,32,13,42,35,28,5,49,40,46,48,20,21,30,37,44,38,29,8,19,27,7,33,11,2,15,26,4,
1478,73.18576788902283,72485.64520000001,58001.14300000001,0,25,14,31,22,12,47,36,43,6,45,16,1,39,23,18,17,41,34,9,3,24,10,32,13,42,35,28,5,49,40,46,48,20,21,30,37,44,38,29,8,19,27,7,33,11,2,15,26,4,
1479,73.2208046913147,70511.88364000003,58001.14300000001,0,25,14,31,22,12,47,36,43,6,45,16,1,39,23,18,17,41,34,9,3,24,10,32,13,42,35,28,5,49,40,46,48,20,21,30,37,44,38,29,8,19,27,7,33,11,2,15,26,4,
1480,73.2578432559967,69210.24222666668,58001.14300000001,0,25,14,31,22,12,47,36,43,6,45,16,1,39,23,18,17,41,34,9,3,24,10,32,13,42,35,28,5,49,40,46,48,20,21,30,37,44,38,29,8,19,27,7,33,11,2,15,26,4,
1481,73.29584002494812,70557.66253333336,58001.14300000001,0,25,14,31,22,12,47,36,43,6,45,16,1,39,23,18,17,41,34,9,3,24,10,32,13,42,35,28,5,49,40,46,48,20,21,30,37,44,38,29,8,19,27,7,33,11,2,15,26,4,
1482,73.33184146881104,71919.30957333335,58001.14300000001,0,25,14,31,22,12,47,36,43,6,45,16,1,39,23,18,17,41,34,9,3,24,10,32,13,42,35,28,5,49,40,46,48,20,21,30,37,44,38,29,8,19,27,7,33,11,2,15,26,4,
1483,73.36687397956848,72365.10802666668,58001.14300000001,0,25,14,31,22,12,47,36,43,6,45,16,1,39,23,18,17,41,34,9,3,24,10,32,13,42,35,28,5,49,40,46,48,20,21,30,37,44,38,29,8,19,27,7,33,11,2,15,26,4,
1484,73.40392541885376,70023.96902666669,58001.14300000001,0,25,14,31,22,12,47,36,43,6,45,16,1,39,23,18,17,41,34,9,3,24,10,32,13,42,35,28,5,49,40,46,48,20,21,30,37,44,38,29,8,19,27,7,33,11,2,15,26,4,
1485,73.44192695617676,69085.39740000002,58001.14300000001,0,25,14,31,22,12,47,36,43,6,45,16,1,39,23,18,17,41,34,9,3,24,10,32,13,42,35,28,5,49,40,46,48,20,21,30,37,44,38,29,8,19,27,7,33,11,2,15,26,4,
1486,73.4779405593872,69817.08525333335,58001.14300000001,0,25,14,31,22,12,47,36,43,6,45,16,1,39,23,18,17,41,34,9,3,24,10,32,13,42,35,28,5,49,40,46,48,20,21,30,37,44,38,29,8,19,27,7,33,11,2,15,26,4,
1487,73.5139856338501,68406.36396000002,58001.14300000001,0,25,14,31,22,12,47,36,43,6,45,16,1,39,23,18,17,41,34,9,3,24,10,32,13,42,35,28,5,49,40,46,48,20,21,30,37,44,38,29,8,19,27,7,33,11,2,15,26,4,
1488,73.54994535446167,69472.93228000001,58001.14300000001,0,25,14,31,22,12,47,36,43,6,45,16,1,39,23,18,17,41,34,9,3,24,10,32,13,42,35,28,5,49,40,46,48,20,21,30,37,44,38,29,8,19,27,7,33,11,2,15,26,4,
1489,73.5869951248169,68083.96969333336,58001.14300000001,0,25,14,31,22,12,47,36,43,6,45,16,1,39,23,18,17,41,34,9,3,24,10,32,13,42,35,28,5,49,40,46,48,20,21,30,37,44,38,29,8,19,27,7,33,11,2,15,26,4,
1490,73.6240463256836,69471.06712000004,58001.14300000001,0,25,14,31,22,12,47,36,43,6,45,16,1,39,23,18,17,41,34,9,3,24,10,32,13,42,35,28,5,49,40,46,48,20,21,30,37,44,38,29,8,19,27,7,33,11,2,15,26,4,
1491,73.6630048751831,72016.17218666668,58001.14300000001,0,25,14,31,22,12,47,36,43,6,45,16,1,39,23,18,17,41,34,9,3,24,10,32,13,42,35,28,5,49,40,46,48,20,21,30,37,44,38,29,8,19,27,7,33,11,2,15,26,4,
1492,73.70000267028809,73673.74381333335,58001.14300000001,0,25,14,31,22,12,47,36,43,6,45,16,1,39,23,18,17,41,34,9,3,24,10,32,13,42,35,28,5,49,40,46,48,20,21,30,37,44,38,29,8,19,27,7,33,11,2,15,26,4,
1493,73.73801350593567,73984.92108000001,58001.14300000001,0,25,14,31,22,12,47,36,43,6,45,16,1,39,23,18,17,41,34,9,3,24,10,32,13,42,35,28,5,49,40,46,48,20,21,30,37,44,38,29,8,19,27,7,33,11,2,15,26,4,
1494,73.7750232219696,74359.19909333334,58001.14300000001,0,25,14,31,22,12,47,36,43,6,45,16,1,39,23,18,17,41,34,9,3,24,10,32,13,42,35,28,5,49,40,46,48,20,21,30,37,44,38,29,8,19,27,7,33,11,2,15,26,4,
1495,73.81198167800903,74848.54410666667,58001.14300000001,0,25,14,31,22,12,47,36,43,6,45,16,1,39,23,18,17,41,34,9,3,24,10,32,13,42,35,28,5,49,40,46,48,20,21,30,37,44,38,29,8,19,27,7,33,11,2,15,26,4,
1496,73.84794521331787,77562.26657333334,58001.14300000001,0,25,14,31,22,12,47,36,43,6,45,16,1,39,23,18,17,41,34,9,3,24,10,32,13,42,35,28,5,49,40,46,48,20,21,30,37,44,38,29,8,19,27,7,33,11,2,15,26,4,
1497,73.88194561004639,78052.15194666667,58001.14300000001,0,25,14,31,22,12,47,36,43,6,45,16,1,39,23,18,17,41,34,9,3,24,10,32,13,42,35,28,5,49,40,46,48,20,21,30,37,44,38,29,8,19,27,7,33,11,2,15,26,4,
1498,73.92193603515625,74031.51341333335,58001.14300000001,0,25,14,31,22,12,47,36,43,6,45,16,1,39,23,18,17,41,34,9,3,24,10,32,13,42,35,28,5,49,40,46,48,20,21,30,37,44,38,29,8,19,27,7,33,11,2,15,26,4,
1499,73.95893549919128,72666.29529333336,58001.14300000001,0,25,14,31,22,12,47,36,43,6,45,16,1,39,23,18,17,41,34,9,3,24,10,32,13,42,35,28,5,49,40,46,48,20,21,30,37,44,38,29,8,19,27,7,33,11,2,15,26,4,
1500,73.99792909622192,74195.34282666669,58001.14300000001,0,25,14,31,22,12,47,36,43,6,45,16,1,39,23,18,17,41,34,9,3,24,10,32,13,42,35,28,5,49,40,46,48,20,21,30,37,44,38,29,8,19,27,7,33,11,2,15,26,4,
1501,74.03593039512634,74481.54758666668,58001.14300000001,0,25,14,31,22,12,47,36,43,6,45,16,1,39,23,18,17,41,34,9,3,24,10,32,13,42,35,28,5,49,40,46,48,20,21,30,37,44,38,29,8,19,27,7,33,11,2,15,26,4,
1502,74.07293343544006,75463.58212000002,58001.14300000001,0,25,14,31,22,12,47,36,43,6,45,16,1,39,23,18,17,41,34,9,3,24,10,32,13,42,35,28,5,49,40,46,48,20,21,30,37,44,38,29,8,19,27,7,33,11,2,15,26,4,
1503,74.1099317073822,74523.84581333335,58001.14300000001,0,25,14,31,22,12,47,36,43,6,45,16,1,39,23,18,17,41,34,9,3,24,10,32,13,42,35,28,5,49,40,46,48,20,21,30,37,44,38,29,8,19,27,7,33,11,2,15,26,4,
1504,74.14493131637573,71721.79262666669,58001.14300000001,0,25,14,31,22,12,47,36,43,6,45,16,1,39,23,18,17,41,34,9,3,24,10,32,13,42,35,28,5,49,40,46,48,20,21,30,37,44,38,29,8,19,27,7,33,11,2,15,26,4,
1505,74.18289804458618,71041.07782666669,58001.14300000001,0,25,14,31,22,12,47,36,43,6,45,16,1,39,23,18,17,41,34,9,3,24,10,32,13,42,35,28,5,49,40,46,48,20,21,30,37,44,38,29,8,19,27,7,33,11,2,15,26,4,
1506,74.21993947029114,70859.00630666666,58001.14300000001,0,25,14,31,22,12,47,36,43,6,45,16,1,39,23,18,17,41,34,9,3,24,10,32,13,42,35,28,5,49,40,46,48,20,21,30,37,44,38,29,8,19,27,7,33,11,2,15,26,4,
1507,74.25590229034424,70946.45070666667,58001.14300000001,0,25,14,31,22,12,47,36,43,6,45,16,1,39,23,18,17,41,34,9,3,24,10,32,13,42,35,28,5,49,40,46,48,20,21,30,37,44,38,29,8,19,27,7,33,11,2,15,26,4,
1508,74.29391479492188,72111.26529333336,58001.14300000001,0,25,14,31,22,12,47,36,43,6,45,16,1,39,23,18,17,41,34,9,3,24,10,32,13,42,35,28,5,49,40,46,48,20,21,30,37,44,38,29,8,19,27,7,33,11,2,15,26,4,
1509,74.3289144039154,68106.77776000001,58001.14300000001,0,25,14,31,22,12,47,36,43,6,45,16,1,39,23,18,17,41,34,9,3,24,10,32,13,42,35,28,5,49,40,46,48,20,21,30,37,44,38,29,8,19,27,7,33,11,2,15,26,4,
1510,74.36592078208923,69876.39256000001,58001.14300000001,0,25,14,31,22,12,47,36,43,6,45,16,1,39,23,18,17,41,34,9,3,24,10,32,13,42,35,28,5,49,40,46,48,20,21,30,37,44,38,29,8,19,27,7,33,11,2,15,26,4,
1511,74.40291786193848,69193.60926666668,58001.14300000001,0,25,14,31,22,12,47,36,43,6,45,16,1,39,23,18,17,41,34,9,3,24,10,32,13,42,35,28,5,49,40,46,48,20,21,30,37,44,38,29,8,19,27,7,33,11,2,15,26,4,
1512,74.43991684913635,69527.04582666668,58001.14300000001,0,25,14,31,22,12,47,36,43,6,45,16,1,39,23,18,17,41,34,9,3,24,10,32,13,42,35,28,5,49,40,46,48,20,21,30,37,44,38,29,8,19,27,7,33,11,2,15,26,4,
1513,74.47891664505005,70675.03632,58001.14300000001,0,25,14,31,22,12,47,36,43,6,45,16,1,39,23,18,17,41,34,9,3,24,10,32,13,42,35,28,5,49,40,46,48,20,21,30,37,44,38,29,8,19,27,7,33,11,2,15,26,4,
1514,74.51591658592224,71064.17498666667,58001.14300000001,0,25,14,31,22,12,47,36,43,6,45,16,1,39,23,18,17,41,34,9,3,24,10,32,13,42,35,28,5,49,40,46,48,20,21,30,37,44,38,29,8,19,27,7,33,11,2,15,26,4,
1515,74.5529215335846,71649.1852,58001.14300000001,0,25,14,31,22,12,47,36,43,6,45,16,1,39,23,18,17,41,34,9,3,24,10,32,13,42,35,28,5,49,40,46,48,20,21,30,37,44,38,29,8,19,27,7,33,11,2,15,26,4,
1516,74.59392428398132,69910.98773333334,58001.14300000001,0,25,14,31,22,12,47,36,43,6,45,16,1,39,23,18,17,41,34,9,3,24,10,32,13,42,35,28,5,49,40,46,48,20,21,30,37,44,38,29,8,19,27,7,33,11,2,15,26,4,
1517,74.63192343711853,69164.79460000002,58001.14300000001,0,25,14,31,22,12,47,36,43,6,45,16,1,39,23,18,17,41,34,9,3,24,10,32,13,42,35,28,5,49,40,46,48,20,21,30,37,44,38,29,8,19,27,7,33,11,2,15,26,4,
1518,74.6689202785492,66771.99281333333,58001.14300000001,0,25,14,31,22,12,47,36,43,6,45,16,1,39,23,18,17,41,34,9,3,24,10,32,13,42,35,28,5,49,40,46,48,20,21,30,37,44,38,29,8,19,27,7,33,11,2,15,26,4,
1519,74.70295763015747,68601.57417333334,58001.14300000001,0,25,14,31,22,12,47,36,43,6,45,16,1,39,23,18,17,41,34,9,3,24,10,32,13,42,35,28,5,49,40,46,48,20,21,30,37,44,38,29,8,19,27,7,33,11,2,15,26,4,
1520,74.73999261856079,70788.93301333333,58001.14300000001,0,25,14,31,22,12,47,36,43,6,45,16,1,39,23,18,17,41,34,9,3,24,10,32,13,42,35,28,5,49,40,46,48,20,21,30,37,44,38,29,8,19,27,7,33,11,2,15,26,4,
1521,74.77698588371277,70787.36986666668,58001.14300000001,0,25,14,31,22,12,47,36,43,6,45,16,1,39,23,18,17,41,34,9,3,24,10,32,13,42,35,28,5,49,40,46,48,20,21,30,37,44,38,29,8,19,27,7,33,11,2,15,26,4,
1522,74.81298351287842,70361.10641333334,58001.14300000001,0,25,14,31,22,12,47,36,43,6,45,16,1,39,23,18,17,41,34,9,3,24,10,32,13,42,35,28,5,49,40,46,48,20,21,30,37,44,38,29,8,19,27,7,33,11,2,15,26,4,
1523,74.84898233413696,69689.91890666667,58001.14300000001,0,25,14,31,22,12,47,36,43,6,45,16,1,39,23,18,17,41,34,9,3,24,10,32,13,42,35,28,5,49,40,46,48,20,21,30,37,44,38,29,8,19,27,7,33,11,2,15,26,4,
1524,74.88301587104797,70762.35670666667,58001.14300000001,0,25,14,31,22,12,47,36,43,6,45,16,1,39,23,18,17,41,34,9,3,24,10,32,13,42,35,28,5,49,40,46,48,20,21,30,37,44,38,29,8,19,27,7,33,11,2,15,26,4,
1525,74.92005205154419,68156.49279999999,58001.14300000001,0,25,14,31,22,12,47,36,43,6,45,16,1,39,23,18,17,41,34,9,3,24,10,32,13,42,35,28,5,49,40,46,48,20,21,30,37,44,38,29,8,19,27,7,33,11,2,15,26,4,
1526,74.95704770088196,67223.38424000001,58001.14300000001,0,25,14,31,22,12,47,36,43,6,45,16,1,39,23,18,17,41,34,9,3,24,10,32,13,42,35,28,5,49,40,46,48,20,21,30,37,44,38,29,8,19,27,7,33,11,2,15,26,4,
1527,74.99400854110718,69117.42624000002,58001.14300000001,0,25,14,31,22,12,47,36,43,6,45,16,1,39,23,18,17,41,34,9,3,24,10,32,13,42,35,28,5,49,40,46,48,20,21,30,37,44,38,29,8,19,27,7,33,11,2,15,26,4,
1528,75.03200840950012,70154.26746666667,58001.14300000001,0,25,14,31,22,12,47,36,43,6,45,16,1,39,23,18,17,41,34,9,3,24,10,32,13,42,35,28,5,49,40,46,48,20,21,30,37,44,38,29,8,19,27,7,33,11,2,15,26,4,
1529,75.0690438747406,73693.23178666669,58001.14300000001,0,25,14,31,22,12,47,36,43,6,45,16,1,39,23,18,17,41,34,9,3,24,10,32,13,42,35,28,5,49,40,46,48,20,21,30,37,44,38,29,8,19,27,7,33,11,2,15,26,4,
1530,75.10700798034668,72603.23297333333,58001.14300000001,0,25,14,31,22,12,47,36,43,6,45,16,1,39,23,18,17,41,34,9,3,24,10,32,13,42,35,28,5,49,40,46,48,20,21,30,37,44,38,29,8,19,27,7,33,11,2,15,26,4,
1531,75.14496803283691,71180.83464000002,58001.14300000001,0,25,14,31,22,12,47,36,43,6,45,16,1,39,23,18,17,41,34,9,3,24,10,32,13,42,35,28,5,49,40,46,48,20,21,30,37,44,38,29,8,19,27,7,33,11,2,15,26,4,
1532,75.17996883392334,72565.86973333335,58001.14300000001,0,25,14,31,22,12,47,36,43,6,45,16,1,39,23,18,17,41,34,9,3,24,10,32,13,42,35,28,5,49,40,46,48,20,21,30,37,44,38,29,8,19,27,7,33,11,2,15,26,4,
1533,75.21500492095947,73221.86200000001,58001.14300000001,0,25,14,31,22,12,47,36,43,6,45,16,1,39,23,18,17,41,34,9,3,24,10,32,13,42,35,28,5,49,40,46,48,20,21,30,37,44,38,29,8,19,27,7,33,11,2,15,26,4,
1534,75.25101637840271,72550.76000000002,58001.14300000001,0,25,14,31,22,12,47,36,43,6,45,16,1,39,23,18,17,41,34,9,3,24,10,32,13,42,35,28,5,49,40,46,48,20,21,30,37,44,38,29,8,19,27,7,33,11,2,15,26,4,
1535,75.28805494308472,75026.97389333334,58001.14300000001,0,25,14,31,22,12,47,36,43,6,45,16,1,39,23,18,17,41,34,9,3,24,10,32,13,42,35,28,5,49,40,46,48,20,21,30,37,44,38,29,8,19,27,7,33,11,2,15,26,4,
1536,75.32601642608643,71784.78373333334,58001.14300000001,0,25,14,31,22,12,47,36,43,6,45,16,1,39,23,18,17,41,34,9,3,24,10,32,13,42,35,28,5,49,40,46,48,20,21,30,37,44,38,29,8,19,27,7,33,11,2,15,26,4,
1537,75.36400866508484,72309.41381333335,58001.14300000001,0,25,14,31,22,12,47,36,43,6,45,16,1,39,23,18,17,41,34,9,3,24,10,32,13,42,35,28,5,49,40,46,48,20,21,30,37,44,38,29,8,19,27,7,33,11,2,15,26,4,
1538,75.40101313591003,69520.53556,58001.14300000001,0,25,14,31,22,12,47,36,43,6,45,16,1,39,23,18,17,41,34,9,3,24,10,32,13,42,35,28,5,49,40,46,48,20,21,30,37,44,38,29,8,19,27,7,33,11,2,15,26,4,
1539,75.43811631202698,71857.84156,58001.14300000001,0,25,14,31,22,12,47,36,43,6,45,16,1,39,23,18,17,41,34,9,3,24,10,32,13,42,35,28,5,49,40,46,48,20,21,30,37,44,38,29,8,19,27,7,33,11,2,15,26,4,
1540,75.4731547832489,70935.18117333335,58001.14300000001,0,25,14,31,22,12,47,36,43,6,45,16,1,39,23,18,17,41,34,9,3,24,10,32,13,42,35,28,5,49,40,46,48,20,21,30,37,44,38,29,8,19,27,7,33,11,2,15,26,4,
1541,75.51016235351562,70543.10833333335,58001.14300000001,0,25,14,31,22,12,47,36,43,6,45,16,1,39,23,18,17,41,34,9,3,24,10,32,13,42,35,28,5,49,40,46,48,20,21,30,37,44,38,29,8,19,27,7,33,11,2,15,26,4,
1542,75.5462121963501,70599.76202666668,58001.14300000001,0,25,14,31,22,12,47,36,43,6,45,16,1,39,23,18,17,41,34,9,3,24,10,32,13,42,35,28,5,49,40,46,48,20,21,30,37,44,38,29,8,19,27,7,33,11,2,15,26,4,
1543,75.58620977401733,72190.97886666669,58001.14300000001,0,25,14,31,22,12,47,36,43,6,45,16,1,39,23,18,17,41,34,9,3,24,10,32,13,42,35,28,5,49,40,46,48,20,21,30,37,44,38,29,8,19,27,7,33,11,2,15,26,4,
1544,75.62320899963379,71134.46137333334,58001.14300000001,0,25,14,31,22,12,47,36,43,6,45,16,1,39,23,18,17,41,34,9,3,24,10,32,13,42,35,28,5,49,40,46,48,20,21,30,37,44,38,29,8,19,27,7,33,11,2,15,26,4,
1545,75.66020774841309,66796.56796000001,58001.14300000001,0,25,14,31,22,12,47,36,43,6,45,16,1,39,23,18,17,41,34,9,3,24,10,32,13,42,35,28,5,49,40,46,48,20,21,30,37,44,38,29,8,19,27,7,33,11,2,15,26,4,
1546,75.69920563697815,68016.4758,58001.14300000001,0,25,14,31,22,12,47,36,43,6,45,16,1,39,23,18,17,41,34,9,3,24,10,32,13,42,35,28,5,49,40,46,48,20,21,30,37,44,38,29,8,19,27,7,33,11,2,15,26,4,
1547,75.7352557182312,69640.26854666669,58001.14300000001,0,25,14,31,22,12,47,36,43,6,45,16,1,39,23,18,17,41,34,9,3,24,10,32,13,42,35,28,5,49,40,46,48,20,21,30,37,44,38,29,8,19,27,7,33,11,2,15,26,4,
1548,75.7712230682373,70781.58558666668,58001.14300000001,0,25,14,31,22,12,47,36,43,6,45,16,1,39,23,18,17,41,34,9,3,24,10,32,13,42,35,28,5,49,40,46,48,20,21,30,37,44,38,29,8,19,27,7,33,11,2,15,26,4,
1549,75.80723404884338,71918.94545333335,58001.14300000001,0,25,14,31,22,12,47,36,43,6,45,16,1,39,23,18,17,41,34,9,3,24,10,32,13,42,35,28,5,49,40,46,48,20,21,30,37,44,38,29,8,19,27,7,33,11,2,15,26,4,
1550,75.84323358535767,72209.63894666667,58001.14300000001,0,25,14,31,22,12,47,36,43,6,45,16,1,39,23,18,17,41,34,9,3,24,10,32,13,42,35,28,5,49,40,46,48,20,21,30,37,44,38,29,8,19,27,7,33,11,2,15,26,4,
1551,75.88219857215881,72806.51552000002,58001.14300000001,0,25,14,31,22,12,47,36,43,6,45,16,1,39,23,18,17,41,34,9,3,24,10,32,13,42,35,28,5,49,40,46,48,20,21,30,37,44,38,29,8,19,27,7,33,11,2,15,26,4,
1552,75.91916155815125,70407.43748000002,58001.14300000001,0,25,14,31,22,12,47,36,43,6,45,16,1,39,23,18,17,41,34,9,3,24,10,32,13,42,35,28,5,49,40,46,48,20,21,30,37,44,38,29,8,19,27,7,33,11,2,15,26,4,
1553,75.95719933509827,70956.30522666668,58001.14300000001,0,25,14,31,22,12,47,36,43,6,45,16,1,39,23,18,17,41,34,9,3,24,10,32,13,42,35,28,5,49,40,46,48,20,21,30,37,44,38,29,8,19,27,7,33,11,2,15,26,4,
1554,75.99320888519287,72828.48738666667,58001.14300000001,0,25,14,31,22,12,47,36,43,6,45,16,1,39,23,18,17,41,34,9,3,24,10,32,13,42,35,28,5,49,40,46,48,20,21,30,37,44,38,29,8,19,27,7,33,11,2,15,26,4,
1555,76.033207654953,74472.40952,58001.14300000001,0,25,14,31,22,12,47,36,43,6,45,16,1,39,23,18,17,41,34,9,3,24,10,32,13,42,35,28,5,49,40,46,48,20,21,30,37,44,38,29,8,19,27,7,33,11,2,15,26,4,
1556,76.0692069530487,73701.58114666666,58001.14300000001,0,25,14,31,22,12,47,36,43,6,45,16,1,39,23,18,17,41,34,9,3,24,10,32,13,42,35,28,5,49,40,46,48,20,21,30,37,44,38,29,8,19,27,7,33,11,2,15,26,4,
1557,76.10720419883728,74302.94894666669,58001.14300000001,0,25,14,31,22,12,47,36,43,6,45,16,1,39,23,18,17,41,34,9,3,24,10,32,13,42,35,28,5,49,40,46,48,20,21,30,37,44,38,29,8,19,27,7,33,11,2,15,26,4,
1558,76.14620518684387,74464.40034666668,58001.14300000001,0,25,14,31,22,12,47,36,43,6,45,16,1,39,23,18,17,41,34,9,3,24,10,32,13,42,35,28,5,49,40,46,48,20,21,30,37,44,38,29,8,19,27,7,33,11,2,15,26,4,
1559,76.18524551391602,72698.24344,58001.14300000001,0,25,14,31,22,12,47,36,43,6,45,16,1,39,23,18,17,41,34,9,3,24,10,32,13,42,35,28,5,49,40,46,48,20,21,30,37,44,38,29,8,19,27,7,33,11,2,15,26,4,
1560,76.22224569320679,74343.25554666668,58001.14300000001,0,25,14,31,22,12,47,36,43,6,45,16,1,39,23,18,17,41,34,9,3,24,10,32,13,42,35,28,5,49,40,46,48,20,21,30,37,44,38,29,8,19,27,7,33,11,2,15,26,4,
1561,76.25925970077515,74672.82618666669,58001.14300000001,0,25,14,31,22,12,47,36,43,6,45,16,1,39,23,18,17,41,34,9,3,24,10,32,13,42,35,28,5,49,40,46,48,20,21,30,37,44,38,29,8,19,27,7,33,11,2,15,26,4,
1562,76.29826927185059,76691.10849333333,58001.14300000001,0,25,14,31,22,12,47,36,43,6,45,16,1,39,23,18,17,41,34,9,3,24,10,32,13,42,35,28,5,49,40,46,48,20,21,30,37,44,38,29,8,19,27,7,33,11,2,15,26,4,
1563,76.33531951904297,75613.91696000002,58001.14300000001,0,25,14,31,22,12,47,36,43,6,45,16,1,39,23,18,17,41,34,9,3,24,10,32,13,42,35,28,5,49,40,46,48,20,21,30,37,44,38,29,8,19,27,7,33,11,2,15,26,4,
1564,76.3723213672638,74605.03570666668,58001.14300000001,0,25,14,31,22,12,47,36,43,6,45,16,1,39,23,18,17,41,34,9,3,24,10,32,13,42,35,28,5,49,40,46,48,20,21,30,37,44,38,29,8,19,27,7,33,11,2,15,26,4,
1565,76.40937042236328,74361.54970666669,58001.14300000001,0,25,14,31,22,12,47,36,43,6,45,16,1,39,23,18,17,41,34,9,3,24,10,32,13,42,35,28,5,49,40,46,48,20,21,30,37,44,38,29,8,19,27,7,33,11,2,15,26,4,
1566,76.44637060165405,73344.26253333337,58001.14300000001,0,25,14,31,22,12,47,36,43,6,45,16,1,39,23,18,17,41,34,9,3,24,10,32,13,42,35,28,5,49,40,46,48,20,21,30,37,44,38,29,8,19,27,7,33,11,2,15,26,4,
1567,76.48537468910217,74176.52440000001,58001.14300000001,0,25,14,31,22,12,47,36,43,6,45,16,1,39,23,18,17,41,34,9,3,24,10,32,13,42,35,28,5,49,40,46,48,20,21,30,37,44,38,29,8,19,27,7,33,11,2,15,26,4,
1568,76.52233386039734,72692.29182666667,58001.14300000001,0,25,14,31,22,12,47,36,43,6,45,16,1,39,23,18,17,41,34,9,3,24,10,32,13,42,35,28,5,49,40,46,48,20,21,30,37,44,38,29,8,19,27,7,33,11,2,15,26,4,
1569,76.55737018585205,70428.15737333334,58001.14300000001,0,25,14,31,22,12,47,36,43,6,45,16,1,39,23,18,17,41,34,9,3,24,10,32,13,42,35,28,5,49,40,46,48,20,21,30,37,44,38,29,8,19,27,7,33,11,2,15,26,4,
1570,76.59536981582642,71161.36578666669,58001.14300000001,0,25,14,31,22,12,47,36,43,6,45,16,1,39,23,18,17,41,34,9,3,24,10,32,13,42,35,28,5,49,40,46,48,20,21,30,37,44,38,29,8,19,27,7,33,11,2,15,26,4,
1571,76.63336706161499,72575.92745333337,58001.14300000001,0,25,14,31,22,12,47,36,43,6,45,16,1,39,23,18,17,41,34,9,3,24,10,32,13,42,35,28,5,49,40,46,48,20,21,30,37,44,38,29,8,19,27,7,33,11,2,15,26,4,
1572,76.67033100128174,73328.13134666668,58001.14300000001,0,25,14,31,22,12,47,36,43,6,45,16,1,39,23,18,17,41,34,9,3,24,10,32,13,42,35,28,5,49,40,46,48,20,21,30,37,44,38,29,8,19,27,7,33,11,2,15,26,4,
1573,76.70733737945557,73460.40040000001,58001.14300000001,0,25,14,31,22,12,47,36,43,6,45,16,1,39,23,18,17,41,34,9,3,24,10,32,13,42,35,28,5,49,40,46,48,20,21,30,37,44,38,29,8,19,27,7,33,11,2,15,26,4,
1574,76.74533605575562,73535.93800000002,58001.14300000001,0,25,14,31,22,12,47,36,43,6,45,16,1,39,23,18,17,41,34,9,3,24,10,32,13,42,35,28,5,49,40,46,48,20,21,30,37,44,38,29,8,19,27,7,33,11,2,15,26,4,
1575,76.78333783149719,72650.82969333336,58001.14300000001,0,25,14,31,22,12,47,36,43,6,45,16,1,39,23,18,17,41,34,9,3,24,10,32,13,42,35,28,5,49,40,46,48,20,21,30,37,44,38,29,8,19,27,7,33,11,2,15,26,4,
1576,76.82133889198303,74231.16473333335,58001.14300000001,0,25,14,31,22,12,47,36,43,6,45,16,1,39,23,18,17,41,34,9,3,24,10,32,13,42,35,28,5,49,40,46,48,20,21,30,37,44,38,29,8,19,27,7,33,11,2,15,26,4,
1577,76.85830068588257,74622.82096000003,58001.14300000001,0,25,14,31,22,12,47,36,43,6,45,16,1,39,23,18,17,41,34,9,3,24,10,32,13,42,35,28,5,49,40,46,48,20,21,30,37,44,38,29,8,19,27,7,33,11,2,15,26,4,
1578,76.89429640769958,71237.96280000002,58001.14300000001,0,25,14,31,22,12,47,36,43,6,45,16,1,39,23,18,17,41,34,9,3,24,10,32,13,42,35,28,5,49,40,46,48,20,21,30,37,44,38,29,8,19,27,7,33,11,2,15,26,4,
1579,76.9323365688324,71864.00324000002,58001.14300000001,0,25,14,31,22,12,47,36,43,6,45,16,1,39,23,18,17,41,34,9,3,24,10,32,13,42,35,28,5,49,40,46,48,20,21,30,37,44,38,29,8,19,27,7,33,11,2,15,26,4,
1580,76.96930074691772,72895.38464,58001.14300000001,0,25,14,31,22,12,47,36,43,6,45,16,1,39,23,18,17,41,34,9,3,24,10,32,13,42,35,28,5,49,40,46,48,20,21,30,37,44,38,29,8,19,27,7,33,11,2,15,26,4,
1581,77.00534081459045,73300.10960000001,58001.14300000001,0,25,14,31,22,12,47,36,43,6,45,16,1,39,23,18,17,41,34,9,3,24,10,32,13,42,35,28,5,49,40,46,48,20,21,30,37,44,38,29,8,19,27,7,33,11,2,15,26,4,
1582,77.04329752922058,71561.53157333334,58001.14300000001,0,25,14,31,22,12,47,36,43,6,45,16,1,39,23,18,17,41,34,9,3,24,10,32,13,42,35,28,5,49,40,46,48,20,21,30,37,44,38,29,8,19,27,7,33,11,2,15,26,4,
1583,77.08133697509766,72134.54329333334,58001.14300000001,0,25,14,31,22,12,47,36,43,6,45,16,1,39,23,18,17,41,34,9,3,24,10,32,13,42,35,28,5,49,40,46,48,20,21,30,37,44,38,29,8,19,27,7,33,11,2,15,26,4,
1584,77.11929249763489,71800.34249333334,58001.14300000001,0,25,14,31,22,12,47,36,43,6,45,16,1,39,23,18,17,41,34,9,3,24,10,32,13,42,35,28,5,49,40,46,48,20,21,30,37,44,38,29,8,19,27,7,33,11,2,15,26,4,
1585,77.15729260444641,74291.36502666667,58001.14300000001,0,25,14,31,22,12,47,36,43,6,45,16,1,39,23,18,17,41,34,9,3,24,10,32,13,42,35,28,5,49,40,46,48,20,21,30,37,44,38,29,8,19,27,7,33,11,2,15,26,4,
1586,77.19533371925354,76913.76426666667,58001.14300000001,0,25,14,31,22,12,47,36,43,6,45,16,1,39,23,18,17,41,34,9,3,24,10,32,13,42,35,28,5,49,40,46,48,20,21,30,37,44,38,29,8,19,27,7,33,11,2,15,26,4,
1587,77.23433446884155,75607.18041333334,58001.14300000001,0,25,14,31,22,12,47,36,43,6,45,16,1,39,23,18,17,41,34,9,3,24,10,32,13,42,35,28,5,49,40,46,48,20,21,30,37,44,38,29,8,19,27,7,33,11,2,15,26,4,
1588,77.27033376693726,72958.00416,58001.14300000001,0,25,14,31,22,12,47,36,43,6,45,16,1,39,23,18,17,41,34,9,3,24,10,32,13,42,35,28,5,49,40,46,48,20,21,30,37,44,38,29,8,19,27,7,33,11,2,15,26,4,
1589,77.30738520622253,72558.39218666668,58001.14300000001,0,25,14,31,22,12,47,36,43,6,45,16,1,39,23,18,17,41,34,9,3,24,10,32,13,42,35,28,5,49,40,46,48,20,21,30,37,44,38,29,8,19,27,7,33,11,2,15,26,4,
1590,77.3444151878357,71345.97361333334,58001.14300000001,0,25,14,31,22,12,47,36,43,6,45,16,1,39,23,18,17,41,34,9,3,24,10,32,13,42,35,28,5,49,40,46,48,20,21,30,37,44,38,29,8,19,27,7,33,11,2,15,26,4,
1591,77.3823790550232,69765.77092,58001.14300000001,0,25,14,31,22,12,47,36,43,6,45,16,1,39,23,18,17,41,34,9,3,24,10,32,13,42,35,28,5,49,40,46,48,20,21,30,37,44,38,29,8,19,27,7,33,11,2,15,26,4,
1592,77.4173755645752,71946.55748,58001.14300000001,0,25,14,31,22,12,47,36,43,6,45,16,1,39,23,18,17,41,34,9,3,24,10,32,13,42,35,28,5,49,40,46,48,20,21,30,37,44,38,29,8,19,27,7,33,11,2,15,26,4,
1593,77.45433330535889,70478.42526666669,58001.14300000001,0,25,14,31,22,12,47,36,43,6,45,16,1,39,23,18,17,41,34,9,3,24,10,32,13,42,35,28,5,49,40,46,48,20,21,30,37,44,38,29,8,19,27,7,33,11,2,15,26,4,
1594,77.4932951927185,70560.93098666667,58001.14300000001,0,25,14,31,22,12,47,36,43,6,45,16,1,39,23,18,17,41,34,9,3,24,10,32,13,42,35,28,5,49,40,46,48,20,21,30,37,44,38,29,8,19,27,7,33,11,2,15,26,4,
1595,77.53029227256775,68521.51450666669,58001.14300000001,0,25,14,31,22,12,47,36,43,6,45,16,1,39,23,18,17,41,34,9,3,24,10,32,13,42,35,28,5,49,40,46,48,20,21,30,37,44,38,29,8,19,27,7,33,11,2,15,26,4,
1596,77.56728291511536,69058.17008000003,58001.14300000001,0,25,14,31,22,12,47,36,43,6,45,16,1,39,23,18,17,41,34,9,3,24,10,32,13,42,35,28,5,49,40,46,48,20,21,30,37,44,38,29,8,19,27,7,33,11,2,15,26,4,
1597,77.60528016090393,69954.35790666669,58001.14300000001,0,25,14,31,22,12,47,36,43,6,45,16,1,39,23,18,17,41,34,9,3,24,10,32,13,42,35,28,5,49,40,46,48,20,21,30,37,44,38,29,8,19,27,7,33,11,2,15,26,4,
1598,77.64024257659912,69645.01041333334,58001.14300000001,0,25,14,31,22,12,47,36,43,6,45,16,1,39,23,18,17,41,34,9,3,24,10,32,13,42,35,28,5,49,40,46,48,20,21,30,37,44,38,29,8,19,27,7,33,11,2,15,26,4,
1599,80.01620173454285,72095.47076,58001.14300000001,0,25,14,31,22,12,47,36,43,6,45,16,1,39,23,18,17,41,34,9,3,24,10,32,13,42,35,28,5,49,40,46,48,20,21,30,37,44,38,29,8,19,27,7,33,11,2,15,26,4,
1600,80.05319786071777,70952.23156000001,58001.14300000001,0,25,14,31,22,12,47,36,43,6,45,16,1,39,23,18,17,41,34,9,3,24,10,32,13,42,35,28,5,49,40,46,48,20,21,30,37,44,38,29,8,19,27,7,33,11,2,15,26,4,
1601,80.0881986618042,70223.21097333335,58001.14300000001,0,25,14,31,22,12,47,36,43,6,45,16,1,39,23,18,17,41,34,9,3,24,10,32,13,42,35,28,5,49,40,46,48,20,21,30,37,44,38,29,8,19,27,7,33,11,2,15,26,4,
1602,80.12423539161682,70942.03905333336,58001.14300000001,0,25,14,31,22,12,47,36,43,6,45,16,1,39,23,18,17,41,34,9,3,24,10,32,13,42,35,28,5,49,40,46,48,20,21,30,37,44,38,29,8,19,27,7,33,11,2,15,26,4,
1603,80.16027283668518,70117.22670666668,58001.14300000001,0,25,14,31,22,12,47,36,43,6,45,16,1,39,23,18,17,41,34,9,3,24,10,32,13,42,35,28,5,49,40,46,48,20,21,30,37,44,38,29,8,19,27,7,33,11,2,15,26,4,
1604,80.1982364654541,69632.68200000002,58001.14300000001,0,25,14,31,22,12,47,36,43,6,45,16,1,39,23,18,17,41,34,9,3,24,10,32,13,42,35,28,5,49,40,46,48,20,21,30,37,44,38,29,8,19,27,7,33,11,2,15,26,4,
1605,80.23426938056946,70551.08918666668,58001.14300000001,0,25,14,31,22,12,47,36,43,6,45,16,1,39,23,18,17,41,34,9,3,24,10,32,13,42,35,28,5,49,40,46,48,20,21,30,37,44,38,29,8,19,27,7,33,11,2,15,26,4,
1606,80.27028012275696,69182.40209333335,58001.14300000001,0,25,14,31,22,12,47,36,43,6,45,16,1,39,23,18,17,41,34,9,3,24,10,32,13,42,35,28,5,49,40,46,48,20,21,30,37,44,38,29,8,19,27,7,33,11,2,15,26,4,
1607,80.30627751350403,68639.25593333335,58001.14300000001,0,25,14,31,22,12,47,36,43,6,45,16,1,39,23,18,17,41,34,9,3,24,10,32,13,42,35,28,5,49,40,46,48,20,21,30,37,44,38,29,8,19,27,7,33,11,2,15,26,4,
1608,80.34231400489807,68920.56833333333,58001.14300000001,0,25,14,31,22,12,47,36,43,6,45,16,1,39,23,18,17,41,34,9,3,24,10,32,13,42,35,28,5,49,40,46,48,20,21,30,37,44,38,29,8,19,27,7,33,11,2,15,26,4,
1609,80.37931656837463,69047.134,58001.14300000001,0,25,14,31,22,12,47,36,43,6,45,16,1,39,23,18,17,41,34,9,3,24,10,32,13,42,35,28,5,49,40,46,48,20,21,30,37,44,38,29,8,19,27,7,33,11,2,15,26,4,
1610,80.41531753540039,70037.64813333334,58001.14300000001,0,25,14,31,22,12,47,36,43,6,45,16,1,39,23,18,17,41,34,9,3,24,10,32,13,42,35,28,5,49,40,46,48,20,21,30,37,44,38,29,8,19,27,7,33,11,2,15,26,4,
1611,80.45135807991028,71314.37173333333,58001.14300000001,0,25,14,31,22,12,47,36,43,6,45,16,1,39,23,18,17,41,34,9,3,24,10,32,13,42,35,28,5,49,40,46,48,20,21,30,37,44,38,29,8,19,27,7,33,11,2,15,26,4,
1612,80.4863166809082,70928.91706666668,58001.14300000001,0,25,14,31,22,12,47,36,43,6,45,16,1,39,23,18,17,41,34,9,3,24,10,32,13,42,35,28,5,49,40,46,48,20,21,30,37,44,38,29,8,19,27,7,33,11,2,15,26,4,
1613,80.52235293388367,72078.77806666667,58001.14300000001,0,25,14,31,22,12,47,36,43,6,45,16,1,39,23,18,17,41,34,9,3,24,10,32,13,42,35,28,5,49,40,46,48,20,21,30,37,44,38,29,8,19,27,7,33,11,2,15,26,4,
1614,80.56135940551758,71429.67112000001,58001.14300000001,0,25,14,31,22,12,47,36,43,6,45,16,1,39,23,18,17,41,34,9,3,24,10,32,13,42,35,28,5,49,40,46,48,20,21,30,37,44,38,29,8,19,27,7,33,11,2,15,26,4,
1615,80.59931874275208,72228.12702666667,58001.14300000001,0,25,14,31,22,12,47,36,43,6,45,16,1,39,23,18,17,41,34,9,3,24,10,32,13,42,35,28,5,49,40,46,48,20,21,30,37,44,38,29,8,19,27,7,33,11,2,15,26,4,
1616,80.63628220558167,72535.73245333334,58001.14300000001,0,25,14,31,22,12,47,36,43,6,45,16,1,39,23,18,17,41,34,9,3,24,10,32,13,42,35,28,5,49,40,46,48,20,21,30,37,44,38,29,8,19,27,7,33,11,2,15,26,4,
1617,80.67333149909973,72703.00736000002,58001.14300000001,0,25,14,31,22,12,47,36,43,6,45,16,1,39,23,18,17,41,34,9,3,24,10,32,13,42,35,28,5,49,40,46,48,20,21,30,37,44,38,29,8,19,27,7,33,11,2,15,26,4,
1618,80.71133017539978,71598.59866666669,58001.14300000001,0,25,14,31,22,12,47,36,43,6,45,16,1,39,23,18,17,41,34,9,3,24,10,32,13,42,35,28,5,49,40,46,48,20,21,30,37,44,38,29,8,19,27,7,33,11,2,15,26,4,
1619,80.74836897850037,71809.8081066667,58001.14300000001,0,25,14,31,22,12,47,36,43,6,45,16,1,39,23,18,17,41,34,9,3,24,10,32,13,42,35,28,5,49,40,46,48,20,21,30,37,44,38,29,8,19,27,7,33,11,2,15,26,4,
1620,80.78733491897583,69063.79984000002,58001.14300000001,0,25,14,31,22,12,47,36,43,6,45,16,1,39,23,18,17,41,34,9,3,24,10,32,13,42,35,28,5,49,40,46,48,20,21,30,37,44,38,29,8,19,27,7,33,11,2,15,26,4,
1621,80.82529640197754,68740.30357333335,58001.14300000001,0,25,14,31,22,12,47,36,43,6,45,16,1,39,23,18,17,41,34,9,3,24,10,32,13,42,35,28,5,49,40,46,48,20,21,30,37,44,38,29,8,19,27,7,33,11,2,15,26,4,
1622,80.86229372024536,68645.43174666668,58001.14300000001,0,25,14,31,22,12,47,36,43,6,45,16,1,39,23,18,17,41,34,9,3,24,10,32,13,42,35,28,5,49,40,46,48,20,21,30,37,44,38,29,8,19,27,7,33,11,2,15,26,4,
1623,80.90129470825195,72228.49232,58001.14300000001,0,25,14,31,22,12,47,36,43,6,45,16,1,39,23,18,17,41,34,9,3,24,10,32,13,42,35,28,5,49,40,46,48,20,21,30,37,44,38,29,8,19,27,7,33,11,2,15,26,4,
1624,80.93829464912415,71266.39761333333,58001.14300000001,0,25,14,31,22,12,47,36,43,6,45,16,1,39,23,18,17,41,34,9,3,24,10,32,13,42,35,28,5,49,40,46,48,20,21,30,37,44,38,29,8,19,27,7,33,11,2,15,26,4,
1625,80.97629284858704,71226.77408000002,58001.14300000001,0,25,14,31,22,12,47,36,43,6,45,16,1,39,23,18,17,41,34,9,3,24,10,32,13,42,35,28,5,49,40,46,48,20,21,30,37,44,38,29,8,19,27,7,33,11,2,15,26,4,
1626,81.01429176330566,71483.03244,58001.14300000001,0,25,14,31,22,12,47,36,43,6,45,16,1,39,23,18,17,41,34,9,3,24,10,32,13,42,35,28,5,49,40,46,48,20,21,30,37,44,38,29,8,19,27,7,33,11,2,15,26,4,
1627,81.05229234695435,71708.66905333335,58001.14300000001,0,25,14,31,22,12,47,36,43,6,45,16,1,39,23,18,17,41,34,9,3,24,10,32,13,42,35,28,5,49,40,46,48,20,21,30,37,44,38,29,8,19,27,7,33,11,2,15,26,4,
1628,81.08829164505005,73682.75830666667,58001.14300000001,0,25,14,31,22,12,47,36,43,6,45,16,1,39,23,18,17,41,34,9,3,24,10,32,13,42,35,28,5,49,40,46,48,20,21,30,37,44,38,29,8,19,27,7,33,11,2,15,26,4,
1629,81.1263439655304,72496.64069333335,58001.14300000001,0,25,14,31,22,12,47,36,43,6,45,16,1,39,23,18,17,41,34,9,3,24,10,32,13,42,35,28,5,49,40,46,48,20,21,30,37,44,38,29,8,19,27,7,33,11,2,15,26,4,
1630,81.16235733032227,75698.52296000003,58001.14300000001,0,25,14,31,22,12,47,36,43,6,45,16,1,39,23,18,17,41,34,9,3,24,10,32,13,42,35,28,5,49,40,46,48,20,21,30,37,44,38,29,8,19,27,7,33,11,2,15,26,4,
1631,81.19835615158081,75316.77393333334,58001.14300000001,0,25,14,31,22,12,47,36,43,6,45,16,1,39,23,18,17,41,34,9,3,24,10,32,13,42,35,28,5,49,40,46,48,20,21,30,37,44,38,29,8,19,27,7,33,11,2,15,26,4,
1632,81.23531889915466,72149.63124000002,58001.14300000001,0,25,14,31,22,12,47,36,43,6,45,16,1,39,23,18,17,41,34,9,3,24,10,32,13,42,35,28,5,49,40,46,48,20,21,30,37,44,38,29,8,19,27,7,33,11,2,15,26,4,
1633,81.27531695365906,75195.11885333336,58001.14300000001,0,25,14,31,22,12,47,36,43,6,45,16,1,39,23,18,17,41,34,9,3,24,10,32,13,42,35,28,5,49,40,46,48,20,21,30,37,44,38,29,8,19,27,7,33,11,2,15,26,4,
1634,81.3142740726471,74860.16133333334,58001.14300000001,0,25,14,31,22,12,47,36,43,6,45,16,1,39,23,18,17,41,34,9,3,24,10,32,13,42,35,28,5,49,40,46,48,20,21,30,37,44,38,29,8,19,27,7,33,11,2,15,26,4,
1635,81.35132360458374,74121.28617333336,58001.14300000001,0,25,14,31,22,12,47,36,43,6,45,16,1,39,23,18,17,41,34,9,3,24,10,32,13,42,35,28,5,49,40,46,48,20,21,30,37,44,38,29,8,19,27,7,33,11,2,15,26,4,
1636,81.389319896698,73793.72189333336,58001.14300000001,0,25,14,31,22,12,47,36,43,6,45,16,1,39,23,18,17,41,34,9,3,24,10,32,13,42,35,28,5,49,40,46,48,20,21,30,37,44,38,29,8,19,27,7,33,11,2,15,26,4,
1637,81.4262843132019,75831.38474666668,58001.14300000001,0,25,14,31,22,12,47,36,43,6,45,16,1,39,23,18,17,41,34,9,3,24,10,32,13,42,35,28,5,49,40,46,48,20,21,30,37,44,38,29,8,19,27,7,33,11,2,15,26,4,
1638,81.46324801445007,78714.65237333333,58001.14300000001,0,25,14,31,22,12,47,36,43,6,45,16,1,39,23,18,17,41,34,9,3,24,10,32,13,42,35,28,5,49,40,46,48,20,21,30,37,44,38,29,8,19,27,7,33,11,2,15,26,4,
1639,81.5002510547638,74154.93488,58001.14300000001,0,25,14,31,22,12,47,36,43,6,45,16,1,39,23,18,17,41,34,9,3,24,10,32,13,42,35,28,5,49,40,46,48,20,21,30,37,44,38,29,8,19,27,7,33,11,2,15,26,4,
1640,81.5382125377655,75430.96256000003,58001.14300000001,0,25,14,31,22,12,47,36,43,6,45,16,1,39,23,18,17,41,34,9,3,24,10,32,13,42,35,28,5,49,40,46,48,20,21,30,37,44,38,29,8,19,27,7,33,11,2,15,26,4,
1641,81.57625198364258,73368.56322666668,58001.14300000001,0,25,14,31,22,12,47,36,43,6,45,16,1,39,23,18,17,41,34,9,3,24,10,32,13,42,35,28,5,49,40,46,48,20,21,30,37,44,38,29,8,19,27,7,33,11,2,15,26,4,
1642,81.61321663856506,76171.77046666668,58001.14300000001,0,25,14,31,22,12,47,36,43,6,45,16,1,39,23,18,17,41,34,9,3,24,10,32,13,42,35,28,5,49,40,46,48,20,21,30,37,44,38,29,8,19,27,7,33,11,2,15,26,4,
1643,81.65017747879028,74825.40394666669,58001.14300000001,0,25,14,31,22,12,47,36,43,6,45,16,1,39,23,18,17,41,34,9,3,24,10,32,13,42,35,28,5,49,40,46,48,20,21,30,37,44,38,29,8,19,27,7,33,11,2,15,26,4,
1644,81.68617630004883,72779.07897333335,58001.14300000001,0,25,14,31,22,12,47,36,43,6,45,16,1,39,23,18,17,41,34,9,3,24,10,32,13,42,35,28,5,49,40,46,48,20,21,30,37,44,38,29,8,19,27,7,33,11,2,15,26,4,
1645,81.72217679023743,73492.00457333335,58001.14300000001,0,25,14,31,22,12,47,36,43,6,45,16,1,39,23,18,17,41,34,9,3,24,10,32,13,42,35,28,5,49,40,46,48,20,21,30,37,44,38,29,8,19,27,7,33,11,2,15,26,4,
1646,81.76017785072327,75888.15830666668,58001.14300000001,0,25,14,31,22,12,47,36,43,6,45,16,1,39,23,18,17,41,34,9,3,24,10,32,13,42,35,28,5,49,40,46,48,20,21,30,37,44,38,29,8,19,27,7,33,11,2,15,26,4,
1647,81.79721784591675,76280.15524000001,58001.14300000001,0,25,14,31,22,12,47,36,43,6,45,16,1,39,23,18,17,41,34,9,3,24,10,32,13,42,35,28,5,49,40,46,48,20,21,30,37,44,38,29,8,19,27,7,33,11,2,15,26,4,
1648,81.83421516418457,78088.37941333334,58001.14300000001,0,25,14,31,22,12,47,36,43,6,45,16,1,39,23,18,17,41,34,9,3,24,10,32,13,42,35,28,5,49,40,46,48,20,21,30,37,44,38,29,8,19,27,7,33,11,2,15,26,4,
1649,81.87025547027588,78059.67796,58001.14300000001,0,25,14,31,22,12,47,36,43,6,45,16,1,39,23,18,17,41,34,9,3,24,10,32,13,42,35,28,5,49,40,46,48,20,21,30,37,44,38,29,8,19,27,7,33,11,2,15,26,4,
1650,81.90621542930603,75472.87046666667,58001.14300000001,0,25,14,31,22,12,47,36,43,6,45,16,1,39,23,18,17,41,34,9,3,24,10,32,13,42,35,28,5,49,40,46,48,20,21,30,37,44,38,29,8,19,27,7,33,11,2,15,26,4,
1651,81.94221425056458,71473.99110666667,58001.14300000001,0,25,14,31,22,12,47,36,43,6,45,16,1,39,23,18,17,41,34,9,3,24,10,32,13,42,35,28,5,49,40,46,48,20,21,30,37,44,38,29,8,19,27,7,33,11,2,15,26,4,
1652,81.97921395301819,71959.06862666667,58001.14300000001,0,25,14,31,22,12,47,36,43,6,45,16,1,39,23,18,17,41,34,9,3,24,10,32,13,42,35,28,5,49,40,46,48,20,21,30,37,44,38,29,8,19,27,7,33,11,2,15,26,4,
1653,82.01821184158325,73539.06838666667,58001.14300000001,0,25,14,31,22,12,47,36,43,6,45,16,1,39,23,18,17,41,34,9,3,24,10,32,13,42,35,28,5,49,40,46,48,20,21,30,37,44,38,29,8,19,27,7,33,11,2,15,26,4,
1654,82.0572121143341,74527.34338666666,58001.14300000001,0,25,14,31,22,12,47,36,43,6,45,16,1,39,23,18,17,41,34,9,3,24,10,32,13,42,35,28,5,49,40,46,48,20,21,30,37,44,38,29,8,19,27,7,33,11,2,15,26,4,
1655,82.0942120552063,72040.29742666666,58001.14300000001,0,25,14,31,22,12,47,36,43,6,45,16,1,39,23,18,17,41,34,9,3,24,10,32,13,42,35,28,5,49,40,46,48,20,21,30,37,44,38,29,8,19,27,7,33,11,2,15,26,4,
1656,82.13021206855774,72954.76636,58001.14300000001,0,25,14,31,22,12,47,36,43,6,45,16,1,39,23,18,17,41,34,9,3,24,10,32,13,42,35,28,5,49,40,46,48,20,21,30,37,44,38,29,8,19,27,7,33,11,2,15,26,4,
1657,82.16920971870422,74500.77628,58001.14300000001,0,25,14,31,22,12,47,36,43,6,45,16,1,39,23,18,17,41,34,9,3,24,10,32,13,42,35,28,5,49,40,46,48,20,21,30,37,44,38,29,8,19,27,7,33,11,2,15,26,4,
1658,82.20920825004578,73801.09818666667,58001.14300000001,0,25,14,31,22,12,47,36,43,6,45,16,1,39,23,18,17,41,34,9,3,24,10,32,13,42,35,28,5,49,40,46,48,20,21,30,37,44,38,29,8,19,27,7,33,11,2,15,26,4,
1659,82.24720811843872,74087.40802666669,58001.14300000001,0,25,14,31,22,12,47,36,43,6,45,16,1,39,23,18,17,41,34,9,3,24,10,32,13,42,35,28,5,49,40,46,48,20,21,30,37,44,38,29,8,19,27,7,33,11,2,15,26,4,
1660,82.286208152771,70431.20549333336,58001.14300000001,0,25,14,31,22,12,47,36,43,6,45,16,1,39,23,18,17,41,34,9,3,24,10,32,13,42,35,28,5,49,40,46,48,20,21,30,37,44,38,29,8,19,27,7,33,11,2,15,26,4,
1661,82.32320713996887,71825.27385333335,58001.14300000001,0,25,14,31,22,12,47,36,43,6,45,16,1,39,23,18,17,41,34,9,3,24,10,32,13,42,35,28,5,49,40,46,48,20,21,30,37,44,38,29,8,19,27,7,33,11,2,15,26,4,
1662,82.35920572280884,71510.52233333336,58001.14300000001,0,25,14,31,22,12,47,36,43,6,45,16,1,39,23,18,17,41,34,9,3,24,10,32,13,42,35,28,5,49,40,46,48,20,21,30,37,44,38,29,8,19,27,7,33,11,2,15,26,4,
1663,82.39620471000671,72345.66068000002,58001.14300000001,0,25,14,31,22,12,47,36,43,6,45,16,1,39,23,18,17,41,34,9,3,24,10,32,13,42,35,28,5,49,40,46,48,20,21,30,37,44,38,29,8,19,27,7,33,11,2,15,26,4,
1664,82.43620276451111,70415.52353333335,58001.14300000001,0,25,14,31,22,12,47,36,43,6,45,16,1,39,23,18,17,41,34,9,3,24,10,32,13,42,35,28,5,49,40,46,48,20,21,30,37,44,38,29,8,19,27,7,33,11,2,15,26,4,
1665,82.4732415676117,73346.92393333335,58001.14300000001,0,25,14,31,22,12,47,36,43,6,45,16,1,39,23,18,17,41,34,9,3,24,10,32,13,42,35,28,5,49,40,46,48,20,21,30,37,44,38,29,8,19,27,7,33,11,2,15,26,4,
1666,82.50928139686584,72987.99920000002,58001.14300000001,0,25,14,31,22,12,47,36,43,6,45,16,1,39,23,18,17,41,34,9,3,24,10,32,13,42,35,28,5,49,40,46,48,20,21,30,37,44,38,29,8,19,27,7,33,11,2,15,26,4,
1667,82.54823184013367,74310.04450666669,58001.14300000001,0,25,14,31,22,12,47,36,43,6,45,16,1,39,23,18,17,41,34,9,3,24,10,32,13,42,35,28,5,49,40,46,48,20,21,30,37,44,38,29,8,19,27,7,33,11,2,15,26,4,
1668,82.58623504638672,73594.19092000001,58001.14300000001,0,25,14,31,22,12,47,36,43,6,45,16,1,39,23,18,17,41,34,9,3,24,10,32,13,42,35,28,5,49,40,46,48,20,21,30,37,44,38,29,8,19,27,7,33,11,2,15,26,4,
1669,82.6242356300354,74394.54340000001,58001.14300000001,0,25,14,31,22,12,47,36,43,6,45,16,1,39,23,18,17,41,34,9,3,24,10,32,13,42,35,28,5,49,40,46,48,20,21,30,37,44,38,29,8,19,27,7,33,11,2,15,26,4,
1670,82.66019439697266,77612.04156000001,58001.14300000001,0,25,14,31,22,12,47,36,43,6,45,16,1,39,23,18,17,41,34,9,3,24,10,32,13,42,35,28,5,49,40,46,48,20,21,30,37,44,38,29,8,19,27,7,33,11,2,15,26,4,
1671,82.69819474220276,76307.13489333334,58001.14300000001,0,25,14,31,22,12,47,36,43,6,45,16,1,39,23,18,17,41,34,9,3,24,10,32,13,42,35,28,5,49,40,46,48,20,21,30,37,44,38,29,8,19,27,7,33,11,2,15,26,4,
1672,82.73519349098206,76778.2972,58001.14300000001,0,25,14,31,22,12,47,36,43,6,45,16,1,39,23,18,17,41,34,9,3,24,10,32,13,42,35,28,5,49,40,46,48,20,21,30,37,44,38,29,8,19,27,7,33,11,2,15,26,4,
1673,82.77119278907776,76965.57986666667,58001.14300000001,0,25,14,31,22,12,47,36,43,6,45,16,1,39,23,18,17,41,34,9,3,24,10,32,13,42,35,28,5,49,40,46,48,20,21,30,37,44,38,29,8,19,27,7,33,11,2,15,26,4,
1674,82.8071813583374,75259.83584000001,58001.14300000001,0,25,14,31,22,12,47,36,43,6,45,16,1,39,23,18,17,41,34,9,3,24,10,32,13,42,35,28,5,49,40,46,48,20,21,30,37,44,38,29,8,19,27,7,33,11,2,15,26,4,
1675,82.84418964385986,72820.46744000002,58001.14300000001,0,25,14,31,22,12,47,36,43,6,45,16,1,39,23,18,17,41,34,9,3,24,10,32,13,42,35,28,5,49,40,46,48,20,21,30,37,44,38,29,8,19,27,7,33,11,2,15,26,4,
1676,82.88218832015991,74671.41548000001,58001.14300000001,0,25,14,31,22,12,47,36,43,6,45,16,1,39,23,18,17,41,34,9,3,24,10,32,13,42,35,28,5,49,40,46,48,20,21,30,37,44,38,29,8,19,27,7,33,11,2,15,26,4,
1677,82.91918659210205,73506.06124000001,58001.14300000001,0,25,14,31,22,12,47,36,43,6,45,16,1,39,23,18,17,41,34,9,3,24,10,32,13,42,35,28,5,49,40,46,48,20,21,30,37,44,38,29,8,19,27,7,33,11,2,15,26,4,
1678,82.95718884468079,71831.67829333335,58001.14300000001,0,25,14,31,22,12,47,36,43,6,45,16,1,39,23,18,17,41,34,9,3,24,10,32,13,42,35,28,5,49,40,46,48,20,21,30,37,44,38,29,8,19,27,7,33,11,2,15,26,4,
1679,82.99422216415405,72313.95072000002,58001.14300000001,0,25,14,31,22,12,47,36,43,6,45,16,1,39,23,18,17,41,34,9,3,24,10,32,13,42,35,28,5,49,40,46,48,20,21,30,37,44,38,29,8,19,27,7,33,11,2,15,26,4,
1680,83.03226208686829,72078.29660000003,58001.14300000001,0,25,14,31,22,12,47,36,43,6,45,16,1,39,23,18,17,41,34,9,3,24,10,32,13,42,35,28,5,49,40,46,48,20,21,30,37,44,38,29,8,19,27,7,33,11,2,15,26,4,
1681,83.06930303573608,72849.34958666669,58001.14300000001,0,25,14,31,22,12,47,36,43,6,45,16,1,39,23,18,17,41,34,9,3,24,10,32,13,42,35,28,5,49,40,46,48,20,21,30,37,44,38,29,8,19,27,7,33,11,2,15,26,4,
1682,83.10626578330994,74160.11793333336,58001.14300000001,0,25,14,31,22,12,47,36,43,6,45,16,1,39,23,18,17,41,34,9,3,24,10,32,13,42,35,28,5,49,40,46,48,20,21,30,37,44,38,29,8,19,27,7,33,11,2,15,26,4,
1683,83.14231824874878,74560.67713333335,58001.14300000001,0,25,14,31,22,12,47,36,43,6,45,16,1,39,23,18,17,41,34,9,3,24,10,32,13,42,35,28,5,49,40,46,48,20,21,30,37,44,38,29,8,19,27,7,33,11,2,15,26,4,
1684,83.17828178405762,73049.76566666667,58001.14300000001,0,25,14,31,22,12,47,36,43,6,45,16,1,39,23,18,17,41,34,9,3,24,10,32,13,42,35,28,5,49,40,46,48,20,21,30,37,44,38,29,8,19,27,7,33,11,2,15,26,4,
1685,83.21428060531616,69902.26724,58001.14300000001,0,25,14,31,22,12,47,36,43,6,45,16,1,39,23,18,17,41,34,9,3,24,10,32,13,42,35,28,5,49,40,46,48,20,21,30,37,44,38,29,8,19,27,7,33,11,2,15,26,4,
1686,83.253244638443,70176.86260000002,58001.14300000001,0,25,14,31,22,12,47,36,43,6,45,16,1,39,23,18,17,41,34,9,3,24,10,32,13,42,35,28,5,49,40,46,48,20,21,30,37,44,38,29,8,19,27,7,33,11,2,15,26,4,
1687,83.28925824165344,71523.59609333334,58001.14300000001,0,25,14,31,22,12,47,36,43,6,45,16,1,39,23,18,17,41,34,9,3,24,10,32,13,42,35,28,5,49,40,46,48,20,21,30,37,44,38,29,8,19,27,7,33,11,2,15,26,4,
1688,83.32630729675293,71482.72689333334,58001.14300000001,0,25,14,31,22,12,47,36,43,6,45,16,1,39,23,18,17,41,34,9,3,24,10,32,13,42,35,28,5,49,40,46,48,20,21,30,37,44,38,29,8,19,27,7,33,11,2,15,26,4,
1689,83.36330509185791,71515.83409333335,58001.14300000001,0,25,14,31,22,12,47,36,43,6,45,16,1,39,23,18,17,41,34,9,3,24,10,32,13,42,35,28,5,49,40,46,48,20,21,30,37,44,38,29,8,19,27,7,33,11,2,15,26,4,
1690,83.40126252174377,73308.37268,58001.14300000001,0,25,14,31,22,12,47,36,43,6,45,16,1,39,23,18,17,41,34,9,3,24,10,32,13,42,35,28,5,49,40,46,48,20,21,30,37,44,38,29,8,19,27,7,33,11,2,15,26,4,
1691,83.43730115890503,72190.89469333336,58001.14300000001,0,25,14,31,22,12,47,36,43,6,45,16,1,39,23,18,17,41,34,9,3,24,10,32,13,42,35,28,5,49,40,46,48,20,21,30,37,44,38,29,8,19,27,7,33,11,2,15,26,4,
1692,83.4732940196991,71583.40621333335,58001.14300000001,0,25,14,31,22,12,47,36,43,6,45,16,1,39,23,18,17,41,34,9,3,24,10,32,13,42,35,28,5,49,40,46,48,20,21,30,37,44,38,29,8,19,27,7,33,11,2,15,26,4,
1693,83.51129627227783,71450.60448000001,58001.14300000001,0,25,14,31,22,12,47,36,43,6,45,16,1,39,23,18,17,41,34,9,3,24,10,32,13,42,35,28,5,49,40,46,48,20,21,30,37,44,38,29,8,19,27,7,33,11,2,15,26,4,
1694,83.54833674430847,72919.91457333336,58001.14300000001,0,25,14,31,22,12,47,36,43,6,45,16,1,39,23,18,17,41,34,9,3,24,10,32,13,42,35,28,5,49,40,46,48,20,21,30,37,44,38,29,8,19,27,7,33,11,2,15,26,4,
1695,83.58533358573914,70785.38049333334,58001.14300000001,0,25,14,31,22,12,47,36,43,6,45,16,1,39,23,18,17,41,34,9,3,24,10,32,13,42,35,28,5,49,40,46,48,20,21,30,37,44,38,29,8,19,27,7,33,11,2,15,26,4,
1696,83.62134385108948,70317.66037333336,58001.14300000001,0,25,14,31,22,12,47,36,43,6,45,16,1,39,23,18,17,41,34,9,3,24,10,32,13,42,35,28,5,49,40,46,48,20,21,30,37,44,38,29,8,19,27,7,33,11,2,15,26,4,
1697,83.65635585784912,70043.66937333334,58001.14300000001,0,25,14,31,22,12,47,36,43,6,45,16,1,39,23,18,17,41,34,9,3,24,10,32,13,42,35,28,5,49,40,46,48,20,21,30,37,44,38,29,8,19,27,7,33,11,2,15,26,4,
1698,83.69335532188416,69621.10832000003,58001.14300000001,0,25,14,31,22,12,47,36,43,6,45,16,1,39,23,18,17,41,34,9,3,24,10,32,13,42,35,28,5,49,40,46,48,20,21,30,37,44,38,29,8,19,27,7,33,11,2,15,26,4,
1699,83.73031687736511,69416.97805333337,58001.14300000001,0,25,14,31,22,12,47,36,43,6,45,16,1,39,23,18,17,41,34,9,3,24,10,32,13,42,35,28,5,49,40,46,48,20,21,30,37,44,38,29,8,19,27,7,33,11,2,15,26,4,
1700,83.76831722259521,70035.71442666669,58001.14300000001,0,25,14,31,22,12,47,36,43,6,45,16,1,39,23,18,17,41,34,9,3,24,10,32,13,42,35,28,5,49,40,46,48,20,21,30,37,44,38,29,8,19,27,7,33,11,2,15,26,4,
1701,83.80631732940674,71822.22489333335,58001.14300000001,0,25,14,31,22,12,47,36,43,6,45,16,1,39,23,18,17,41,34,9,3,24,10,32,13,42,35,28,5,49,40,46,48,20,21,30,37,44,38,29,8,19,27,7,33,11,2,15,26,4,
1702,83.8433165550232,71853.10125333336,58001.14300000001,0,25,14,31,22,12,47,36,43,6,45,16,1,39,23,18,17,41,34,9,3,24,10,32,13,42,35,28,5,49,40,46,48,20,21,30,37,44,38,29,8,19,27,7,33,11,2,15,26,4,
1703,83.88032603263855,70366.67922666667,58001.14300000001,0,25,14,31,22,12,47,36,43,6,45,16,1,39,23,18,17,41,34,9,3,24,10,32,13,42,35,28,5,49,40,46,48,20,21,30,37,44,38,29,8,19,27,7,33,11,2,15,26,4,
1704,83.91636419296265,73745.01413333336,58001.14300000001,0,25,14,31,22,12,47,36,43,6,45,16,1,39,23,18,17,41,34,9,3,24,10,32,13,42,35,28,5,49,40,46,48,20,21,30,37,44,38,29,8,19,27,7,33,11,2,15,26,4,
1705,83.95340299606323,71632.55206666669,58001.14300000001,0,25,14,31,22,12,47,36,43,6,45,16,1,39,23,18,17,41,34,9,3,24,10,32,13,42,35,28,5,49,40,46,48,20,21,30,37,44,38,29,8,19,27,7,33,11,2,15,26,4,
1706,83.99040222167969,72643.75540000001,58001.14300000001,0,25,14,31,22,12,47,36,43,6,45,16,1,39,23,18,17,41,34,9,3,24,10,32,13,42,35,28,5,49,40,46,48,20,21,30,37,44,38,29,8,19,27,7,33,11,2,15,26,4,
1707,84.02740573883057,74716.78046666668,58001.14300000001,0,25,14,31,22,12,47,36,43,6,45,16,1,39,23,18,17,41,34,9,3,24,10,32,13,42,35,28,5,49,40,46,48,20,21,30,37,44,38,29,8,19,27,7,33,11,2,15,26,4,
1708,84.06440472602844,72074.37906666669,58001.14300000001,0,25,14,31,22,12,47,36,43,6,45,16,1,39,23,18,17,41,34,9,3,24,10,32,13,42,35,28,5,49,40,46,48,20,21,30,37,44,38,29,8,19,27,7,33,11,2,15,26,4,
1709,84.1014187335968,72607.76773333336,58001.14300000001,0,25,14,31,22,12,47,36,43,6,45,16,1,39,23,18,17,41,34,9,3,24,10,32,13,42,35,28,5,49,40,46,48,20,21,30,37,44,38,29,8,19,27,7,33,11,2,15,26,4,
1710,84.138418674469,75144.29090666668,58001.14300000001,0,25,14,31,22,12,47,36,43,6,45,16,1,39,23,18,17,41,34,9,3,24,10,32,13,42,35,28,5,49,40,46,48,20,21,30,37,44,38,29,8,19,27,7,33,11,2,15,26,4,
1711,84.17737770080566,74368.05766666667,58001.14300000001,0,25,14,31,22,12,47,36,43,6,45,16,1,39,23,18,17,41,34,9,3,24,10,32,13,42,35,28,5,49,40,46,48,20,21,30,37,44,38,29,8,19,27,7,33,11,2,15,26,4,
1712,84.21334075927734,70625.54133333336,58001.14300000001,0,25,14,31,22,12,47,36,43,6,45,16,1,39,23,18,17,41,34,9,3,24,10,32,13,42,35,28,5,49,40,46,48,20,21,30,37,44,38,29,8,19,27,7,33,11,2,15,26,4,
1713,84.25038409233093,71350.84600000003,58001.14300000001,0,25,14,31,22,12,47,36,43,6,45,16,1,39,23,18,17,41,34,9,3,24,10,32,13,42,35,28,5,49,40,46,48,20,21,30,37,44,38,29,8,19,27,7,33,11,2,15,26,4,
1714,84.28638553619385,68070.56332000002,58001.14300000001,0,25,14,31,22,12,47,36,43,6,45,16,1,39,23,18,17,41,34,9,3,24,10,32,13,42,35,28,5,49,40,46,48,20,21,30,37,44,38,29,8,19,27,7,33,11,2,15,26,4,
1715,84.3234236240387,69338.76990666668,58001.14300000001,0,25,14,31,22,12,47,36,43,6,45,16,1,39,23,18,17,41,34,9,3,24,10,32,13,42,35,28,5,49,40,46,48,20,21,30,37,44,38,29,8,19,27,7,33,11,2,15,26,4,
1716,84.3594741821289,69046.67300000002,58001.14300000001,0,25,14,31,22,12,47,36,43,6,45,16,1,39,23,18,17,41,34,9,3,24,10,32,13,42,35,28,5,49,40,46,48,20,21,30,37,44,38,29,8,19,27,7,33,11,2,15,26,4,
1717,84.39648222923279,70825.18341333336,58001.14300000001,0,25,14,31,22,12,47,36,43,6,45,16,1,39,23,18,17,41,34,9,3,24,10,32,13,42,35,28,5,49,40,46,48,20,21,30,37,44,38,29,8,19,27,7,33,11,2,15,26,4,
1718,84.43348050117493,71124.62288000002,58001.14300000001,0,25,14,31,22,12,47,36,43,6,45,16,1,39,23,18,17,41,34,9,3,24,10,32,13,42,35,28,5,49,40,46,48,20,21,30,37,44,38,29,8,19,27,7,33,11,2,15,26,4,
1719,84.47052097320557,70973.75456000002,58001.14300000001,0,25,14,31,22,12,47,36,43,6,45,16,1,39,23,18,17,41,34,9,3,24,10,32,13,42,35,28,5,49,40,46,48,20,21,30,37,44,38,29,8,19,27,7,33,11,2,15,26,4,
1720,84.50951766967773,72038.69869333335,58001.14300000001,0,25,14,31,22,12,47,36,43,6,45,16,1,39,23,18,17,41,34,9,3,24,10,32,13,42,35,28,5,49,40,46,48,20,21,30,37,44,38,29,8,19,27,7,33,11,2,15,26,4,
1721,84.54647469520569,70972.29474666668,58001.14300000001,0,25,14,31,22,12,47,36,43,6,45,16,1,39,23,18,17,41,34,9,3,24,10,32,13,42,35,28,5,49,40,46,48,20,21,30,37,44,38,29,8,19,27,7,33,11,2,15,26,4,
1722,84.58347415924072,71573.36660000001,58001.14300000001,0,25,14,31,22,12,47,36,43,6,45,16,1,39,23,18,17,41,34,9,3,24,10,32,13,42,35,28,5,49,40,46,48,20,21,30,37,44,38,29,8,19,27,7,33,11,2,15,26,4,
1723,84.62143325805664,69258.28546666668,58001.14300000001,0,25,14,31,22,12,47,36,43,6,45,16,1,39,23,18,17,41,34,9,3,24,10,32,13,42,35,28,5,49,40,46,48,20,21,30,37,44,38,29,8,19,27,7,33,11,2,15,26,4,
1724,84.65843343734741,67604.61073333336,58001.14300000001,0,25,14,31,22,12,47,36,43,6,45,16,1,39,23,18,17,41,34,9,3,24,10,32,13,42,35,28,5,49,40,46,48,20,21,30,37,44,38,29,8,19,27,7,33,11,2,15,26,4,
1725,84.6964316368103,65898.34349333336,58001.14300000001,0,25,14,31,22,12,47,36,43,6,45,16,1,39,23,18,17,41,34,9,3,24,10,32,13,42,35,28,5,49,40,46,48,20,21,30,37,44,38,29,8,19,27,7,33,11,2,15,26,4,
1726,84.73443293571472,66684.40364000002,58001.14300000001,0,25,14,31,22,12,47,36,43,6,45,16,1,39,23,18,17,41,34,9,3,24,10,32,13,42,35,28,5,49,40,46,48,20,21,30,37,44,38,29,8,19,27,7,33,11,2,15,26,4,
1727,84.77043104171753,68357.25801333334,58001.14300000001,0,25,14,31,22,12,47,36,43,6,45,16,1,39,23,18,17,41,34,9,3,24,10,32,13,42,35,28,5,49,40,46,48,20,21,30,37,44,38,29,8,19,27,7,33,11,2,15,26,4,
1728,84.8094699382782,67836.55966666668,58001.14300000001,0,25,14,31,22,12,47,36,43,6,45,16,1,39,23,18,17,41,34,9,3,24,10,32,13,42,35,28,5,49,40,46,48,20,21,30,37,44,38,29,8,19,27,7,33,11,2,15,26,4,
1729,84.84646964073181,68214.20116000001,58001.14300000001,0,25,14,31,22,12,47,36,43,6,45,16,1,39,23,18,17,41,34,9,3,24,10,32,13,42,35,28,5,49,40,46,48,20,21,30,37,44,38,29,8,19,27,7,33,11,2,15,26,4,
1730,84.88150930404663,67090.29906666667,58001.14300000001,0,25,14,31,22,12,47,36,43,6,45,16,1,39,23,18,17,41,34,9,3,24,10,32,13,42,35,28,5,49,40,46,48,20,21,30,37,44,38,29,8,19,27,7,33,11,2,15,26,4,
1731,84.91947317123413,67824.21056000002,58001.14300000001,0,25,14,31,22,12,47,36,43,6,45,16,1,39,23,18,17,41,34,9,3,24,10,32,13,42,35,28,5,49,40,46,48,20,21,30,37,44,38,29,8,19,27,7,33,11,2,15,26,4,
1732,84.9574294090271,67974.64601333335,58001.14300000001,0,25,14,31,22,12,47,36,43,6,45,16,1,39,23,18,17,41,34,9,3,24,10,32,13,42,35,28,5,49,40,46,48,20,21,30,37,44,38,29,8,19,27,7,33,11,2,15,26,4,
1733,84.99539184570312,68314.16981333336,58001.14300000001,0,25,14,31,22,12,47,36,43,6,45,16,1,39,23,18,17,41,34,9,3,24,10,32,13,42,35,28,5,49,40,46,48,20,21,30,37,44,38,29,8,19,27,7,33,11,2,15,26,4,
1734,85.0313971042633,68936.47418666669,58001.14300000001,0,25,14,31,22,12,47,36,43,6,45,16,1,39,23,18,17,41,34,9,3,24,10,32,13,42,35,28,5,49,40,46,48,20,21,30,37,44,38,29,8,19,27,7,33,11,2,15,26,4,
1735,85.06739330291748,69217.24314666669,58001.14300000001,0,25,14,31,22,12,47,36,43,6,45,16,1,39,23,18,17,41,34,9,3,24,10,32,13,42,35,28,5,49,40,46,48,20,21,30,37,44,38,29,8,19,27,7,33,11,2,15,26,4,
1736,85.10438656806946,68349.74588000002,58001.14300000001,0,25,14,31,22,12,47,36,43,6,45,16,1,39,23,18,17,41,34,9,3,24,10,32,13,42,35,28,5,49,40,46,48,20,21,30,37,44,38,29,8,19,27,7,33,11,2,15,26,4,
1737,85.14438080787659,68398.68892000002,58001.14300000001,0,25,14,31,22,12,47,36,43,6,45,16,1,39,23,18,17,41,34,9,3,24,10,32,13,42,35,28,5,49,40,46,48,20,21,30,37,44,38,29,8,19,27,7,33,11,2,15,26,4,
1738,85.18142127990723,67976.86369333335,58001.14300000001,0,25,14,31,22,12,47,36,43,6,45,16,1,39,23,18,17,41,34,9,3,24,10,32,13,42,35,28,5,49,40,46,48,20,21,30,37,44,38,29,8,19,27,7,33,11,2,15,26,4,
1739,85.21941542625427,69025.16120000002,58001.14300000001,0,25,14,31,22,12,47,36,43,6,45,16,1,39,23,18,17,41,34,9,3,24,10,32,13,42,35,28,5,49,40,46,48,20,21,30,37,44,38,29,8,19,27,7,33,11,2,15,26,4,
1740,85.25641322135925,69085.65400000001,58001.14300000001,0,25,14,31,22,12,47,36,43,6,45,16,1,39,23,18,17,41,34,9,3,24,10,32,13,42,35,28,5,49,40,46,48,20,21,30,37,44,38,29,8,19,27,7,33,11,2,15,26,4,
1741,85.29237198829651,70463.62133333333,58001.14300000001,0,25,14,31,22,12,47,36,43,6,45,16,1,39,23,18,17,41,34,9,3,24,10,32,13,42,35,28,5,49,40,46,48,20,21,30,37,44,38,29,8,19,27,7,33,11,2,15,26,4,
1742,85.32833170890808,71685.17020000001,58001.14300000001,0,25,14,31,22,12,47,36,43,6,45,16,1,39,23,18,17,41,34,9,3,24,10,32,13,42,35,28,5,49,40,46,48,20,21,30,37,44,38,29,8,19,27,7,33,11,2,15,26,4,
1743,85.36429047584534,68671.11116000001,58001.14300000001,0,25,14,31,22,12,47,36,43,6,45,16,1,39,23,18,17,41,34,9,3,24,10,32,13,42,35,28,5,49,40,46,48,20,21,30,37,44,38,29,8,19,27,7,33,11,2,15,26,4,
1744,85.40028810501099,70186.28449333335,58001.14300000001,0,25,14,31,22,12,47,36,43,6,45,16,1,39,23,18,17,41,34,9,3,24,10,32,13,42,35,28,5,49,40,46,48,20,21,30,37,44,38,29,8,19,27,7,33,11,2,15,26,4,
1745,85.43728923797607,71523.55650666665,58001.14300000001,0,25,14,31,22,12,47,36,43,6,45,16,1,39,23,18,17,41,34,9,3,24,10,32,13,42,35,28,5,49,40,46,48,20,21,30,37,44,38,29,8,19,27,7,33,11,2,15,26,4,
1746,85.47424793243408,71970.70457333332,58001.14300000001,0,25,14,31,22,12,47,36,43,6,45,16,1,39,23,18,17,41,34,9,3,24,10,32,13,42,35,28,5,49,40,46,48,20,21,30,37,44,38,29,8,19,27,7,33,11,2,15,26,4,
1747,85.51128196716309,73085.94409333334,58001.14300000001,0,25,14,31,22,12,47,36,43,6,45,16,1,39,23,18,17,41,34,9,3,24,10,32,13,42,35,28,5,49,40,46,48,20,21,30,37,44,38,29,8,19,27,7,33,11,2,15,26,4,
1748,85.54827117919922,71956.64729333334,58001.14300000001,0,25,14,31,22,12,47,36,43,6,45,16,1,39,23,18,17,41,34,9,3,24,10,32,13,42,35,28,5,49,40,46,48,20,21,30,37,44,38,29,8,19,27,7,33,11,2,15,26,4,
1749,85.58526921272278,70855.20746666669,58001.14300000001,0,25,14,31,22,12,47,36,43,6,45,16,1,39,23,18,17,41,34,9,3,24,10,32,13,42,35,28,5,49,40,46,48,20,21,30,37,44,38,29,8,19,27,7,33,11,2,15,26,4,
1750,85.62127113342285,68873.78625333334,58001.14300000001,0,25,14,31,22,12,47,36,43,6,45,16,1,39,23,18,17,41,34,9,3,24,10,32,13,42,35,28,5,49,40,46,48,20,21,30,37,44,38,29,8,19,27,7,33,11,2,15,26,4,
1751,85.65827059745789,70580.81452000001,58001.14300000001,0,25,14,31,22,12,47,36,43,6,45,16,1,39,23,18,17,41,34,9,3,24,10,32,13,42,35,28,5,49,40,46,48,20,21,30,37,44,38,29,8,19,27,7,33,11,2,15,26,4,
1752,85.69530701637268,70492.71626666668,58001.14300000001,0,25,14,31,22,12,47,36,43,6,45,16,1,39,23,18,17,41,34,9,3,24,10,32,13,42,35,28,5,49,40,46,48,20,21,30,37,44,38,29,8,19,27,7,33,11,2,15,26,4,
1753,85.73430824279785,71167.43052000002,58001.14300000001,0,25,14,31,22,12,47,36,43,6,45,16,1,39,23,18,17,41,34,9,3,24,10,32,13,42,35,28,5,49,40,46,48,20,21,30,37,44,38,29,8,19,27,7,33,11,2,15,26,4,
1754,85.76930737495422,72936.34102666668,58001.14300000001,0,25,14,31,22,12,47,36,43,6,45,16,1,39,23,18,17,41,34,9,3,24,10,32,13,42,35,28,5,49,40,46,48,20,21,30,37,44,38,29,8,19,27,7,33,11,2,15,26,4,
1755,85.80830645561218,70770.02044000001,58001.14300000001,0,25,14,31,22,12,47,36,43,6,45,16,1,39,23,18,17,41,34,9,3,24,10,32,13,42,35,28,5,49,40,46,48,20,21,30,37,44,38,29,8,19,27,7,33,11,2,15,26,4,
1756,85.84630274772644,70739.46729333336,58001.14300000001,0,25,14,31,22,12,47,36,43,6,45,16,1,39,23,18,17,41,34,9,3,24,10,32,13,42,35,28,5,49,40,46,48,20,21,30,37,44,38,29,8,19,27,7,33,11,2,15,26,4,
1757,85.8842658996582,70003.77305333335,58001.14300000001,0,25,14,31,22,12,47,36,43,6,45,16,1,39,23,18,17,41,34,9,3,24,10,32,13,42,35,28,5,49,40,46,48,20,21,30,37,44,38,29,8,19,27,7,33,11,2,15,26,4,
1758,85.92026281356812,69942.26000000002,58001.14300000001,0,25,14,31,22,12,47,36,43,6,45,16,1,39,23,18,17,41,34,9,3,24,10,32,13,42,35,28,5,49,40,46,48,20,21,30,37,44,38,29,8,19,27,7,33,11,2,15,26,4,
1759,85.95626306533813,67782.45485333337,58001.14300000001,0,25,14,31,22,12,47,36,43,6,45,16,1,39,23,18,17,41,34,9,3,24,10,32,13,42,35,28,5,49,40,46,48,20,21,30,37,44,38,29,8,19,27,7,33,11,2,15,26,4,
1760,85.99429869651794,69550.31165333337,58001.14300000001,0,25,14,31,22,12,47,36,43,6,45,16,1,39,23,18,17,41,34,9,3,24,10,32,13,42,35,28,5,49,40,46,48,20,21,30,37,44,38,29,8,19,27,7,33,11,2,15,26,4,
1761,86.03329873085022,69964.47210666668,58001.14300000001,0,25,14,31,22,12,47,36,43,6,45,16,1,39,23,18,17,41,34,9,3,24,10,32,13,42,35,28,5,49,40,46,48,20,21,30,37,44,38,29,8,19,27,7,33,11,2,15,26,4,
1762,86.06929683685303,70212.41698666669,58001.14300000001,0,25,14,31,22,12,47,36,43,6,45,16,1,39,23,18,17,41,34,9,3,24,10,32,13,42,35,28,5,49,40,46,48,20,21,30,37,44,38,29,8,19,27,7,33,11,2,15,26,4,
1763,86.10729551315308,69237.82053333335,58001.14300000001,0,25,14,31,22,12,47,36,43,6,45,16,1,39,23,18,17,41,34,9,3,24,10,32,13,42,35,28,5,49,40,46,48,20,21,30,37,44,38,29,8,19,27,7,33,11,2,15,26,4,
1764,86.1432945728302,69600.63530666668,58001.14300000001,0,25,14,31,22,12,47,36,43,6,45,16,1,39,23,18,17,41,34,9,3,24,10,32,13,42,35,28,5,49,40,46,48,20,21,30,37,44,38,29,8,19,27,7,33,11,2,15,26,4,
1765,86.182293176651,74978.55014666669,58001.14300000001,0,25,14,31,22,12,47,36,43,6,45,16,1,39,23,18,17,41,34,9,3,24,10,32,13,42,35,28,5,49,40,46,48,20,21,30,37,44,38,29,8,19,27,7,33,11,2,15,26,4,
1766,86.22029280662537,74116.58912000002,58001.14300000001,0,25,14,31,22,12,47,36,43,6,45,16,1,39,23,18,17,41,34,9,3,24,10,32,13,42,35,28,5,49,40,46,48,20,21,30,37,44,38,29,8,19,27,7,33,11,2,15,26,4,
1767,86.25729608535767,70890.22196000002,58001.14300000001,0,25,14,31,22,12,47,36,43,6,45,16,1,39,23,18,17,41,34,9,3,24,10,32,13,42,35,28,5,49,40,46,48,20,21,30,37,44,38,29,8,19,27,7,33,11,2,15,26,4,
1768,86.29433274269104,69079.1277066667,58001.14300000001,0,25,14,31,22,12,47,36,43,6,45,16,1,39,23,18,17,41,34,9,3,24,10,32,13,42,35,28,5,49,40,46,48,20,21,30,37,44,38,29,8,19,27,7,33,11,2,15,26,4,
1769,86.33133125305176,70013.58481333336,58001.14300000001,0,25,14,31,22,12,47,36,43,6,45,16,1,39,23,18,17,41,34,9,3,24,10,32,13,42,35,28,5,49,40,46,48,20,21,30,37,44,38,29,8,19,27,7,33,11,2,15,26,4,
1770,86.36632919311523,69332.12306666668,58001.14300000001,0,25,14,31,22,12,47,36,43,6,45,16,1,39,23,18,17,41,34,9,3,24,10,32,13,42,35,28,5,49,40,46,48,20,21,30,37,44,38,29,8,19,27,7,33,11,2,15,26,4,
1771,86.40336894989014,68310.05224000002,58001.14300000001,0,25,14,31,22,12,47,36,43,6,45,16,1,39,23,18,17,41,34,9,3,24,10,32,13,42,35,28,5,49,40,46,48,20,21,30,37,44,38,29,8,19,27,7,33,11,2,15,26,4,
1772,86.43941903114319,68969.6288,58001.14300000001,0,25,14,31,22,12,47,36,43,6,45,16,1,39,23,18,17,41,34,9,3,24,10,32,13,42,35,28,5,49,40,46,48,20,21,30,37,44,38,29,8,19,27,7,33,11,2,15,26,4,
1773,86.47538423538208,67694.19077333334,58001.14300000001,0,25,14,31,22,12,47,36,43,6,45,16,1,39,23,18,17,41,34,9,3,24,10,32,13,42,35,28,5,49,40,46,48,20,21,30,37,44,38,29,8,19,27,7,33,11,2,15,26,4,
1774,86.51139783859253,69461.43833333335,58001.14300000001,0,25,14,31,22,12,47,36,43,6,45,16,1,39,23,18,17,41,34,9,3,24,10,32,13,42,35,28,5,49,40,46,48,20,21,30,37,44,38,29,8,19,27,7,33,11,2,15,26,4,
1775,86.5484356880188,70046.33436000002,58001.14300000001,0,25,14,31,22,12,47,36,43,6,45,16,1,39,23,18,17,41,34,9,3,24,10,32,13,42,35,28,5,49,40,46,48,20,21,30,37,44,38,29,8,19,27,7,33,11,2,15,26,4,
1776,86.58444952964783,67262.13012000002,58001.14300000001,0,25,14,31,22,12,47,36,43,6,45,16,1,39,23,18,17,41,34,9,3,24,10,32,13,42,35,28,5,49,40,46,48,20,21,30,37,44,38,29,8,19,27,7,33,11,2,15,26,4,
1777,86.62241196632385,68494.44540000001,58001.14300000001,0,25,14,31,22,12,47,36,43,6,45,16,1,39,23,18,17,41,34,9,3,24,10,32,13,42,35,28,5,49,40,46,48,20,21,30,37,44,38,29,8,19,27,7,33,11,2,15,26,4,
1778,86.6614019870758,67267.74768000001,58001.14300000001,0,25,14,31,22,12,47,36,43,6,45,16,1,39,23,18,17,41,34,9,3,24,10,32,13,42,35,28,5,49,40,46,48,20,21,30,37,44,38,29,8,19,27,7,33,11,2,15,26,4,
1779,86.69940567016602,67097.67329333334,58001.14300000001,0,25,14,31,22,12,47,36,43,6,45,16,1,39,23,18,17,41,34,9,3,24,10,32,13,42,35,28,5,49,40,46,48,20,21,30,37,44,38,29,8,19,27,7,33,11,2,15,26,4,
1780,86.73635458946228,67681.22565333336,58001.14300000001,0,25,14,31,22,12,47,36,43,6,45,16,1,39,23,18,17,41,34,9,3,24,10,32,13,42,35,28,5,49,40,46,48,20,21,30,37,44,38,29,8,19,27,7,33,11,2,15,26,4,
1781,86.77436661720276,68205.10849333335,58001.14300000001,0,25,14,31,22,12,47,36,43,6,45,16,1,39,23,18,17,41,34,9,3,24,10,32,13,42,35,28,5,49,40,46,48,20,21,30,37,44,38,29,8,19,27,7,33,11,2,15,26,4,
1782,86.81232833862305,68355.98693333335,58001.14300000001,0,25,14,31,22,12,47,36,43,6,45,16,1,39,23,18,17,41,34,9,3,24,10,32,13,42,35,28,5,49,40,46,48,20,21,30,37,44,38,29,8,19,27,7,33,11,2,15,26,4,
1783,86.85028553009033,68309.84248000002,58001.14300000001,0,25,14,31,22,12,47,36,43,6,45,16,1,39,23,18,17,41,34,9,3,24,10,32,13,42,35,28,5,49,40,46,48,20,21,30,37,44,38,29,8,19,27,7,33,11,2,15,26,4,
1784,86.8872435092926,69197.64757333335,58001.14300000001,0,25,14,31,22,12,47,36,43,6,45,16,1,39,23,18,17,41,34,9,3,24,10,32,13,42,35,28,5,49,40,46,48,20,21,30,37,44,38,29,8,19,27,7,33,11,2,15,26,4,
1785,86.92624402046204,71002.16396,58001.14300000001,0,25,14,31,22,12,47,36,43,6,45,16,1,39,23,18,17,41,34,9,3,24,10,32,13,42,35,28,5,49,40,46,48,20,21,30,37,44,38,29,8,19,27,7,33,11,2,15,26,4,
1786,86.96324372291565,69554.1766,58001.14300000001,0,25,14,31,22,12,47,36,43,6,45,16,1,39,23,18,17,41,34,9,3,24,10,32,13,42,35,28,5,49,40,46,48,20,21,30,37,44,38,29,8,19,27,7,33,11,2,15,26,4,
1787,87.00124216079712,68713.17793333334,58001.14300000001,0,25,14,31,22,12,47,36,43,6,45,16,1,39,23,18,17,41,34,9,3,24,10,32,13,42,35,28,5,49,40,46,48,20,21,30,37,44,38,29,8,19,27,7,33,11,2,15,26,4,
1788,87.04024386405945,71660.13504000001,58001.14300000001,0,25,14,31,22,12,47,36,43,6,45,16,1,39,23,18,17,41,34,9,3,24,10,32,13,42,35,28,5,49,40,46,48,20,21,30,37,44,38,29,8,19,27,7,33,11,2,15,26,4,
1789,87.07824778556824,68920.7844266667,58001.14300000001,0,25,14,31,22,12,47,36,43,6,45,16,1,39,23,18,17,41,34,9,3,24,10,32,13,42,35,28,5,49,40,46,48,20,21,30,37,44,38,29,8,19,27,7,33,11,2,15,26,4,
1790,87.11430072784424,69567.52240000002,58001.14300000001,0,25,14,31,22,12,47,36,43,6,45,16,1,39,23,18,17,41,34,9,3,24,10,32,13,42,35,28,5,49,40,46,48,20,21,30,37,44,38,29,8,19,27,7,33,11,2,15,26,4,
1791,87.15330004692078,70832.67789333334,58001.14300000001,0,25,14,31,22,12,47,36,43,6,45,16,1,39,23,18,17,41,34,9,3,24,10,32,13,42,35,28,5,49,40,46,48,20,21,30,37,44,38,29,8,19,27,7,33,11,2,15,26,4,
1792,87.19026517868042,71463.8742666667,58001.14300000001,0,25,14,31,22,12,47,36,43,6,45,16,1,39,23,18,17,41,34,9,3,24,10,32,13,42,35,28,5,49,40,46,48,20,21,30,37,44,38,29,8,19,27,7,33,11,2,15,26,4,
1793,87.22726392745972,70549.0303066667,58001.14300000001,0,25,14,31,22,12,47,36,43,6,45,16,1,39,23,18,17,41,34,9,3,24,10,32,13,42,35,28,5,49,40,46,48,20,21,30,37,44,38,29,8,19,27,7,33,11,2,15,26,4,
1794,87.26226305961609,67477.0005466667,58001.14300000001,0,25,14,31,22,12,47,36,43,6,45,16,1,39,23,18,17,41,34,9,3,24,10,32,13,42,35,28,5,49,40,46,48,20,21,30,37,44,38,29,8,19,27,7,33,11,2,15,26,4,
1795,87.29926371574402,67413.26988000004,58001.14300000001,0,25,14,31,22,12,47,36,43,6,45,16,1,39,23,18,17,41,34,9,3,24,10,32,13,42,35,28,5,49,40,46,48,20,21,30,37,44,38,29,8,19,27,7,33,11,2,15,26,4,
1796,87.33526158332825,67322.50290666669,58001.14300000001,0,25,14,31,22,12,47,36,43,6,45,16,1,39,23,18,17,41,34,9,3,24,10,32,13,42,35,28,5,49,40,46,48,20,21,30,37,44,38,29,8,19,27,7,33,11,2,15,26,4,
1797,87.37326121330261,68394.12289333336,58001.14300000001,0,25,14,31,22,12,47,36,43,6,45,16,1,39,23,18,17,41,34,9,3,24,10,32,13,42,35,28,5,49,40,46,48,20,21,30,37,44,38,29,8,19,27,7,33,11,2,15,26,4,
1798,87.41126155853271,70748.68572000004,58001.14300000001,0,25,14,31,22,12,47,36,43,6,45,16,1,39,23,18,17,41,34,9,3,24,10,32,13,42,35,28,5,49,40,46,48,20,21,30,37,44,38,29,8,19,27,7,33,11,2,15,26,4,
1799,90.14926552772522,69808.61669333334,58001.14300000001,0,25,14,31,22,12,47,36,43,6,45,16,1,39,23,18,17,41,34,9,3,24,10,32,13,42,35,28,5,49,40,46,48,20,21,30,37,44,38,29,8,19,27,7,33,11,2,15,26,4,
1800,90.1852617263794,70111.29086666669,58001.14300000001,0,25,14,31,22,12,47,36,43,6,45,16,1,39,23,18,17,41,34,9,3,24,10,32,13,42,35,28,5,49,40,46,48,20,21,30,37,44,38,29,8,19,27,7,33,11,2,15,26,4,
1801,90.22126793861389,69383.3102666667,58001.14300000001,0,25,14,31,22,12,47,36,43,6,45,16,1,39,23,18,17,41,34,9,3,24,10,32,13,42,35,28,5,49,40,46,48,20,21,30,37,44,38,29,8,19,27,7,33,11,2,15,26,4,
1802,90.2582278251648,68183.39813333336,58001.14300000001,0,25,14,31,22,12,47,36,43,6,45,16,1,39,23,18,17,41,34,9,3,24,10,32,13,42,35,28,5,49,40,46,48,20,21,30,37,44,38,29,8,19,27,7,33,11,2,15,26,4,
1803,90.29618263244629,69361.81109333335,58001.14300000001,0,25,14,31,22,12,47,36,43,6,45,16,1,39,23,18,17,41,34,9,3,24,10,32,13,42,35,28,5,49,40,46,48,20,21,30,37,44,38,29,8,19,27,7,33,11,2,15,26,4,
1804,90.33414387702942,67633.55537333335,58001.14300000001,0,25,14,31,22,12,47,36,43,6,45,16,1,39,23,18,17,41,34,9,3,24,10,32,13,42,35,28,5,49,40,46,48,20,21,30,37,44,38,29,8,19,27,7,33,11,2,15,26,4,
1805,90.37214779853821,70196.513,58001.14300000001,0,25,14,31,22,12,47,36,43,6,45,16,1,39,23,18,17,41,34,9,3,24,10,32,13,42,35,28,5,49,40,46,48,20,21,30,37,44,38,29,8,19,27,7,33,11,2,15,26,4,
1806,90.41114592552185,71660.30922666668,58001.14300000001,0,25,14,31,22,12,47,36,43,6,45,16,1,39,23,18,17,41,34,9,3,24,10,32,13,42,35,28,5,49,40,46,48,20,21,30,37,44,38,29,8,19,27,7,33,11,2,15,26,4,
1807,90.4481463432312,70777.85198666668,58001.14300000001,0,25,14,31,22,12,47,36,43,6,45,16,1,39,23,18,17,41,34,9,3,24,10,32,13,42,35,28,5,49,40,46,48,20,21,30,37,44,38,29,8,19,27,7,33,11,2,15,26,4,
1808,90.48414349555969,69920.32528000002,58001.14300000001,0,25,14,31,22,12,47,36,43,6,45,16,1,39,23,18,17,41,34,9,3,24,10,32,13,42,35,28,5,49,40,46,48,20,21,30,37,44,38,29,8,19,27,7,33,11,2,15,26,4,
1809,90.5221471786499,69906.4215466667,58001.14300000001,0,25,14,31,22,12,47,36,43,6,45,16,1,39,23,18,17,41,34,9,3,24,10,32,13,42,35,28,5,49,40,46,48,20,21,30,37,44,38,29,8,19,27,7,33,11,2,15,26,4,
1810,90.55920052528381,69373.92141333337,58001.14300000001,0,25,14,31,22,12,47,36,43,6,45,16,1,39,23,18,17,41,34,9,3,24,10,32,13,42,35,28,5,49,40,46,48,20,21,30,37,44,38,29,8,19,27,7,33,11,2,15,26,4,
1811,90.59720754623413,69606.95934666668,58001.14300000001,0,25,14,31,22,12,47,36,43,6,45,16,1,39,23,18,17,41,34,9,3,24,10,32,13,42,35,28,5,49,40,46,48,20,21,30,37,44,38,29,8,19,27,7,33,11,2,15,26,4,
1812,90.634202003479,71146.69668000001,58001.14300000001,0,25,14,31,22,12,47,36,43,6,45,16,1,39,23,18,17,41,34,9,3,24,10,32,13,42,35,28,5,49,40,46,48,20,21,30,37,44,38,29,8,19,27,7,33,11,2,15,26,4,
1813,90.67220544815063,71610.14629333335,58001.14300000001,0,25,14,31,22,12,47,36,43,6,45,16,1,39,23,18,17,41,34,9,3,24,10,32,13,42,35,28,5,49,40,46,48,20,21,30,37,44,38,29,8,19,27,7,33,11,2,15,26,4,
1814,90.70915746688843,72164.7735466667,58001.14300000001,0,25,14,31,22,12,47,36,43,6,45,16,1,39,23,18,17,41,34,9,3,24,10,32,13,42,35,28,5,49,40,46,48,20,21,30,37,44,38,29,8,19,27,7,33,11,2,15,26,4,
1815,90.74715209007263,71331.8695466667,58001.14300000001,0,25,14,31,22,12,47,36,43,6,45,16,1,39,23,18,17,41,34,9,3,24,10,32,13,42,35,28,5,49,40,46,48,20,21,30,37,44,38,29,8,19,27,7,33,11,2,15,26,4,
1816,90.78411650657654,72307.14010666669,58001.14300000001,0,25,14,31,22,12,47,36,43,6,45,16,1,39,23,18,17,41,34,9,3,24,10,32,13,42,35,28,5,49,40,46,48,20,21,30,37,44,38,29,8,19,27,7,33,11,2,15,26,4,
1817,90.8211133480072,73240.87237333333,58001.14300000001,0,25,14,31,22,12,47,36,43,6,45,16,1,39,23,18,17,41,34,9,3,24,10,32,13,42,35,28,5,49,40,46,48,20,21,30,37,44,38,29,8,19,27,7,33,11,2,15,26,4,
1818,90.85807347297668,70815.88453333336,58001.14300000001,0,25,14,31,22,12,47,36,43,6,45,16,1,39,23,18,17,41,34,9,3,24,10,32,13,42,35,28,5,49,40,46,48,20,21,30,37,44,38,29,8,19,27,7,33,11,2,15,26,4,
1819,90.89512467384338,68796.77712000001,58001.14300000001,0,25,14,31,22,12,47,36,43,6,45,16,1,39,23,18,17,41,34,9,3,24,10,32,13,42,35,28,5,49,40,46,48,20,21,30,37,44,38,29,8,19,27,7,33,11,2,15,26,4,
1820,90.9331591129303,69889.95269333335,58001.14300000001,0,25,14,31,22,12,47,36,43,6,45,16,1,39,23,18,17,41,34,9,3,24,10,32,13,42,35,28,5,49,40,46,48,20,21,30,37,44,38,29,8,19,27,7,33,11,2,15,26,4,
1821,90.97119808197021,69559.96660000001,58001.14300000001,0,25,14,31,22,12,47,36,43,6,45,16,1,39,23,18,17,41,34,9,3,24,10,32,13,42,35,28,5,49,40,46,48,20,21,30,37,44,38,29,8,19,27,7,33,11,2,15,26,4,
1822,91.0081582069397,70652.42729333336,58001.14300000001,0,25,14,31,22,12,47,36,43,6,45,16,1,39,23,18,17,41,34,9,3,24,10,32,13,42,35,28,5,49,40,46,48,20,21,30,37,44,38,29,8,19,27,7,33,11,2,15,26,4,
1823,91.04521679878235,73593.07098666667,58001.14300000001,0,25,14,31,22,12,47,36,43,6,45,16,1,39,23,18,17,41,34,9,3,24,10,32,13,42,35,28,5,49,40,46,48,20,21,30,37,44,38,29,8,19,27,7,33,11,2,15,26,4,
1824,91.08117985725403,71388.08588000001,58001.14300000001,0,25,14,31,22,12,47,36,43,6,45,16,1,39,23,18,17,41,34,9,3,24,10,32,13,42,35,28,5,49,40,46,48,20,21,30,37,44,38,29,8,19,27,7,33,11,2,15,26,4,
1825,91.12017893791199,69808.77297333334,58001.14300000001,0,25,14,31,22,12,47,36,43,6,45,16,1,39,23,18,17,41,34,9,3,24,10,32,13,42,35,28,5,49,40,46,48,20,21,30,37,44,38,29,8,19,27,7,33,11,2,15,26,4,
1826,91.1551399230957,71322.19180000002,58001.14300000001,0,25,14,31,22,12,47,36,43,6,45,16,1,39,23,18,17,41,34,9,3,24,10,32,13,42,35,28,5,49,40,46,48,20,21,30,37,44,38,29,8,19,27,7,33,11,2,15,26,4,
1827,91.19214296340942,71023.35925333333,58001.14300000001,0,25,14,31,22,12,47,36,43,6,45,16,1,39,23,18,17,41,34,9,3,24,10,32,13,42,35,28,5,49,40,46,48,20,21,30,37,44,38,29,8,19,27,7,33,11,2,15,26,4,
1828,91.22810435295105,70884.02228,58001.14300000001,0,25,14,31,22,12,47,36,43,6,45,16,1,39,23,18,17,41,34,9,3,24,10,32,13,42,35,28,5,49,40,46,48,20,21,30,37,44,38,29,8,19,27,7,33,11,2,15,26,4,
1829,91.26213812828064,70364.23188,58001.14300000001,0,25,14,31,22,12,47,36,43,6,45,16,1,39,23,18,17,41,34,9,3,24,10,32,13,42,35,28,5,49,40,46,48,20,21,30,37,44,38,29,8,19,27,7,33,11,2,15,26,4,
1830,91.30110120773315,70703.50684,58001.14300000001,0,25,14,31,22,12,47,36,43,6,45,16,1,39,23,18,17,41,34,9,3,24,10,32,13,42,35,28,5,49,40,46,48,20,21,30,37,44,38,29,8,19,27,7,33,11,2,15,26,4,
1831,91.34115314483643,67123.34374666667,58001.14300000001,0,25,14,31,22,12,47,36,43,6,45,16,1,39,23,18,17,41,34,9,3,24,10,32,13,42,35,28,5,49,40,46,48,20,21,30,37,44,38,29,8,19,27,7,33,11,2,15,26,4,
1832,91.37715363502502,67944.24094666666,58001.14300000001,0,25,14,31,22,12,47,36,43,6,45,16,1,39,23,18,17,41,34,9,3,24,10,32,13,42,35,28,5,49,40,46,48,20,21,30,37,44,38,29,8,19,27,7,33,11,2,15,26,4,
1833,91.41218876838684,67981.20854666669,58001.14300000001,0,25,14,31,22,12,47,36,43,6,45,16,1,39,23,18,17,41,34,9,3,24,10,32,13,42,35,28,5,49,40,46,48,20,21,30,37,44,38,29,8,19,27,7,33,11,2,15,26,4,
1834,91.45423793792725,68587.02774666669,58001.14300000001,0,25,14,31,22,12,47,36,43,6,45,16,1,39,23,18,17,41,34,9,3,24,10,32,13,42,35,28,5,49,40,46,48,20,21,30,37,44,38,29,8,19,27,7,33,11,2,15,26,4,
1835,91.48927712440491,69017.55437333335,58001.14300000001,0,25,14,31,22,12,47,36,43,6,45,16,1,39,23,18,17,41,34,9,3,24,10,32,13,42,35,28,5,49,40,46,48,20,21,30,37,44,38,29,8,19,27,7,33,11,2,15,26,4,
1836,91.53027510643005,67200.72026666669,58001.14300000001,0,25,14,31,22,12,47,36,43,6,45,16,1,39,23,18,17,41,34,9,3,24,10,32,13,42,35,28,5,49,40,46,48,20,21,30,37,44,38,29,8,19,27,7,33,11,2,15,26,4,
1837,91.56728029251099,68365.34253333336,58001.14300000001,0,25,14,31,22,12,47,36,43,6,45,16,1,39,23,18,17,41,34,9,3,24,10,32,13,42,35,28,5,49,40,46,48,20,21,30,37,44,38,29,8,19,27,7,33,11,2,15,26,4,
1838,91.60331177711487,69852.85689333336,58001.14300000001,0,25,14,31,22,12,47,36,43,6,45,16,1,39,23,18,17,41,34,9,3,24,10,32,13,42,35,28,5,49,40,46,48,20,21,30,37,44,38,29,8,19,27,7,33,11,2,15,26,4,
1839,91.63926720619202,72576.66494666667,58001.14300000001,0,25,14,31,22,12,47,36,43,6,45,16,1,39,23,18,17,41,34,9,3,24,10,32,13,42,35,28,5,49,40,46,48,20,21,30,37,44,38,29,8,19,27,7,33,11,2,15,26,4,
1840,91.67522692680359,71440.44816000001,58001.14300000001,0,25,14,31,22,12,47,36,43,6,45,16,1,39,23,18,17,41,34,9,3,24,10,32,13,42,35,28,5,49,40,46,48,20,21,30,37,44,38,29,8,19,27,7,33,11,2,15,26,4,
1841,91.71226859092712,71160.95942666668,58001.14300000001,0,25,14,31,22,12,47,36,43,6,45,16,1,39,23,18,17,41,34,9,3,24,10,32,13,42,35,28,5,49,40,46,48,20,21,30,37,44,38,29,8,19,27,7,33,11,2,15,26,4,
1842,91.74930381774902,71100.43117333335,58001.14300000001,0,25,14,31,22,12,47,36,43,6,45,16,1,39,23,18,17,41,34,9,3,24,10,32,13,42,35,28,5,49,40,46,48,20,21,30,37,44,38,29,8,19,27,7,33,11,2,15,26,4,
1843,91.786301612854,70170.35626666668,58001.14300000001,0,25,14,31,22,12,47,36,43,6,45,16,1,39,23,18,17,41,34,9,3,24,10,32,13,42,35,28,5,49,40,46,48,20,21,30,37,44,38,29,8,19,27,7,33,11,2,15,26,4,
1844,91.82430052757263,70218.88129333335,58001.14300000001,0,25,14,31,22,12,47,36,43,6,45,16,1,39,23,18,17,41,34,9,3,24,10,32,13,42,35,28,5,49,40,46,48,20,21,30,37,44,38,29,8,19,27,7,33,11,2,15,26,4,
1845,91.86029076576233,66094.28236000001,58001.14300000001,0,25,14,31,22,12,47,36,43,6,45,16,1,39,23,18,17,41,34,9,3,24,10,32,13,42,35,28,5,49,40,46,48,20,21,30,37,44,38,29,8,19,27,7,33,11,2,15,26,4,
1846,91.8972897529602,69766.46800000002,58001.14300000001,0,25,14,31,22,12,47,36,43,6,45,16,1,39,23,18,17,41,34,9,3,24,10,32,13,42,35,28,5,49,40,46,48,20,21,30,37,44,38,29,8,19,27,7,33,11,2,15,26,4,
1847,91.9322862625122,70833.64117333335,58001.14300000001,0,25,14,31,22,12,47,36,43,6,45,16,1,39,23,18,17,41,34,9,3,24,10,32,13,42,35,28,5,49,40,46,48,20,21,30,37,44,38,29,8,19,27,7,33,11,2,15,26,4,
1848,91.96828627586365,69939.62970666669,58001.14300000001,0,25,14,31,22,12,47,36,43,6,45,16,1,39,23,18,17,41,34,9,3,24,10,32,13,42,35,28,5,49,40,46,48,20,21,30,37,44,38,29,8,19,27,7,33,11,2,15,26,4,
1849,92.00628304481506,68007.43073333336,58001.14300000001,0,25,14,31,22,12,47,36,43,6,45,16,1,39,23,18,17,41,34,9,3,24,10,32,13,42,35,28,5,49,40,46,48,20,21,30,37,44,38,29,8,19,27,7,33,11,2,15,26,4,
1850,92.04428243637085,67914.75460000003,58001.14300000001,0,25,14,31,22,12,47,36,43,6,45,16,1,39,23,18,17,41,34,9,3,24,10,32,13,42,35,28,5,49,40,46,48,20,21,30,37,44,38,29,8,19,27,7,33,11,2,15,26,4,
1851,92.08432197570801,67492.99105333336,58001.14300000001,0,25,14,31,22,12,47,36,43,6,45,16,1,39,23,18,17,41,34,9,3,24,10,32,13,42,35,28,5,49,40,46,48,20,21,30,37,44,38,29,8,19,27,7,33,11,2,15,26,4,
1852,92.12037324905396,67007.54774666669,58001.14300000001,0,25,14,31,22,12,47,36,43,6,45,16,1,39,23,18,17,41,34,9,3,24,10,32,13,42,35,28,5,49,40,46,48,20,21,30,37,44,38,29,8,19,27,7,33,11,2,15,26,4,
1853,92.15740871429443,67714.71521333336,58001.14300000001,0,25,14,31,22,12,47,36,43,6,45,16,1,39,23,18,17,41,34,9,3,24,10,32,13,42,35,28,5,49,40,46,48,20,21,30,37,44,38,29,8,19,27,7,33,11,2,15,26,4,
1854,92.19541025161743,67690.99529333334,58001.14300000001,0,25,14,31,22,12,47,36,43,6,45,16,1,39,23,18,17,41,34,9,3,24,10,32,13,42,35,28,5,49,40,46,48,20,21,30,37,44,38,29,8,19,27,7,33,11,2,15,26,4,
1855,92.23444724082947,66123.87129333337,58001.14300000001,0,25,14,31,22,12,47,36,43,6,45,16,1,39,23,18,17,41,34,9,3,24,10,32,13,42,35,28,5,49,40,46,48,20,21,30,37,44,38,29,8,19,27,7,33,11,2,15,26,4,
1856,92.2704861164093,67324.35958666669,58001.14300000001,0,25,14,31,22,12,47,36,43,6,45,16,1,39,23,18,17,41,34,9,3,24,10,32,13,42,35,28,5,49,40,46,48,20,21,30,37,44,38,29,8,19,27,7,33,11,2,15,26,4,
1857,92.30948400497437,67128.39545333336,58001.14300000001,0,25,14,31,22,12,47,36,43,6,45,16,1,39,23,18,17,41,34,9,3,24,10,32,13,42,35,28,5,49,40,46,48,20,21,30,37,44,38,29,8,19,27,7,33,11,2,15,26,4,
1858,92.34448099136353,68280.15052000001,58001.14300000001,0,25,14,31,22,12,47,36,43,6,45,16,1,39,23,18,17,41,34,9,3,24,10,32,13,42,35,28,5,49,40,46,48,20,21,30,37,44,38,29,8,19,27,7,33,11,2,15,26,4,
1859,92.38147068023682,71308.39228,58001.14300000001,0,25,14,31,22,12,47,36,43,6,45,16,1,39,23,18,17,41,34,9,3,24,10,32,13,42,35,28,5,49,40,46,48,20,21,30,37,44,38,29,8,19,27,7,33,11,2,15,26,4,
1860,92.41946721076965,67930.09289333335,58001.14300000001,0,25,14,31,22,12,47,36,43,6,45,16,1,39,23,18,17,41,34,9,3,24,10,32,13,42,35,28,5,49,40,46,48,20,21,30,37,44,38,29,8,19,27,7,33,11,2,15,26,4,
1861,92.45746493339539,68140.7752,58001.14300000001,0,25,14,31,22,12,47,36,43,6,45,16,1,39,23,18,17,41,34,9,3,24,10,32,13,42,35,28,5,49,40,46,48,20,21,30,37,44,38,29,8,19,27,7,33,11,2,15,26,4,
1862,92.4924635887146,70262.51554666668,58001.14300000001,0,25,14,31,22,12,47,36,43,6,45,16,1,39,23,18,17,41,34,9,3,24,10,32,13,42,35,28,5,49,40,46,48,20,21,30,37,44,38,29,8,19,27,7,33,11,2,15,26,4,
1863,92.52946472167969,68323.10805333334,58001.14300000001,0,25,14,31,22,12,47,36,43,6,45,16,1,39,23,18,17,41,34,9,3,24,10,32,13,42,35,28,5,49,40,46,48,20,21,30,37,44,38,29,8,19,27,7,33,11,2,15,26,4,
1864,92.56745314598083,70257.16648000001,58001.14300000001,0,25,14,31,22,12,47,36,43,6,45,16,1,39,23,18,17,41,34,9,3,24,10,32,13,42,35,28,5,49,40,46,48,20,21,30,37,44,38,29,8,19,27,7,33,11,2,15,26,4,
1865,92.73145794868469,71845.64436,58001.14300000001,0,25,14,31,22,12,47,36,43,6,45,16,1,39,23,18,17,41,34,9,3,24,10,32,13,42,35,28,5,49,40,46,48,20,21,30,37,44,38,29,8,19,27,7,33,11,2,15,26,4,
1866,92.76844072341919,72920.25450666668,58001.14300000001,0,25,14,31,22,12,47,36,43,6,45,16,1,39,23,18,17,41,34,9,3,24,10,32,13,42,35,28,5,49,40,46,48,20,21,30,37,44,38,29,8,19,27,7,33,11,2,15,26,4,
1867,92.80743956565857,70846.67097333333,58001.14300000001,0,25,14,31,22,12,47,36,43,6,45,16,1,39,23,18,17,41,34,9,3,24,10,32,13,42,35,28,5,49,40,46,48,20,21,30,37,44,38,29,8,19,27,7,33,11,2,15,26,4,
1868,92.84339880943298,70637.78144,58001.14300000001,0,25,14,31,22,12,47,36,43,6,45,16,1,39,23,18,17,41,34,9,3,24,10,32,13,42,35,28,5,49,40,46,48,20,21,30,37,44,38,29,8,19,27,7,33,11,2,15,26,4,
1869,92.88039565086365,70151.31357333335,58001.14300000001,0,25,14,31,22,12,47,36,43,6,45,16,1,39,23,18,17,41,34,9,3,24,10,32,13,42,35,28,5,49,40,46,48,20,21,30,37,44,38,29,8,19,27,7,33,11,2,15,26,4,
1870,92.91740608215332,71793.89126666667,58001.14300000001,0,25,14,31,22,12,47,36,43,6,45,16,1,39,23,18,17,41,34,9,3,24,10,32,13,42,35,28,5,49,40,46,48,20,21,30,37,44,38,29,8,19,27,7,33,11,2,15,26,4,
1871,92.95440793037415,69735.34676000001,58001.14300000001,0,25,14,31,22,12,47,36,43,6,45,16,1,39,23,18,17,41,34,9,3,24,10,32,13,42,35,28,5,49,40,46,48,20,21,30,37,44,38,29,8,19,27,7,33,11,2,15,26,4,
1872,92.99140453338623,70573.77296000002,58001.14300000001,0,25,14,31,22,12,47,36,43,6,45,16,1,39,23,18,17,41,34,9,3,24,10,32,13,42,35,28,5,49,40,46,48,20,21,30,37,44,38,29,8,19,27,7,33,11,2,15,26,4,
1873,93.0294029712677,69330.26354666668,58001.14300000001,0,25,14,31,22,12,47,36,43,6,45,16,1,39,23,18,17,41,34,9,3,24,10,32,13,42,35,28,5,49,40,46,48,20,21,30,37,44,38,29,8,19,27,7,33,11,2,15,26,4,
1874,93.067453622818,69806.02394666668,58001.14300000001,0,25,14,31,22,12,47,36,43,6,45,16,1,39,23,18,17,41,34,9,3,24,10,32,13,42,35,28,5,49,40,46,48,20,21,30,37,44,38,29,8,19,27,7,33,11,2,15,26,4,
1875,93.10441184043884,69978.62321333335,58001.14300000001,0,25,14,31,22,12,47,36,43,6,45,16,1,39,23,18,17,41,34,9,3,24,10,32,13,42,35,28,5,49,40,46,48,20,21,30,37,44,38,29,8,19,27,7,33,11,2,15,26,4,
1876,93.1394612789154,69383.86396000002,58001.14300000001,0,25,14,31,22,12,47,36,43,6,45,16,1,39,23,18,17,41,34,9,3,24,10,32,13,42,35,28,5,49,40,46,48,20,21,30,37,44,38,29,8,19,27,7,33,11,2,15,26,4,
1877,93.20146012306213,70866.55482666669,58001.14300000001,0,25,14,31,22,12,47,36,43,6,45,16,1,39,23,18,17,41,34,9,3,24,10,32,13,42,35,28,5,49,40,46,48,20,21,30,37,44,38,29,8,19,27,7,33,11,2,15,26,4,
1878,93.23741364479065,70218.20176000001,58001.14300000001,0,25,14,31,22,12,47,36,43,6,45,16,1,39,23,18,17,41,34,9,3,24,10,32,13,42,35,28,5,49,40,46,48,20,21,30,37,44,38,29,8,19,27,7,33,11,2,15,26,4,
1879,93.27637505531311,70160.99189333335,58001.14300000001,0,25,14,31,22,12,47,36,43,6,45,16,1,39,23,18,17,41,34,9,3,24,10,32,13,42,35,28,5,49,40,46,48,20,21,30,37,44,38,29,8,19,27,7,33,11,2,15,26,4,
1880,93.31037473678589,70399.23672000002,58001.14300000001,0,25,14,31,22,12,47,36,43,6,45,16,1,39,23,18,17,41,34,9,3,24,10,32,13,42,35,28,5,49,40,46,48,20,21,30,37,44,38,29,8,19,27,7,33,11,2,15,26,4,
1881,93.3484137058258,70242.97161333336,58001.14300000001,0,25,14,31,22,12,47,36,43,6,45,16,1,39,23,18,17,41,34,9,3,24,10,32,13,42,35,28,5,49,40,46,48,20,21,30,37,44,38,29,8,19,27,7,33,11,2,15,26,4,
1882,93.38345456123352,71324.66290666668,58001.14300000001,0,25,14,31,22,12,47,36,43,6,45,16,1,39,23,18,17,41,34,9,3,24,10,32,13,42,35,28,5,49,40,46,48,20,21,30,37,44,38,29,8,19,27,7,33,11,2,15,26,4,
1883,93.420414686203,69432.76945333336,58001.14300000001,0,25,14,31,22,12,47,36,43,6,45,16,1,39,23,18,17,41,34,9,3,24,10,32,13,42,35,28,5,49,40,46,48,20,21,30,37,44,38,29,8,19,27,7,33,11,2,15,26,4,
1884,93.4574089050293,73402.17221333334,58001.14300000001,0,25,14,31,22,12,47,36,43,6,45,16,1,39,23,18,17,41,34,9,3,24,10,32,13,42,35,28,5,49,40,46,48,20,21,30,37,44,38,29,8,19,27,7,33,11,2,15,26,4,
1885,93.49341487884521,72814.31400000001,58001.14300000001,0,25,14,31,22,12,47,36,43,6,45,16,1,39,23,18,17,41,34,9,3,24,10,32,13,42,35,28,5,49,40,46,48,20,21,30,37,44,38,29,8,19,27,7,33,11,2,15,26,4,
1886,93.53041505813599,72662.72249333333,58001.14300000001,0,25,14,31,22,12,47,36,43,6,45,16,1,39,23,18,17,41,34,9,3,24,10,32,13,42,35,28,5,49,40,46,48,20,21,30,37,44,38,29,8,19,27,7,33,11,2,15,26,4,
1887,93.56837773323059,71277.03969333334,58001.14300000001,0,25,14,31,22,12,47,36,43,6,45,16,1,39,23,18,17,41,34,9,3,24,10,32,13,42,35,28,5,49,40,46,48,20,21,30,37,44,38,29,8,19,27,7,33,11,2,15,26,4,
1888,93.60537528991699,71272.0602666667,58001.14300000001,0,25,14,31,22,12,47,36,43,6,45,16,1,39,23,18,17,41,34,9,3,24,10,32,13,42,35,28,5,49,40,46,48,20,21,30,37,44,38,29,8,19,27,7,33,11,2,15,26,4,
1889,93.651371717453,71140.33600000002,58001.14300000001,0,25,14,31,22,12,47,36,43,6,45,16,1,39,23,18,17,41,34,9,3,24,10,32,13,42,35,28,5,49,40,46,48,20,21,30,37,44,38,29,8,19,27,7,33,11,2,15,26,4,
1890,93.68736910820007,69415.41258666667,58001.14300000001,0,25,14,31,22,12,47,36,43,6,45,16,1,39,23,18,17,41,34,9,3,24,10,32,13,42,35,28,5,49,40,46,48,20,21,30,37,44,38,29,8,19,27,7,33,11,2,15,26,4,
1891,93.72536754608154,68978.11642666669,58001.14300000001,0,25,14,31,22,12,47,36,43,6,45,16,1,39,23,18,17,41,34,9,3,24,10,32,13,42,35,28,5,49,40,46,48,20,21,30,37,44,38,29,8,19,27,7,33,11,2,15,26,4,
1892,93.7633695602417,71100.91326666668,58001.14300000001,0,25,14,31,22,12,47,36,43,6,45,16,1,39,23,18,17,41,34,9,3,24,10,32,13,42,35,28,5,49,40,46,48,20,21,30,37,44,38,29,8,19,27,7,33,11,2,15,26,4,
1893,93.80038380622864,71741.43833333334,58001.14300000001,0,25,14,31,22,12,47,36,43,6,45,16,1,39,23,18,17,41,34,9,3,24,10,32,13,42,35,28,5,49,40,46,48,20,21,30,37,44,38,29,8,19,27,7,33,11,2,15,26,4,
1894,93.83643388748169,69277.19029333336,58001.14300000001,0,25,14,31,22,12,47,36,43,6,45,16,1,39,23,18,17,41,34,9,3,24,10,32,13,42,35,28,5,49,40,46,48,20,21,30,37,44,38,29,8,19,27,7,33,11,2,15,26,4,
1895,93.87342977523804,69412.86306666669,58001.14300000001,0,25,14,31,22,12,47,36,43,6,45,16,1,39,23,18,17,41,34,9,3,24,10,32,13,42,35,28,5,49,40,46,48,20,21,30,37,44,38,29,8,19,27,7,33,11,2,15,26,4,
1896,93.90939569473267,68948.96576,58001.14300000001,0,25,14,31,22,12,47,36,43,6,45,16,1,39,23,18,17,41,34,9,3,24,10,32,13,42,35,28,5,49,40,46,48,20,21,30,37,44,38,29,8,19,27,7,33,11,2,15,26,4,
1897,93.94640493392944,68978.40964000003,58001.14300000001,0,25,14,31,22,12,47,36,43,6,45,16,1,39,23,18,17,41,34,9,3,24,10,32,13,42,35,28,5,49,40,46,48,20,21,30,37,44,38,29,8,19,27,7,33,11,2,15,26,4,
1898,93.98340082168579,70700.78697333335,58001.14300000001,0,25,14,31,22,12,47,36,43,6,45,16,1,39,23,18,17,41,34,9,3,24,10,32,13,42,35,28,5,49,40,46,48,20,21,30,37,44,38,29,8,19,27,7,33,11,2,15,26,4,
1899,94.02136087417603,71722.17021333335,58001.14300000001,0,25,14,31,22,12,47,36,43,6,45,16,1,39,23,18,17,41,34,9,3,24,10,32,13,42,35,28,5,49,40,46,48,20,21,30,37,44,38,29,8,19,27,7,33,11,2,15,26,4,
1900,94.05936098098755,70066.02485333334,58001.14300000001,0,25,14,31,22,12,47,36,43,6,45,16,1,39,23,18,17,41,34,9,3,24,10,32,13,42,35,28,5,49,40,46,48,20,21,30,37,44,38,29,8,19,27,7,33,11,2,15,26,4,
1901,94.09536099433899,70170.92222666669,58001.14300000001,0,25,14,31,22,12,47,36,43,6,45,16,1,39,23,18,17,41,34,9,3,24,10,32,13,42,35,28,5,49,40,46,48,20,21,30,37,44,38,29,8,19,27,7,33,11,2,15,26,4,
1902,94.13140344619751,69799.8949866667,58001.14300000001,0,25,14,31,22,12,47,36,43,6,45,16,1,39,23,18,17,41,34,9,3,24,10,32,13,42,35,28,5,49,40,46,48,20,21,30,37,44,38,29,8,19,27,7,33,11,2,15,26,4,
1903,94.16736173629761,70199.40740000003,58001.14300000001,0,25,14,31,22,12,47,36,43,6,45,16,1,39,23,18,17,41,34,9,3,24,10,32,13,42,35,28,5,49,40,46,48,20,21,30,37,44,38,29,8,19,27,7,33,11,2,15,26,4,
1904,94.20431923866272,69402.94421333335,58001.14300000001,0,25,14,31,22,12,47,36,43,6,45,16,1,39,23,18,17,41,34,9,3,24,10,32,13,42,35,28,5,49,40,46,48,20,21,30,37,44,38,29,8,19,27,7,33,11,2,15,26,4,
1905,94.24032855033875,67294.81429333334,58001.14300000001,0,25,14,31,22,12,47,36,43,6,45,16,1,39,23,18,17,41,34,9,3,24,10,32,13,42,35,28,5,49,40,46,48,20,21,30,37,44,38,29,8,19,27,7,33,11,2,15,26,4,
1906,94.28032732009888,68566.22401333334,58001.14300000001,0,25,14,31,22,12,47,36,43,6,45,16,1,39,23,18,17,41,34,9,3,24,10,32,13,42,35,28,5,49,40,46,48,20,21,30,37,44,38,29,8,19,27,7,33,11,2,15,26,4,
1907,94.31632447242737,70332.32365333334,58001.14300000001,0,25,14,31,22,12,47,36,43,6,45,16,1,39,23,18,17,41,34,9,3,24,10,32,13,42,35,28,5,49,40,46,48,20,21,30,37,44,38,29,8,19,27,7,33,11,2,15,26,4,
1908,94.35232138633728,69857.79021333334,58001.14300000001,0,25,14,31,22,12,47,36,43,6,45,16,1,39,23,18,17,41,34,9,3,24,10,32,13,42,35,28,5,49,40,46,48,20,21,30,37,44,38,29,8,19,27,7,33,11,2,15,26,4,
1909,94.38632035255432,71053.91257333335,58001.14300000001,0,25,14,31,22,12,47,36,43,6,45,16,1,39,23,18,17,41,34,9,3,24,10,32,13,42,35,28,5,49,40,46,48,20,21,30,37,44,38,29,8,19,27,7,33,11,2,15,26,4,
1910,94.42531824111938,69460.14510666669,58001.14300000001,0,25,14,31,22,12,47,36,43,6,45,16,1,39,23,18,17,41,34,9,3,24,10,32,13,42,35,28,5,49,40,46,48,20,21,30,37,44,38,29,8,19,27,7,33,11,2,15,26,4,
1911,94.46232056617737,69880.08869333334,58001.14300000001,0,25,14,31,22,12,47,36,43,6,45,16,1,39,23,18,17,41,34,9,3,24,10,32,13,42,35,28,5,49,40,46,48,20,21,30,37,44,38,29,8,19,27,7,33,11,2,15,26,4,
1912,94.49932098388672,68789.47736000002,58001.14300000001,0,25,14,31,22,12,47,36,43,6,45,16,1,39,23,18,17,41,34,9,3,24,10,32,13,42,35,28,5,49,40,46,48,20,21,30,37,44,38,29,8,19,27,7,33,11,2,15,26,4,
1913,94.5373203754425,69618.30136000001,58001.14300000001,0,25,14,31,22,12,47,36,43,6,45,16,1,39,23,18,17,41,34,9,3,24,10,32,13,42,35,28,5,49,40,46,48,20,21,30,37,44,38,29,8,19,27,7,33,11,2,15,26,4,
1914,94.57331848144531,70761.09013333335,58001.14300000001,0,25,14,31,22,12,47,36,43,6,45,16,1,39,23,18,17,41,34,9,3,24,10,32,13,42,35,28,5,49,40,46,48,20,21,30,37,44,38,29,8,19,27,7,33,11,2,15,26,4,
1915,94.61231422424316,72068.79921333335,58001.14300000001,0,25,14,31,22,12,47,36,43,6,45,16,1,39,23,18,17,41,34,9,3,24,10,32,13,42,35,28,5,49,40,46,48,20,21,30,37,44,38,29,8,19,27,7,33,11,2,15,26,4,
1916,94.65035390853882,73351.05372000001,58001.14300000001,0,25,14,31,22,12,47,36,43,6,45,16,1,39,23,18,17,41,34,9,3,24,10,32,13,42,35,28,5,49,40,46,48,20,21,30,37,44,38,29,8,19,27,7,33,11,2,15,26,4,
1917,94.68532705307007,70469.58318666668,58001.14300000001,0,25,14,31,22,12,47,36,43,6,45,16,1,39,23,18,17,41,34,9,3,24,10,32,13,42,35,28,5,49,40,46,48,20,21,30,37,44,38,29,8,19,27,7,33,11,2,15,26,4,
1918,94.72232556343079,70083.23050666667,58001.14300000001,0,25,14,31,22,12,47,36,43,6,45,16,1,39,23,18,17,41,34,9,3,24,10,32,13,42,35,28,5,49,40,46,48,20,21,30,37,44,38,29,8,19,27,7,33,11,2,15,26,4,
1919,94.75833201408386,70482.60785333335,58001.14300000001,0,25,14,31,22,12,47,36,43,6,45,16,1,39,23,18,17,41,34,9,3,24,10,32,13,42,35,28,5,49,40,46,48,20,21,30,37,44,38,29,8,19,27,7,33,11,2,15,26,4,
1920,94.79733300209045,69526.06378666668,58001.14300000001,0,25,14,31,22,12,47,36,43,6,45,16,1,39,23,18,17,41,34,9,3,24,10,32,13,42,35,28,5,49,40,46,48,20,21,30,37,44,38,29,8,19,27,7,33,11,2,15,26,4,
1921,94.8383309841156,70706.98992000002,58001.14300000001,0,25,14,31,22,12,47,36,43,6,45,16,1,39,23,18,17,41,34,9,3,24,10,32,13,42,35,28,5,49,40,46,48,20,21,30,37,44,38,29,8,19,27,7,33,11,2,15,26,4,
1922,94.87633061408997,70949.71116000002,58001.14300000001,0,25,14,31,22,12,47,36,43,6,45,16,1,39,23,18,17,41,34,9,3,24,10,32,13,42,35,28,5,49,40,46,48,20,21,30,37,44,38,29,8,19,27,7,33,11,2,15,26,4,
1923,94.91432905197144,71911.02945333334,58001.14300000001,0,25,14,31,22,12,47,36,43,6,45,16,1,39,23,18,17,41,34,9,3,24,10,32,13,42,35,28,5,49,40,46,48,20,21,30,37,44,38,29,8,19,27,7,33,11,2,15,26,4,
1924,94.95132565498352,73168.58996000001,58001.14300000001,0,25,14,31,22,12,47,36,43,6,45,16,1,39,23,18,17,41,34,9,3,24,10,32,13,42,35,28,5,49,40,46,48,20,21,30,37,44,38,29,8,19,27,7,33,11,2,15,26,4,
1925,94.98932456970215,72111.11534666669,58001.14300000001,0,25,14,31,22,12,47,36,43,6,45,16,1,39,23,18,17,41,34,9,3,24,10,32,13,42,35,28,5,49,40,46,48,20,21,30,37,44,38,29,8,19,27,7,33,11,2,15,26,4,
1926,95.02832508087158,74931.58154666667,58001.14300000001,0,25,14,31,22,12,47,36,43,6,45,16,1,39,23,18,17,41,34,9,3,24,10,32,13,42,35,28,5,49,40,46,48,20,21,30,37,44,38,29,8,19,27,7,33,11,2,15,26,4,
1927,95.06432104110718,74315.99581333334,58001.14300000001,0,25,14,31,22,12,47,36,43,6,45,16,1,39,23,18,17,41,34,9,3,24,10,32,13,42,35,28,5,49,40,46,48,20,21,30,37,44,38,29,8,19,27,7,33,11,2,15,26,4,
1928,95.1023199558258,71980.52553333335,58001.14300000001,0,25,14,31,22,12,47,36,43,6,45,16,1,39,23,18,17,41,34,9,3,24,10,32,13,42,35,28,5,49,40,46,48,20,21,30,37,44,38,29,8,19,27,7,33,11,2,15,26,4,
1929,95.14128422737122,72023.90050666667,58001.14300000001,0,25,14,31,22,12,47,36,43,6,45,16,1,39,23,18,17,41,34,9,3,24,10,32,13,42,35,28,5,49,40,46,48,20,21,30,37,44,38,29,8,19,27,7,33,11,2,15,26,4,
1930,95.17829298973083,71590.19257333335,58001.14300000001,0,25,14,31,22,12,47,36,43,6,45,16,1,39,23,18,17,41,34,9,3,24,10,32,13,42,35,28,5,49,40,46,48,20,21,30,37,44,38,29,8,19,27,7,33,11,2,15,26,4,
1931,95.21529197692871,71470.27581333334,58001.14300000001,0,25,14,31,22,12,47,36,43,6,45,16,1,39,23,18,17,41,34,9,3,24,10,32,13,42,35,28,5,49,40,46,48,20,21,30,37,44,38,29,8,19,27,7,33,11,2,15,26,4,
1932,95.25229072570801,70672.96089333334,58001.14300000001,0,25,14,31,22,12,47,36,43,6,45,16,1,39,23,18,17,41,34,9,3,24,10,32,13,42,35,28,5,49,40,46,48,20,21,30,37,44,38,29,8,19,27,7,33,11,2,15,26,4,
1933,95.29032635688782,69031.60542666668,58001.14300000001,0,25,14,31,22,12,47,36,43,6,45,16,1,39,23,18,17,41,34,9,3,24,10,32,13,42,35,28,5,49,40,46,48,20,21,30,37,44,38,29,8,19,27,7,33,11,2,15,26,4,
1934,95.32734274864197,67496.75440000002,58001.14300000001,0,25,14,31,22,12,47,36,43,6,45,16,1,39,23,18,17,41,34,9,3,24,10,32,13,42,35,28,5,49,40,46,48,20,21,30,37,44,38,29,8,19,27,7,33,11,2,15,26,4,
1935,95.36430096626282,67872.89426666667,58001.14300000001,0,25,14,31,22,12,47,36,43,6,45,16,1,39,23,18,17,41,34,9,3,24,10,32,13,42,35,28,5,49,40,46,48,20,21,30,37,44,38,29,8,19,27,7,33,11,2,15,26,4,
1936,95.40129947662354,67248.29264000001,58001.14300000001,0,25,14,31,22,12,47,36,43,6,45,16,1,39,23,18,17,41,34,9,3,24,10,32,13,42,35,28,5,49,40,46,48,20,21,30,37,44,38,29,8,19,27,7,33,11,2,15,26,4,
1937,95.43633246421814,68542.09440000002,58001.14300000001,0,25,14,31,22,12,47,36,43,6,45,16,1,39,23,18,17,41,34,9,3,24,10,32,13,42,35,28,5,49,40,46,48,20,21,30,37,44,38,29,8,19,27,7,33,11,2,15,26,4,
1938,95.47337341308594,69144.84293333335,58001.14300000001,0,25,14,31,22,12,47,36,43,6,45,16,1,39,23,18,17,41,34,9,3,24,10,32,13,42,35,28,5,49,40,46,48,20,21,30,37,44,38,29,8,19,27,7,33,11,2,15,26,4,
1939,95.51033234596252,69869.04333333333,58001.14300000001,0,25,14,31,22,12,47,36,43,6,45,16,1,39,23,18,17,41,34,9,3,24,10,32,13,42,35,28,5,49,40,46,48,20,21,30,37,44,38,29,8,19,27,7,33,11,2,15,26,4,
1940,95.54638648033142,70624.1426,58001.14300000001,0,25,14,31,22,12,47,36,43,6,45,16,1,39,23,18,17,41,34,9,3,24,10,32,13,42,35,28,5,49,40,46,48,20,21,30,37,44,38,29,8,19,27,7,33,11,2,15,26,4,
1941,95.58138465881348,68664.76576000001,58001.14300000001,0,25,14,31,22,12,47,36,43,6,45,16,1,39,23,18,17,41,34,9,3,24,10,32,13,42,35,28,5,49,40,46,48,20,21,30,37,44,38,29,8,19,27,7,33,11,2,15,26,4,
1942,95.61738085746765,69368.87646666667,58001.14300000001,0,25,14,31,22,12,47,36,43,6,45,16,1,39,23,18,17,41,34,9,3,24,10,32,13,42,35,28,5,49,40,46,48,20,21,30,37,44,38,29,8,19,27,7,33,11,2,15,26,4,
1943,95.65342235565186,68531.5446266667,58001.14300000001,0,25,14,31,22,12,47,36,43,6,45,16,1,39,23,18,17,41,34,9,3,24,10,32,13,42,35,28,5,49,40,46,48,20,21,30,37,44,38,29,8,19,27,7,33,11,2,15,26,4,
1944,95.6904182434082,67934.85805333336,58001.14300000001,0,25,14,31,22,12,47,36,43,6,45,16,1,39,23,18,17,41,34,9,3,24,10,32,13,42,35,28,5,49,40,46,48,20,21,30,37,44,38,29,8,19,27,7,33,11,2,15,26,4,
1945,95.72641468048096,68467.85172000002,58001.14300000001,0,25,14,31,22,12,47,36,43,6,45,16,1,39,23,18,17,41,34,9,3,24,10,32,13,42,35,28,5,49,40,46,48,20,21,30,37,44,38,29,8,19,27,7,33,11,2,15,26,4,
1946,95.76241564750671,67389.74682666668,58001.14300000001,0,25,14,31,22,12,47,36,43,6,45,16,1,39,23,18,17,41,34,9,3,24,10,32,13,42,35,28,5,49,40,46,48,20,21,30,37,44,38,29,8,19,27,7,33,11,2,15,26,4,
1947,95.79845309257507,67990.98484,58001.14300000001,0,25,14,31,22,12,47,36,43,6,45,16,1,39,23,18,17,41,34,9,3,24,10,32,13,42,35,28,5,49,40,46,48,20,21,30,37,44,38,29,8,19,27,7,33,11,2,15,26,4,
1948,95.83549332618713,67508.17113333335,58001.14300000001,0,25,14,31,22,12,47,36,43,6,45,16,1,39,23,18,17,41,34,9,3,24,10,32,13,42,35,28,5,49,40,46,48,20,21,30,37,44,38,29,8,19,27,7,33,11,2,15,26,4,
1949,95.8715009689331,68263.61426666667,58001.14300000001,0,25,14,31,22,12,47,36,43,6,45,16,1,39,23,18,17,41,34,9,3,24,10,32,13,42,35,28,5,49,40,46,48,20,21,30,37,44,38,29,8,19,27,7,33,11,2,15,26,4,
1950,95.90949583053589,68078.23248,58001.14300000001,0,25,14,31,22,12,47,36,43,6,45,16,1,39,23,18,17,41,34,9,3,24,10,32,13,42,35,28,5,49,40,46,48,20,21,30,37,44,38,29,8,19,27,7,33,11,2,15,26,4,
1951,95.9485387802124,68330.32898666669,58001.14300000001,0,25,14,31,22,12,47,36,43,6,45,16,1,39,23,18,17,41,34,9,3,24,10,32,13,42,35,28,5,49,40,46,48,20,21,30,37,44,38,29,8,19,27,7,33,11,2,15,26,4,
1952,95.98453211784363,68973.69878666668,58001.14300000001,0,25,14,31,22,12,47,36,43,6,45,16,1,39,23,18,17,41,34,9,3,24,10,32,13,42,35,28,5,49,40,46,48,20,21,30,37,44,38,29,8,19,27,7,33,11,2,15,26,4,
1953,96.02152919769287,67869.06078666667,58001.14300000001,0,25,14,31,22,12,47,36,43,6,45,16,1,39,23,18,17,41,34,9,3,24,10,32,13,42,35,28,5,49,40,46,48,20,21,30,37,44,38,29,8,19,27,7,33,11,2,15,26,4,
1954,96.05956816673279,68824.66710666667,58001.14300000001,0,25,14,31,22,12,47,36,43,6,45,16,1,39,23,18,17,41,34,9,3,24,10,32,13,42,35,28,5,49,40,46,48,20,21,30,37,44,38,29,8,19,27,7,33,11,2,15,26,4,
1955,96.09552669525146,68500.01870666668,58001.14300000001,0,25,14,31,22,12,47,36,43,6,45,16,1,39,23,18,17,41,34,9,3,24,10,32,13,42,35,28,5,49,40,46,48,20,21,30,37,44,38,29,8,19,27,7,33,11,2,15,26,4,
1956,96.13248896598816,69817.15786666668,58001.14300000001,0,25,14,31,22,12,47,36,43,6,45,16,1,39,23,18,17,41,34,9,3,24,10,32,13,42,35,28,5,49,40,46,48,20,21,30,37,44,38,29,8,19,27,7,33,11,2,15,26,4,
1957,96.16844892501831,67714.88810666667,58001.14300000001,0,25,14,31,22,12,47,36,43,6,45,16,1,39,23,18,17,41,34,9,3,24,10,32,13,42,35,28,5,49,40,46,48,20,21,30,37,44,38,29,8,19,27,7,33,11,2,15,26,4,
1958,96.20648956298828,69493.84586666667,58001.14300000001,0,25,14,31,22,12,47,36,43,6,45,16,1,39,23,18,17,41,34,9,3,24,10,32,13,42,35,28,5,49,40,46,48,20,21,30,37,44,38,29,8,19,27,7,33,11,2,15,26,4,
1959,96.2444543838501,69942.64304,58001.14300000001,0,25,14,31,22,12,47,36,43,6,45,16,1,39,23,18,17,41,34,9,3,24,10,32,13,42,35,28,5,49,40,46,48,20,21,30,37,44,38,29,8,19,27,7,33,11,2,15,26,4,
1960,96.2864580154419,67425.35258666668,58001.14300000001,0,25,14,31,22,12,47,36,43,6,45,16,1,39,23,18,17,41,34,9,3,24,10,32,13,42,35,28,5,49,40,46,48,20,21,30,37,44,38,29,8,19,27,7,33,11,2,15,26,4,
1961,96.32546782493591,66304.83973333334,58001.14300000001,0,25,14,31,22,12,47,36,43,6,45,16,1,39,23,18,17,41,34,9,3,24,10,32,13,42,35,28,5,49,40,46,48,20,21,30,37,44,38,29,8,19,27,7,33,11,2,15,26,4,
1962,96.36846542358398,67725.62992,58001.14300000001,0,25,14,31,22,12,47,36,43,6,45,16,1,39,23,18,17,41,34,9,3,24,10,32,13,42,35,28,5,49,40,46,48,20,21,30,37,44,38,29,8,19,27,7,33,11,2,15,26,4,
1963,96.40446281433105,68401.01590666668,58001.14300000001,0,25,14,31,22,12,47,36,43,6,45,16,1,39,23,18,17,41,34,9,3,24,10,32,13,42,35,28,5,49,40,46,48,20,21,30,37,44,38,29,8,19,27,7,33,11,2,15,26,4,
1964,96.44045877456665,68179.86117333334,58001.14300000001,0,25,14,31,22,12,47,36,43,6,45,16,1,39,23,18,17,41,34,9,3,24,10,32,13,42,35,28,5,49,40,46,48,20,21,30,37,44,38,29,8,19,27,7,33,11,2,15,26,4,
1965,96.47745847702026,66417.82944,58001.14300000001,0,25,14,31,22,12,47,36,43,6,45,16,1,39,23,18,17,41,34,9,3,24,10,32,13,42,35,28,5,49,40,46,48,20,21,30,37,44,38,29,8,19,27,7,33,11,2,15,26,4,
1966,96.51450228691101,66349.02894666669,58001.14300000001,0,25,14,31,22,12,47,36,43,6,45,16,1,39,23,18,17,41,34,9,3,24,10,32,13,42,35,28,5,49,40,46,48,20,21,30,37,44,38,29,8,19,27,7,33,11,2,15,26,4,
1967,96.55050134658813,69147.91485333334,58001.14300000001,0,25,14,31,22,12,47,36,43,6,45,16,1,39,23,18,17,41,34,9,3,24,10,32,13,42,35,28,5,49,40,46,48,20,21,30,37,44,38,29,8,19,27,7,33,11,2,15,26,4,
1968,96.58650040626526,68871.94765333335,58001.14300000001,0,25,14,31,22,12,47,36,43,6,45,16,1,39,23,18,17,41,34,9,3,24,10,32,13,42,35,28,5,49,40,46,48,20,21,30,37,44,38,29,8,19,27,7,33,11,2,15,26,4,
1969,96.62254738807678,67669.67160000003,58001.14300000001,0,25,14,31,22,12,47,36,43,6,45,16,1,39,23,18,17,41,34,9,3,24,10,32,13,42,35,28,5,49,40,46,48,20,21,30,37,44,38,29,8,19,27,7,33,11,2,15,26,4,
1970,96.65854668617249,69390.50773333335,58001.14300000001,0,25,14,31,22,12,47,36,43,6,45,16,1,39,23,18,17,41,34,9,3,24,10,32,13,42,35,28,5,49,40,46,48,20,21,30,37,44,38,29,8,19,27,7,33,11,2,15,26,4,
1971,96.69554686546326,68072.22016,58001.14300000001,0,25,14,31,22,12,47,36,43,6,45,16,1,39,23,18,17,41,34,9,3,24,10,32,13,42,35,28,5,49,40,46,48,20,21,30,37,44,38,29,8,19,27,7,33,11,2,15,26,4,
1972,96.73254632949829,69284.58240000001,58001.14300000001,0,25,14,31,22,12,47,36,43,6,45,16,1,39,23,18,17,41,34,9,3,24,10,32,13,42,35,28,5,49,40,46,48,20,21,30,37,44,38,29,8,19,27,7,33,11,2,15,26,4,
1973,96.76754450798035,68114.39096,58001.14300000001,0,25,14,31,22,12,47,36,43,6,45,16,1,39,23,18,17,41,34,9,3,24,10,32,13,42,35,28,5,49,40,46,48,20,21,30,37,44,38,29,8,19,27,7,33,11,2,15,26,4,
1974,96.8045425415039,67057.62825333334,58001.14300000001,0,25,14,31,22,12,47,36,43,6,45,16,1,39,23,18,17,41,34,9,3,24,10,32,13,42,35,28,5,49,40,46,48,20,21,30,37,44,38,29,8,19,27,7,33,11,2,15,26,4,
1975,96.84054160118103,68803.51412,58001.14300000001,0,25,14,31,22,12,47,36,43,6,45,16,1,39,23,18,17,41,34,9,3,24,10,32,13,42,35,28,5,49,40,46,48,20,21,30,37,44,38,29,8,19,27,7,33,11,2,15,26,4,
1976,96.87654066085815,68924.76582666668,58001.14300000001,0,25,14,31,22,12,47,36,43,6,45,16,1,39,23,18,17,41,34,9,3,24,10,32,13,42,35,28,5,49,40,46,48,20,21,30,37,44,38,29,8,19,27,7,33,11,2,15,26,4,
1977,96.91153955459595,67261.31106666668,58001.14300000001,0,25,14,31,22,12,47,36,43,6,45,16,1,39,23,18,17,41,34,9,3,24,10,32,13,42,35,28,5,49,40,46,48,20,21,30,37,44,38,29,8,19,27,7,33,11,2,15,26,4,
1978,96.94753813743591,66623.21465333336,58001.14300000001,0,25,14,31,22,12,47,36,43,6,45,16,1,39,23,18,17,41,34,9,3,24,10,32,13,42,35,28,5,49,40,46,48,20,21,30,37,44,38,29,8,19,27,7,33,11,2,15,26,4,
1979,96.98153352737427,67505.69894666669,58001.14300000001,0,25,14,31,22,12,47,36,43,6,45,16,1,39,23,18,17,41,34,9,3,24,10,32,13,42,35,28,5,49,40,46,48,20,21,30,37,44,38,29,8,19,27,7,33,11,2,15,26,4,
1980,97.01853489875793,65818.37476,58001.14300000001,0,25,14,31,22,12,47,36,43,6,45,16,1,39,23,18,17,41,34,9,3,24,10,32,13,42,35,28,5,49,40,46,48,20,21,30,37,44,38,29,8,19,27,7,33,11,2,15,26,4,
1981,97.0575783252716,67702.28921333335,58001.14300000001,0,25,14,31,22,12,47,36,43,6,45,16,1,39,23,18,17,41,34,9,3,24,10,32,13,42,35,28,5,49,40,46,48,20,21,30,37,44,38,29,8,19,27,7,33,11,2,15,26,4,
1982,97.09457731246948,68423.90638666667,58001.14300000001,0,25,14,31,22,12,47,36,43,6,45,16,1,39,23,18,17,41,34,9,3,24,10,32,13,42,35,28,5,49,40,46,48,20,21,30,37,44,38,29,8,19,27,7,33,11,2,15,26,4,
1983,97.13157558441162,67613.929,58001.14300000001,0,25,14,31,22,12,47,36,43,6,45,16,1,39,23,18,17,41,34,9,3,24,10,32,13,42,35,28,5,49,40,46,48,20,21,30,37,44,38,29,8,19,27,7,33,11,2,15,26,4,
1984,97.16953444480896,68453.10793333335,58001.14300000001,0,25,14,31,22,12,47,36,43,6,45,16,1,39,23,18,17,41,34,9,3,24,10,32,13,42,35,28,5,49,40,46,48,20,21,30,37,44,38,29,8,19,27,7,33,11,2,15,26,4,
1985,97.2065441608429,70090.91052,58001.14300000001,0,25,14,31,22,12,47,36,43,6,45,16,1,39,23,18,17,41,34,9,3,24,10,32,13,42,35,28,5,49,40,46,48,20,21,30,37,44,38,29,8,19,27,7,33,11,2,15,26,4,
1986,97.24450945854187,69018.29109333335,58001.14300000001,0,25,14,31,22,12,47,36,43,6,45,16,1,39,23,18,17,41,34,9,3,24,10,32,13,42,35,28,5,49,40,46,48,20,21,30,37,44,38,29,8,19,27,7,33,11,2,15,26,4,
1987,97.28146743774414,70295.433,58001.14300000001,0,25,14,31,22,12,47,36,43,6,45,16,1,39,23,18,17,41,34,9,3,24,10,32,13,42,35,28,5,49,40,46,48,20,21,30,37,44,38,29,8,19,27,7,33,11,2,15,26,4,
1988,97.31850242614746,72164.75156000002,58001.14300000001,0,25,14,31,22,12,47,36,43,6,45,16,1,39,23,18,17,41,34,9,3,24,10,32,13,42,35,28,5,49,40,46,48,20,21,30,37,44,38,29,8,19,27,7,33,11,2,15,26,4,
1989,97.357501745224,70941.96849333335,58001.14300000001,0,25,14,31,22,12,47,36,43,6,45,16,1,39,23,18,17,41,34,9,3,24,10,32,13,42,35,28,5,49,40,46,48,20,21,30,37,44,38,29,8,19,27,7,33,11,2,15,26,4,
1990,97.39350461959839,73174.74410666668,58001.14300000001,0,25,14,31,22,12,47,36,43,6,45,16,1,39,23,18,17,41,34,9,3,24,10,32,13,42,35,28,5,49,40,46,48,20,21,30,37,44,38,29,8,19,27,7,33,11,2,15,26,4,
1991,97.43051433563232,72316.36638666668,58001.14300000001,0,25,14,31,22,12,47,36,43,6,45,16,1,39,23,18,17,41,34,9,3,24,10,32,13,42,35,28,5,49,40,46,48,20,21,30,37,44,38,29,8,19,27,7,33,11,2,15,26,4,
1992,97.46852374076843,72302.08224,58001.14300000001,0,25,14,31,22,12,47,36,43,6,45,16,1,39,23,18,17,41,34,9,3,24,10,32,13,42,35,28,5,49,40,46,48,20,21,30,37,44,38,29,8,19,27,7,33,11,2,15,26,4,
1993,97.5055763721466,72747.89292000001,58001.14300000001,0,25,14,31,22,12,47,36,43,6,45,16,1,39,23,18,17,41,34,9,3,24,10,32,13,42,35,28,5,49,40,46,48,20,21,30,37,44,38,29,8,19,27,7,33,11,2,15,26,4,
1994,97.54358673095703,72372.98292000001,58001.14300000001,0,25,14,31,22,12,47,36,43,6,45,16,1,39,23,18,17,41,34,9,3,24,10,32,13,42,35,28,5,49,40,46,48,20,21,30,37,44,38,29,8,19,27,7,33,11,2,15,26,4,
1995,97.58059740066528,70243.7102666667,58001.14300000001,0,25,14,31,22,12,47,36,43,6,45,16,1,39,23,18,17,41,34,9,3,24,10,32,13,42,35,28,5,49,40,46,48,20,21,30,37,44,38,29,8,19,27,7,33,11,2,15,26,4,
1996,97.62063646316528,71356.65846666667,58001.14300000001,0,25,14,31,22,12,47,36,43,6,45,16,1,39,23,18,17,41,34,9,3,24,10,32,13,42,35,28,5,49,40,46,48,20,21,30,37,44,38,29,8,19,27,7,33,11,2,15,26,4,
1997,97.65759682655334,72330.63076000001,58001.14300000001,0,25,14,31,22,12,47,36,43,6,45,16,1,39,23,18,17,41,34,9,3,24,10,32,13,42,35,28,5,49,40,46,48,20,21,30,37,44,38,29,8,19,27,7,33,11,2,15,26,4,
1998,97.69363522529602,69626.17616000002,58001.14300000001,0,25,14,31,22,12,47,36,43,6,45,16,1,39,23,18,17,41,34,9,3,24,10,32,13,42,35,28,5,49,40,46,48,20,21,30,37,44,38,29,8,19,27,7,33,11,2,15,26,4,
1999,100.19359636306763,70197.23482666668,58001.14300000001,0,25,14,31,22,12,47,36,43,6,45,16,1,39,23,18,17,41,34,9,3,24,10,32,13,42,35,28,5,49,40,46,48,20,21,30,37,44,38,29,8,19,27,7,33,11,2,15,26,4,
2000,100.23155379295349,70195.43213333336,58001.14300000001,0,25,14,31,22,12,47,36,43,6,45,16,1,39,23,18,17,41,34,9,3,24,10,32,13,42,35,28,5,49,40,46,48,20,21,30,37,44,38,29,8,19,27,7,33,11,2,15,26,4,
2001,100.26860189437866,71051.16205333336,58001.14300000001,0,25,14,31,22,12,47,36,43,6,45,16,1,39,23,18,17,41,34,9,3,24,10,32,13,42,35,28,5,49,40,46,48,20,21,30,37,44,38,29,8,19,27,7,33,11,2,15,26,4,
2002,100.30556058883667,71059.52312000001,58001.14300000001,0,25,14,31,22,12,47,36,43,6,45,16,1,39,23,18,17,41,34,9,3,24,10,32,13,42,35,28,5,49,40,46,48,20,21,30,37,44,38,29,8,19,27,7,33,11,2,15,26,4,
2003,100.34256052970886,69280.02717333335,58001.14300000001,0,25,14,31,22,12,47,36,43,6,45,16,1,39,23,18,17,41,34,9,3,24,10,32,13,42,35,28,5,49,40,46,48,20,21,30,37,44,38,29,8,19,27,7,33,11,2,15,26,4,
2004,100.38056468963623,68711.85397333336,58001.14300000001,0,25,14,31,22,12,47,36,43,6,45,16,1,39,23,18,17,41,34,9,3,24,10,32,13,42,35,28,5,49,40,46,48,20,21,30,37,44,38,29,8,19,27,7,33,11,2,15,26,4,
2005,100.41756844520569,68033.12984000002,58001.14300000001,0,25,14,31,22,12,47,36,43,6,45,16,1,39,23,18,17,41,34,9,3,24,10,32,13,42,35,28,5,49,40,46,48,20,21,30,37,44,38,29,8,19,27,7,33,11,2,15,26,4,
2006,100.45456862449646,71731.11120000001,58001.14300000001,0,25,14,31,22,12,47,36,43,6,45,16,1,39,23,18,17,41,34,9,3,24,10,32,13,42,35,28,5,49,40,46,48,20,21,30,37,44,38,29,8,19,27,7,33,11,2,15,26,4,
2007,100.4915246963501,71988.96817333334,58001.14300000001,0,25,14,31,22,12,47,36,43,6,45,16,1,39,23,18,17,41,34,9,3,24,10,32,13,42,35,28,5,49,40,46,48,20,21,30,37,44,38,29,8,19,27,7,33,11,2,15,26,4,
2008,100.52752256393433,70762.40520000001,58001.14300000001,0,25,14,31,22,12,47,36,43,6,45,16,1,39,23,18,17,41,34,9,3,24,10,32,13,42,35,28,5,49,40,46,48,20,21,30,37,44,38,29,8,19,27,7,33,11,2,15,26,4,
2009,100.56351780891418,70150.08623999999,58001.14300000001,0,25,14,31,22,12,47,36,43,6,45,16,1,39,23,18,17,41,34,9,3,24,10,32,13,42,35,28,5,49,40,46,48,20,21,30,37,44,38,29,8,19,27,7,33,11,2,15,26,4,
2010,100.60351586341858,69838.12570666667,58001.14300000001,0,25,14,31,22,12,47,36,43,6,45,16,1,39,23,18,17,41,34,9,3,24,10,32,13,42,35,28,5,49,40,46,48,20,21,30,37,44,38,29,8,19,27,7,33,11,2,15,26,4,
2011,100.63951396942139,70663.2821466667,58001.14300000001,0,25,14,31,22,12,47,36,43,6,45,16,1,39,23,18,17,41,34,9,3,24,10,32,13,42,35,28,5,49,40,46,48,20,21,30,37,44,38,29,8,19,27,7,33,11,2,15,26,4,
2012,100.6745536327362,71363.82774666668,58001.14300000001,0,25,14,31,22,12,47,36,43,6,45,16,1,39,23,18,17,41,34,9,3,24,10,32,13,42,35,28,5,49,40,46,48,20,21,30,37,44,38,29,8,19,27,7,33,11,2,15,26,4,
2013,100.71155786514282,70990.8552266667,58001.14300000001,0,25,14,31,22,12,47,36,43,6,45,16,1,39,23,18,17,41,34,9,3,24,10,32,13,42,35,28,5,49,40,46,48,20,21,30,37,44,38,29,8,19,27,7,33,11,2,15,26,4,
2014,100.74757146835327,70842.89820000001,58001.14300000001,0,25,14,31,22,12,47,36,43,6,45,16,1,39,23,18,17,41,34,9,3,24,10,32,13,42,35,28,5,49,40,46,48,20,21,30,37,44,38,29,8,19,27,7,33,11,2,15,26,4,
2015,100.78357887268066,71524.47282666668,58001.14300000001,0,25,14,31,22,12,47,36,43,6,45,16,1,39,23,18,17,41,34,9,3,24,10,32,13,42,35,28,5,49,40,46,48,20,21,30,37,44,38,29,8,19,27,7,33,11,2,15,26,4,
2016,100.82253742218018,70747.64585333335,58001.14300000001,0,25,14,31,22,12,47,36,43,6,45,16,1,39,23,18,17,41,34,9,3,24,10,32,13,42,35,28,5,49,40,46,48,20,21,30,37,44,38,29,8,19,27,7,33,11,2,15,26,4,
2017,100.86353874206543,71271.10686666668,58001.14300000001,0,25,14,31,22,12,47,36,43,6,45,16,1,39,23,18,17,41,34,9,3,24,10,32,13,42,35,28,5,49,40,46,48,20,21,30,37,44,38,29,8,19,27,7,33,11,2,15,26,4,
2018,100.90149974822998,70752.73476000002,58001.14300000001,0,25,14,31,22,12,47,36,43,6,45,16,1,39,23,18,17,41,34,9,3,24,10,32,13,42,35,28,5,49,40,46,48,20,21,30,37,44,38,29,8,19,27,7,33,11,2,15,26,4,
2019,100.9375491142273,73689.09209333334,58001.14300000001,0,25,14,31,22,12,47,36,43,6,45,16,1,39,23,18,17,41,34,9,3,24,10,32,13,42,35,28,5,49,40,46,48,20,21,30,37,44,38,29,8,19,27,7,33,11,2,15,26,4,
2020,100.97254920005798,71254.91380000001,58001.14300000001,0,25,14,31,22,12,47,36,43,6,45,16,1,39,23,18,17,41,34,9,3,24,10,32,13,42,35,28,5,49,40,46,48,20,21,30,37,44,38,29,8,19,27,7,33,11,2,15,26,4,
2021,101.00854921340942,69052.35937333334,58001.14300000001,0,25,14,31,22,12,47,36,43,6,45,16,1,39,23,18,17,41,34,9,3,24,10,32,13,42,35,28,5,49,40,46,48,20,21,30,37,44,38,29,8,19,27,7,33,11,2,15,26,4,
2022,101.04554057121277,71121.19244000001,58001.14300000001,0,25,14,31,22,12,47,36,43,6,45,16,1,39,23,18,17,41,34,9,3,24,10,32,13,42,35,28,5,49,40,46,48,20,21,30,37,44,38,29,8,19,27,7,33,11,2,15,26,4,
2023,101.08350467681885,71534.88489333334,58001.14300000001,0,25,14,31,22,12,47,36,43,6,45,16,1,39,23,18,17,41,34,9,3,24,10,32,13,42,35,28,5,49,40,46,48,20,21,30,37,44,38,29,8,19,27,7,33,11,2,15,26,4,
2024,101.11946773529053,70756.89328000003,58001.14300000001,0,25,14,31,22,12,47,36,43,6,45,16,1,39,23,18,17,41,34,9,3,24,10,32,13,42,35,28,5,49,40,46,48,20,21,30,37,44,38,29,8,19,27,7,33,11,2,15,26,4,
2025,101.16051721572876,71143.60124,58001.14300000001,0,25,14,31,22,12,47,36,43,6,45,16,1,39,23,18,17,41,34,9,3,24,10,32,13,42,35,28,5,49,40,46,48,20,21,30,37,44,38,29,8,19,27,7,33,11,2,15,26,4,
2026,101.19652771949768,71337.09773333336,58001.14300000001,0,25,14,31,22,12,47,36,43,6,45,16,1,39,23,18,17,41,34,9,3,24,10,32,13,42,35,28,5,49,40,46,48,20,21,30,37,44,38,29,8,19,27,7,33,11,2,15,26,4,
2027,101.23052024841309,70862.27236000003,58001.14300000001,0,25,14,31,22,12,47,36,43,6,45,16,1,39,23,18,17,41,34,9,3,24,10,32,13,42,35,28,5,49,40,46,48,20,21,30,37,44,38,29,8,19,27,7,33,11,2,15,26,4,
2028,101.26755881309509,70268.74796000002,58001.14300000001,0,25,14,31,22,12,47,36,43,6,45,16,1,39,23,18,17,41,34,9,3,24,10,32,13,42,35,28,5,49,40,46,48,20,21,30,37,44,38,29,8,19,27,7,33,11,2,15,26,4,
2029,101.30455780029297,71147.30949333335,58001.14300000001,0,25,14,31,22,12,47,36,43,6,45,16,1,39,23,18,17,41,34,9,3,24,10,32,13,42,35,28,5,49,40,46,48,20,21,30,37,44,38,29,8,19,27,7,33,11,2,15,26,4,
2030,101.34155631065369,67767.97556000002,58001.14300000001,0,25,14,31,22,12,47,36,43,6,45,16,1,39,23,18,17,41,34,9,3,24,10,32,13,42,35,28,5,49,40,46,48,20,21,30,37,44,38,29,8,19,27,7,33,11,2,15,26,4,
2031,101.3785948753357,68729.14585333335,58001.14300000001,0,25,14,31,22,12,47,36,43,6,45,16,1,39,23,18,17,41,34,9,3,24,10,32,13,42,35,28,5,49,40,46,48,20,21,30,37,44,38,29,8,19,27,7,33,11,2,15,26,4,
2032,101.41563296318054,69633.25134666669,58001.14300000001,0,25,14,31,22,12,47,36,43,6,45,16,1,39,23,18,17,41,34,9,3,24,10,32,13,42,35,28,5,49,40,46,48,20,21,30,37,44,38,29,8,19,27,7,33,11,2,15,26,4,
2033,101.45262813568115,71047.80082666667,58001.14300000001,0,25,14,31,22,12,47,36,43,6,45,16,1,39,23,18,17,41,34,9,3,24,10,32,13,42,35,28,5,49,40,46,48,20,21,30,37,44,38,29,8,19,27,7,33,11,2,15,26,4,
2034,101.48867750167847,69493.43826666668,58001.14300000001,0,25,14,31,22,12,47,36,43,6,45,16,1,39,23,18,17,41,34,9,3,24,10,32,13,42,35,28,5,49,40,46,48,20,21,30,37,44,38,29,8,19,27,7,33,11,2,15,26,4,
2035,101.52463555335999,67848.21053333335,58001.14300000001,0,25,14,31,22,12,47,36,43,6,45,16,1,39,23,18,17,41,34,9,3,24,10,32,13,42,35,28,5,49,40,46,48,20,21,30,37,44,38,29,8,19,27,7,33,11,2,15,26,4,
2036,101.56061673164368,66554.38173333334,58001.14300000001,0,25,14,31,22,12,47,36,43,6,45,16,1,39,23,18,17,41,34,9,3,24,10,32,13,42,35,28,5,49,40,46,48,20,21,30,37,44,38,29,8,19,27,7,33,11,2,15,26,4,
2037,101.59865522384644,68281.94681333333,58001.14300000001,0,25,14,31,22,12,47,36,43,6,45,16,1,39,23,18,17,41,34,9,3,24,10,32,13,42,35,28,5,49,40,46,48,20,21,30,37,44,38,29,8,19,27,7,33,11,2,15,26,4,
2038,101.63461422920227,68953.18853333335,58001.14300000001,0,25,14,31,22,12,47,36,43,6,45,16,1,39,23,18,17,41,34,9,3,24,10,32,13,42,35,28,5,49,40,46,48,20,21,30,37,44,38,29,8,19,27,7,33,11,2,15,26,4,
2039,101.67261624336243,68382.46342666667,58001.14300000001,0,25,14,31,22,12,47,36,43,6,45,16,1,39,23,18,17,41,34,9,3,24,10,32,13,42,35,28,5,49,40,46,48,20,21,30,37,44,38,29,8,19,27,7,33,11,2,15,26,4,
2040,101.71157574653625,67912.99372000001,58001.14300000001,0,25,14,31,22,12,47,36,43,6,45,16,1,39,23,18,17,41,34,9,3,24,10,32,13,42,35,28,5,49,40,46,48,20,21,30,37,44,38,29,8,19,27,7,33,11,2,15,26,4,
2041,101.74954032897949,67975.23593333334,58001.14300000001,0,25,14,31,22,12,47,36,43,6,45,16,1,39,23,18,17,41,34,9,3,24,10,32,13,42,35,28,5,49,40,46,48,20,21,30,37,44,38,29,8,19,27,7,33,11,2,15,26,4,
2042,101.78658151626587,67670.72742666666,58001.14300000001,0,25,14,31,22,12,47,36,43,6,45,16,1,39,23,18,17,41,34,9,3,24,10,32,13,42,35,28,5,49,40,46,48,20,21,30,37,44,38,29,8,19,27,7,33,11,2,15,26,4,
2043,101.82463049888611,66707.92252000002,58001.14300000001,0,25,14,31,22,12,47,36,43,6,45,16,1,39,23,18,17,41,34,9,3,24,10,32,13,42,35,28,5,49,40,46,48,20,21,30,37,44,38,29,8,19,27,7,33,11,2,15,26,4,
2044,101.86263132095337,66559.33232,58001.14300000001,0,25,14,31,22,12,47,36,43,6,45,16,1,39,23,18,17,41,34,9,3,24,10,32,13,42,35,28,5,49,40,46,48,20,21,30,37,44,38,29,8,19,27,7,33,11,2,15,26,4,
2045,101.89859390258789,67043.15561333335,58001.14300000001,0,25,14,31,22,12,47,36,43,6,45,16,1,39,23,18,17,41,34,9,3,24,10,32,13,42,35,28,5,49,40,46,48,20,21,30,37,44,38,29,8,19,27,7,33,11,2,15,26,4,
2046,101.93460321426392,67376.86301333335,58001.14300000001,0,25,14,31,22,12,47,36,43,6,45,16,1,39,23,18,17,41,34,9,3,24,10,32,13,42,35,28,5,49,40,46,48,20,21,30,37,44,38,29,8,19,27,7,33,11,2,15,26,4,
2047,101.9726414680481,68266.49937333334,58001.14300000001,0,25,14,31,22,12,47,36,43,6,45,16,1,39,23,18,17,41,34,9,3,24,10,32,13,42,35,28,5,49,40,46,48,20,21,30,37,44,38,29,8,19,27,7,33,11,2,15,26,4,
2048,102.0096378326416,69731.29814666667,58001.14300000001,0,25,14,31,22,12,47,36,43,6,45,16,1,39,23,18,17,41,34,9,3,24,10,32,13,42,35,28,5,49,40,46,48,20,21,30,37,44,38,29,8,19,27,7,33,11,2,15,26,4,
2049,102.04563808441162,69711.58612,58001.14300000001,0,25,14,31,22,12,47,36,43,6,45,16,1,39,23,18,17,41,34,9,3,24,10,32,13,42,35,28,5,49,40,46,48,20,21,30,37,44,38,29,8,19,27,7,33,11,2,15,26,4,
2050,102.08268737792969,69079.67473333333,58001.14300000001,0,25,14,31,22,12,47,36,43,6,45,16,1,39,23,18,17,41,34,9,3,24,10,32,13,42,35,28,5,49,40,46,48,20,21,30,37,44,38,29,8,19,27,7,33,11,2,15,26,4,
2051,102.12070274353027,67922.76509333335,58001.14300000001,0,25,14,31,22,12,47,36,43,6,45,16,1,39,23,18,17,41,34,9,3,24,10,32,13,42,35,28,5,49,40,46,48,20,21,30,37,44,38,29,8,19,27,7,33,11,2,15,26,4,
2052,102.15371227264404,68522.52032,58001.14300000001,0,25,14,31,22,12,47,36,43,6,45,16,1,39,23,18,17,41,34,9,3,24,10,32,13,42,35,28,5,49,40,46,48,20,21,30,37,44,38,29,8,19,27,7,33,11,2,15,26,4,
2053,102.19372320175171,68225.77872000002,58001.14300000001,0,25,14,31,22,12,47,36,43,6,45,16,1,39,23,18,17,41,34,9,3,24,10,32,13,42,35,28,5,49,40,46,48,20,21,30,37,44,38,29,8,19,27,7,33,11,2,15,26,4,
2054,102.23070979118347,69149.89442666668,58001.14300000001,0,25,14,31,22,12,47,36,43,6,45,16,1,39,23,18,17,41,34,9,3,24,10,32,13,42,35,28,5,49,40,46,48,20,21,30,37,44,38,29,8,19,27,7,33,11,2,15,26,4,
2055,102.27170944213867,69185.64738666668,58001.14300000001,0,25,14,31,22,12,47,36,43,6,45,16,1,39,23,18,17,41,34,9,3,24,10,32,13,42,35,28,5,49,40,46,48,20,21,30,37,44,38,29,8,19,27,7,33,11,2,15,26,4,
2056,102.31170582771301,69839.76965333335,58001.14300000001,0,25,14,31,22,12,47,36,43,6,45,16,1,39,23,18,17,41,34,9,3,24,10,32,13,42,35,28,5,49,40,46,48,20,21,30,37,44,38,29,8,19,27,7,33,11,2,15,26,4,
2057,102.35070037841797,69254.60250666668,58001.14300000001,0,25,14,31,22,12,47,36,43,6,45,16,1,39,23,18,17,41,34,9,3,24,10,32,13,42,35,28,5,49,40,46,48,20,21,30,37,44,38,29,8,19,27,7,33,11,2,15,26,4,
2058,102.38974142074585,67878.99726666669,58001.14300000001,0,25,14,31,22,12,47,36,43,6,45,16,1,39,23,18,17,41,34,9,3,24,10,32,13,42,35,28,5,49,40,46,48,20,21,30,37,44,38,29,8,19,27,7,33,11,2,15,26,4,
2059,102.43070960044861,67944.85081333335,58001.14300000001,0,25,14,31,22,12,47,36,43,6,45,16,1,39,23,18,17,41,34,9,3,24,10,32,13,42,35,28,5,49,40,46,48,20,21,30,37,44,38,29,8,19,27,7,33,11,2,15,26,4,
2060,102.46870994567871,67004.56545333336,58001.14300000001,0,25,14,31,22,12,47,36,43,6,45,16,1,39,23,18,17,41,34,9,3,24,10,32,13,42,35,28,5,49,40,46,48,20,21,30,37,44,38,29,8,19,27,7,33,11,2,15,26,4,
2061,102.5077395439148,66798.1172266667,58001.14300000001,0,25,14,31,22,12,47,36,43,6,45,16,1,39,23,18,17,41,34,9,3,24,10,32,13,42,35,28,5,49,40,46,48,20,21,30,37,44,38,29,8,19,27,7,33,11,2,15,26,4,
2062,102.54777312278748,68763.20440000002,58001.14300000001,0,25,14,31,22,12,47,36,43,6,45,16,1,39,23,18,17,41,34,9,3,24,10,32,13,42,35,28,5,49,40,46,48,20,21,30,37,44,38,29,8,19,27,7,33,11,2,15,26,4,
2063,102.5867702960968,69429.75337333335,58001.14300000001,0,25,14,31,22,12,47,36,43,6,45,16,1,39,23,18,17,41,34,9,3,24,10,32,13,42,35,28,5,49,40,46,48,20,21,30,37,44,38,29,8,19,27,7,33,11,2,15,26,4,
2064,102.62573337554932,69446.60807999999,58001.14300000001,0,25,14,31,22,12,47,36,43,6,45,16,1,39,23,18,17,41,34,9,3,24,10,32,13,42,35,28,5,49,40,46,48,20,21,30,37,44,38,29,8,19,27,7,33,11,2,15,26,4,
2065,102.66976714134216,72530.22772000001,58001.14300000001,0,25,14,31,22,12,47,36,43,6,45,16,1,39,23,18,17,41,34,9,3,24,10,32,13,42,35,28,5,49,40,46,48,20,21,30,37,44,38,29,8,19,27,7,33,11,2,15,26,4,
2066,102.7097704410553,70383.12116000001,58001.14300000001,0,25,14,31,22,12,47,36,43,6,45,16,1,39,23,18,17,41,34,9,3,24,10,32,13,42,35,28,5,49,40,46,48,20,21,30,37,44,38,29,8,19,27,7,33,11,2,15,26,4,
2067,102.74772691726685,71704.07941333334,58001.14300000001,0,25,14,31,22,12,47,36,43,6,45,16,1,39,23,18,17,41,34,9,3,24,10,32,13,42,35,28,5,49,40,46,48,20,21,30,37,44,38,29,8,19,27,7,33,11,2,15,26,4,
2068,102.78268718719482,71036.07792000001,58001.14300000001,0,25,14,31,22,12,47,36,43,6,45,16,1,39,23,18,17,41,34,9,3,24,10,32,13,42,35,28,5,49,40,46,48,20,21,30,37,44,38,29,8,19,27,7,33,11,2,15,26,4,
2069,102.82068634033203,71552.10649333334,58001.14300000001,0,25,14,31,22,12,47,36,43,6,45,16,1,39,23,18,17,41,34,9,3,24,10,32,13,42,35,28,5,49,40,46,48,20,21,30,37,44,38,29,8,19,27,7,33,11,2,15,26,4,
2070,102.85668659210205,73935.53876000002,58001.14300000001,0,25,14,31,22,12,47,36,43,6,45,16,1,39,23,18,17,41,34,9,3,24,10,32,13,42,35,28,5,49,40,46,48,20,21,30,37,44,38,29,8,19,27,7,33,11,2,15,26,4,
2071,102.89468288421631,72679.18209333334,58001.14300000001,0,25,14,31,22,12,47,36,43,6,45,16,1,39,23,18,17,41,34,9,3,24,10,32,13,42,35,28,5,49,40,46,48,20,21,30,37,44,38,29,8,19,27,7,33,11,2,15,26,4,
2072,102.93068408966064,72423.56353333335,58001.14300000001,0,25,14,31,22,12,47,36,43,6,45,16,1,39,23,18,17,41,34,9,3,24,10,32,13,42,35,28,5,49,40,46,48,20,21,30,37,44,38,29,8,19,27,7,33,11,2,15,26,4,
2073,102.96868109703064,72428.86701333334,58001.14300000001,0,25,14,31,22,12,47,36,43,6,45,16,1,39,23,18,17,41,34,9,3,24,10,32,13,42,35,28,5,49,40,46,48,20,21,30,37,44,38,29,8,19,27,7,33,11,2,15,26,4,
2074,103.00564455986023,72735.87286666667,58001.14300000001,0,25,14,31,22,12,47,36,43,6,45,16,1,39,23,18,17,41,34,9,3,24,10,32,13,42,35,28,5,49,40,46,48,20,21,30,37,44,38,29,8,19,27,7,33,11,2,15,26,4,
2075,103.04364228248596,70825.83990666668,58001.14300000001,0,25,14,31,22,12,47,36,43,6,45,16,1,39,23,18,17,41,34,9,3,24,10,32,13,42,35,28,5,49,40,46,48,20,21,30,37,44,38,29,8,19,27,7,33,11,2,15,26,4,
2076,103.08056497573853,72583.47456000002,58001.14300000001,0,25,14,31,22,12,47,36,43,6,45,16,1,39,23,18,17,41,34,9,3,24,10,32,13,42,35,28,5,49,40,46,48,20,21,30,37,44,38,29,8,19,27,7,33,11,2,15,26,4,
2077,103.11861419677734,71630.36865333335,58001.14300000001,0,25,14,31,22,12,47,36,43,6,45,16,1,39,23,18,17,41,34,9,3,24,10,32,13,42,35,28,5,49,40,46,48,20,21,30,37,44,38,29,8,19,27,7,33,11,2,15,26,4,
2078,103.1556167602539,72568.22652000001,58001.14300000001,0,25,14,31,22,12,47,36,43,6,45,16,1,39,23,18,17,41,34,9,3,24,10,32,13,42,35,28,5,49,40,46,48,20,21,30,37,44,38,29,8,19,27,7,33,11,2,15,26,4,
2079,103.19357991218567,69452.07644000002,58001.14300000001,0,25,14,31,22,12,47,36,43,6,45,16,1,39,23,18,17,41,34,9,3,24,10,32,13,42,35,28,5,49,40,46,48,20,21,30,37,44,38,29,8,19,27,7,33,11,2,15,26,4,
2080,103.22959041595459,70516.09818666668,58001.14300000001,0,25,14,31,22,12,47,36,43,6,45,16,1,39,23,18,17,41,34,9,3,24,10,32,13,42,35,28,5,49,40,46,48,20,21,30,37,44,38,29,8,19,27,7,33,11,2,15,26,4,
2081,103.26658797264099,71731.40097333335,58001.14300000001,0,25,14,31,22,12,47,36,43,6,45,16,1,39,23,18,17,41,34,9,3,24,10,32,13,42,35,28,5,49,40,46,48,20,21,30,37,44,38,29,8,19,27,7,33,11,2,15,26,4,
2082,103.30162310600281,73571.92537333336,58001.14300000001,0,25,14,31,22,12,47,36,43,6,45,16,1,39,23,18,17,41,34,9,3,24,10,32,13,42,35,28,5,49,40,46,48,20,21,30,37,44,38,29,8,19,27,7,33,11,2,15,26,4,
2083,103.33662033081055,70735.24052000002,58001.14300000001,0,25,14,31,22,12,47,36,43,6,45,16,1,39,23,18,17,41,34,9,3,24,10,32,13,42,35,28,5,49,40,46,48,20,21,30,37,44,38,29,8,19,27,7,33,11,2,15,26,4,
2084,103.37566113471985,69322.96894666668,58001.14300000001,0,25,14,31,22,12,47,36,43,6,45,16,1,39,23,18,17,41,34,9,3,24,10,32,13,42,35,28,5,49,40,46,48,20,21,30,37,44,38,29,8,19,27,7,33,11,2,15,26,4,
2085,103.4126615524292,69793.07758666668,58001.14300000001,0,25,14,31,22,12,47,36,43,6,45,16,1,39,23,18,17,41,34,9,3,24,10,32,13,42,35,28,5,49,40,46,48,20,21,30,37,44,38,29,8,19,27,7,33,11,2,15,26,4,
2086,103.45065665245056,72301.75841333334,58001.14300000001,0,25,14,31,22,12,47,36,43,6,45,16,1,39,23,18,17,41,34,9,3,24,10,32,13,42,35,28,5,49,40,46,48,20,21,30,37,44,38,29,8,19,27,7,33,11,2,15,26,4,
2087,103.48770713806152,68551.40141333334,58001.14300000001,0,25,14,31,22,12,47,36,43,6,45,16,1,39,23,18,17,41,34,9,3,24,10,32,13,42,35,28,5,49,40,46,48,20,21,30,37,44,38,29,8,19,27,7,33,11,2,15,26,4,
2088,103.52370405197144,69451.2509066667,58001.14300000001,0,25,14,31,22,12,47,36,43,6,45,16,1,39,23,18,17,41,34,9,3,24,10,32,13,42,35,28,5,49,40,46,48,20,21,30,37,44,38,29,8,19,27,7,33,11,2,15,26,4,
2089,103.56072187423706,69360.26973333336,58001.14300000001,0,25,14,31,22,12,47,36,43,6,45,16,1,39,23,18,17,41,34,9,3,24,10,32,13,42,35,28,5,49,40,46,48,20,21,30,37,44,38,29,8,19,27,7,33,11,2,15,26,4,
2090,103.59576034545898,70013.99325333336,58001.14300000001,0,25,14,31,22,12,47,36,43,6,45,16,1,39,23,18,17,41,34,9,3,24,10,32,13,42,35,28,5,49,40,46,48,20,21,30,37,44,38,29,8,19,27,7,33,11,2,15,26,4,
2091,103.6308081150055,68336.80070666668,58001.14300000001,0,25,14,31,22,12,47,36,43,6,45,16,1,39,23,18,17,41,34,9,3,24,10,32,13,42,35,28,5,49,40,46,48,20,21,30,37,44,38,29,8,19,27,7,33,11,2,15,26,4,
2092,103.66876912117004,67391.17908000002,58001.14300000001,0,25,14,31,22,12,47,36,43,6,45,16,1,39,23,18,17,41,34,9,3,24,10,32,13,42,35,28,5,49,40,46,48,20,21,30,37,44,38,29,8,19,27,7,33,11,2,15,26,4,
2093,103.70577073097229,67661.46302666668,58001.14300000001,0,25,14,31,22,12,47,36,43,6,45,16,1,39,23,18,17,41,34,9,3,24,10,32,13,42,35,28,5,49,40,46,48,20,21,30,37,44,38,29,8,19,27,7,33,11,2,15,26,4,
2094,103.74076962471008,67074.22612000002,58001.14300000001,0,25,14,31,22,12,47,36,43,6,45,16,1,39,23,18,17,41,34,9,3,24,10,32,13,42,35,28,5,49,40,46,48,20,21,30,37,44,38,29,8,19,27,7,33,11,2,15,26,4,
2095,103.7778069972992,67715.48252000002,58001.14300000001,0,25,14,31,22,12,47,36,43,6,45,16,1,39,23,18,17,41,34,9,3,24,10,32,13,42,35,28,5,49,40,46,48,20,21,30,37,44,38,29,8,19,27,7,33,11,2,15,26,4,
2096,103.81481122970581,69449.64225333334,58001.14300000001,0,25,14,31,22,12,47,36,43,6,45,16,1,39,23,18,17,41,34,9,3,24,10,32,13,42,35,28,5,49,40,46,48,20,21,30,37,44,38,29,8,19,27,7,33,11,2,15,26,4,
2097,103.85182499885559,69102.85972000001,58001.14300000001,0,25,14,31,22,12,47,36,43,6,45,16,1,39,23,18,17,41,34,9,3,24,10,32,13,42,35,28,5,49,40,46,48,20,21,30,37,44,38,29,8,19,27,7,33,11,2,15,26,4,
2098,103.88982152938843,70206.26777333335,58001.14300000001,0,25,14,31,22,12,47,36,43,6,45,16,1,39,23,18,17,41,34,9,3,24,10,32,13,42,35,28,5,49,40,46,48,20,21,30,37,44,38,29,8,19,27,7,33,11,2,15,26,4,
2099,103.92785978317261,69699.25322666667,58001.14300000001,0,25,14,31,22,12,47,36,43,6,45,16,1,39,23,18,17,41,34,9,3,24,10,32,13,42,35,28,5,49,40,46,48,20,21,30,37,44,38,29,8,19,27,7,33,11,2,15,26,4,
2100,103.96685862541199,68889.36210666668,58001.14300000001,0,25,14,31,22,12,47,36,43,6,45,16,1,39,23,18,17,41,34,9,3,24,10,32,13,42,35,28,5,49,40,46,48,20,21,30,37,44,38,29,8,19,27,7,33,11,2,15,26,4,
2101,104.0028600692749,69483.75245333335,58001.14300000001,0,25,14,31,22,12,47,36,43,6,45,16,1,39,23,18,17,41,34,9,3,24,10,32,13,42,35,28,5,49,40,46,48,20,21,30,37,44,38,29,8,19,27,7,33,11,2,15,26,4,
2102,104.04182124137878,68158.61760000001,58001.14300000001,0,25,14,31,22,12,47,36,43,6,45,16,1,39,23,18,17,41,34,9,3,24,10,32,13,42,35,28,5,49,40,46,48,20,21,30,37,44,38,29,8,19,27,7,33,11,2,15,26,4,
2103,104.08081817626953,69120.04400000001,58001.14300000001,0,25,14,31,22,12,47,36,43,6,45,16,1,39,23,18,17,41,34,9,3,24,10,32,13,42,35,28,5,49,40,46,48,20,21,30,37,44,38,29,8,19,27,7,33,11,2,15,26,4,
2104,104.11778497695923,70701.9894,58001.14300000001,0,25,14,31,22,12,47,36,43,6,45,16,1,39,23,18,17,41,34,9,3,24,10,32,13,42,35,28,5,49,40,46,48,20,21,30,37,44,38,29,8,19,27,7,33,11,2,15,26,4,
2105,104.15278482437134,70193.25342666668,58001.14300000001,0,25,14,31,22,12,47,36,43,6,45,16,1,39,23,18,17,41,34,9,3,24,10,32,13,42,35,28,5,49,40,46,48,20,21,30,37,44,38,29,8,19,27,7,33,11,2,15,26,4,
2106,104.18978500366211,67909.03056000001,58001.14300000001,0,25,14,31,22,12,47,36,43,6,45,16,1,39,23,18,17,41,34,9,3,24,10,32,13,42,35,28,5,49,40,46,48,20,21,30,37,44,38,29,8,19,27,7,33,11,2,15,26,4,
2107,104.22574400901794,69794.33820000001,58001.14300000001,0,25,14,31,22,12,47,36,43,6,45,16,1,39,23,18,17,41,34,9,3,24,10,32,13,42,35,28,5,49,40,46,48,20,21,30,37,44,38,29,8,19,27,7,33,11,2,15,26,4,
2108,104.26174521446228,67353.57937333333,58001.14300000001,0,25,14,31,22,12,47,36,43,6,45,16,1,39,23,18,17,41,34,9,3,24,10,32,13,42,35,28,5,49,40,46,48,20,21,30,37,44,38,29,8,19,27,7,33,11,2,15,26,4,
2109,104.29874420166016,68837.72553333336,58001.14300000001,0,25,14,31,22,12,47,36,43,6,45,16,1,39,23,18,17,41,34,9,3,24,10,32,13,42,35,28,5,49,40,46,48,20,21,30,37,44,38,29,8,19,27,7,33,11,2,15,26,4,
2110,104.33479166030884,69890.59470666668,58001.14300000001,0,25,14,31,22,12,47,36,43,6,45,16,1,39,23,18,17,41,34,9,3,24,10,32,13,42,35,28,5,49,40,46,48,20,21,30,37,44,38,29,8,19,27,7,33,11,2,15,26,4,
2111,104.36984443664551,69051.22081333335,58001.14300000001,0,25,14,31,22,12,47,36,43,6,45,16,1,39,23,18,17,41,34,9,3,24,10,32,13,42,35,28,5,49,40,46,48,20,21,30,37,44,38,29,8,19,27,7,33,11,2,15,26,4,
2112,104.40684580802917,71105.23937333334,58001.14300000001,0,25,14,31,22,12,47,36,43,6,45,16,1,39,23,18,17,41,34,9,3,24,10,32,13,42,35,28,5,49,40,46,48,20,21,30,37,44,38,29,8,19,27,7,33,11,2,15,26,4,
2113,104.44384145736694,72113.72461333334,58001.14300000001,0,25,14,31,22,12,47,36,43,6,45,16,1,39,23,18,17,41,34,9,3,24,10,32,13,42,35,28,5,49,40,46,48,20,21,30,37,44,38,29,8,19,27,7,33,11,2,15,26,4,
2114,104.48084092140198,69147.02579999999,58001.14300000001,0,25,14,31,22,12,47,36,43,6,45,16,1,39,23,18,17,41,34,9,3,24,10,32,13,42,35,28,5,49,40,46,48,20,21,30,37,44,38,29,8,19,27,7,33,11,2,15,26,4,
2115,104.51788067817688,71176.70341333335,58001.14300000001,0,25,14,31,22,12,47,36,43,6,45,16,1,39,23,18,17,41,34,9,3,24,10,32,13,42,35,28,5,49,40,46,48,20,21,30,37,44,38,29,8,19,27,7,33,11,2,15,26,4,
2116,104.554856300354,71270.33173333334,58001.14300000001,0,25,14,31,22,12,47,36,43,6,45,16,1,39,23,18,17,41,34,9,3,24,10,32,13,42,35,28,5,49,40,46,48,20,21,30,37,44,38,29,8,19,27,7,33,11,2,15,26,4,
2117,104.59185361862183,71977.64133333335,58001.14300000001,0,25,14,31,22,12,47,36,43,6,45,16,1,39,23,18,17,41,34,9,3,24,10,32,13,42,35,28,5,49,40,46,48,20,21,30,37,44,38,29,8,19,27,7,33,11,2,15,26,4,
2118,104.62885570526123,70720.01866666667,58001.14300000001,0,25,14,31,22,12,47,36,43,6,45,16,1,39,23,18,17,41,34,9,3,24,10,32,13,42,35,28,5,49,40,46,48,20,21,30,37,44,38,29,8,19,27,7,33,11,2,15,26,4,
2119,104.66585564613342,70728.42616,58001.14300000001,0,25,14,31,22,12,47,36,43,6,45,16,1,39,23,18,17,41,34,9,3,24,10,32,13,42,35,28,5,49,40,46,48,20,21,30,37,44,38,29,8,19,27,7,33,11,2,15,26,4,
2120,104.7038140296936,69942.26434666668,58001.14300000001,0,25,14,31,22,12,47,36,43,6,45,16,1,39,23,18,17,41,34,9,3,24,10,32,13,42,35,28,5,49,40,46,48,20,21,30,37,44,38,29,8,19,27,7,33,11,2,15,26,4,
2121,104.73977470397949,72531.44858666667,58001.14300000001,0,25,14,31,22,12,47,36,43,6,45,16,1,39,23,18,17,41,34,9,3,24,10,32,13,42,35,28,5,49,40,46,48,20,21,30,37,44,38,29,8,19,27,7,33,11,2,15,26,4,
2122,104.77573490142822,71192.47442666668,58001.14300000001,0,25,14,31,22,12,47,36,43,6,45,16,1,39,23,18,17,41,34,9,3,24,10,32,13,42,35,28,5,49,40,46,48,20,21,30,37,44,38,29,8,19,27,7,33,11,2,15,26,4,
2123,104.81273579597473,71017.30489333333,58001.14300000001,0,25,14,31,22,12,47,36,43,6,45,16,1,39,23,18,17,41,34,9,3,24,10,32,13,42,35,28,5,49,40,46,48,20,21,30,37,44,38,29,8,19,27,7,33,11,2,15,26,4,
2124,104.84873723983765,71975.09532000002,58001.14300000001,0,25,14,31,22,12,47,36,43,6,45,16,1,39,23,18,17,41,34,9,3,24,10,32,13,42,35,28,5,49,40,46,48,20,21,30,37,44,38,29,8,19,27,7,33,11,2,15,26,4,
2125,104.88473916053772,70853.99385333336,58001.14300000001,0,25,14,31,22,12,47,36,43,6,45,16,1,39,23,18,17,41,34,9,3,24,10,32,13,42,35,28,5,49,40,46,48,20,21,30,37,44,38,29,8,19,27,7,33,11,2,15,26,4,
2126,104.92173743247986,70829.09290666669,58001.14300000001,0,25,14,31,22,12,47,36,43,6,45,16,1,39,23,18,17,41,34,9,3,24,10,32,13,42,35,28,5,49,40,46,48,20,21,30,37,44,38,29,8,19,27,7,33,11,2,15,26,4,
2127,104.95773077011108,70911.06054666667,58001.14300000001,0,25,14,31,22,12,47,36,43,6,45,16,1,39,23,18,17,41,34,9,3,24,10,32,13,42,35,28,5,49,40,46,48,20,21,30,37,44,38,29,8,19,27,7,33,11,2,15,26,4,
2128,104.99468803405762,70946.42796000002,58001.14300000001,0,25,14,31,22,12,47,36,43,6,45,16,1,39,23,18,17,41,34,9,3,24,10,32,13,42,35,28,5,49,40,46,48,20,21,30,37,44,38,29,8,19,27,7,33,11,2,15,26,4,
2129,105.03072118759155,70361.34578666667,58001.14300000001,0,25,14,31,22,12,47,36,43,6,45,16,1,39,23,18,17,41,34,9,3,24,10,32,13,42,35,28,5,49,40,46,48,20,21,30,37,44,38,29,8,19,27,7,33,11,2,15,26,4,
2130,105.0667314529419,73467.65892000002,58001.14300000001,0,25,14,31,22,12,47,36,43,6,45,16,1,39,23,18,17,41,34,9,3,24,10,32,13,42,35,28,5,49,40,46,48,20,21,30,37,44,38,29,8,19,27,7,33,11,2,15,26,4,
2131,105.10277080535889,71346.23092000002,58001.14300000001,0,25,14,31,22,12,47,36,43,6,45,16,1,39,23,18,17,41,34,9,3,24,10,32,13,42,35,28,5,49,40,46,48,20,21,30,37,44,38,29,8,19,27,7,33,11,2,15,26,4,
2132,105.139732837677,72356.23042666669,58001.14300000001,0,25,14,31,22,12,47,36,43,6,45,16,1,39,23,18,17,41,34,9,3,24,10,32,13,42,35,28,5,49,40,46,48,20,21,30,37,44,38,29,8,19,27,7,33,11,2,15,26,4,
2133,105.17573237419128,72933.02978666668,58001.14300000001,0,25,14,31,22,12,47,36,43,6,45,16,1,39,23,18,17,41,34,9,3,24,10,32,13,42,35,28,5,49,40,46,48,20,21,30,37,44,38,29,8,19,27,7,33,11,2,15,26,4,
2134,105.21177124977112,71482.40734666667,58001.14300000001,0,25,14,31,22,12,47,36,43,6,45,16,1,39,23,18,17,41,34,9,3,24,10,32,13,42,35,28,5,49,40,46,48,20,21,30,37,44,38,29,8,19,27,7,33,11,2,15,26,4,
2135,105.24976921081543,71624.97204000002,58001.14300000001,0,25,14,31,22,12,47,36,43,6,45,16,1,39,23,18,17,41,34,9,3,24,10,32,13,42,35,28,5,49,40,46,48,20,21,30,37,44,38,29,8,19,27,7,33,11,2,15,26,4,
2136,105.28672909736633,71251.04429333334,58001.14300000001,0,25,14,31,22,12,47,36,43,6,45,16,1,39,23,18,17,41,34,9,3,24,10,32,13,42,35,28,5,49,40,46,48,20,21,30,37,44,38,29,8,19,27,7,33,11,2,15,26,4,
2137,105.32469487190247,72709.27540000001,58001.14300000001,0,25,14,31,22,12,47,36,43,6,45,16,1,39,23,18,17,41,34,9,3,24,10,32,13,42,35,28,5,49,40,46,48,20,21,30,37,44,38,29,8,19,27,7,33,11,2,15,26,4,
2138,105.35965490341187,69659.67893333334,58001.14300000001,0,25,14,31,22,12,47,36,43,6,45,16,1,39,23,18,17,41,34,9,3,24,10,32,13,42,35,28,5,49,40,46,48,20,21,30,37,44,38,29,8,19,27,7,33,11,2,15,26,4,
2139,105.39565348625183,68925.64266666667,58001.14300000001,0,25,14,31,22,12,47,36,43,6,45,16,1,39,23,18,17,41,34,9,3,24,10,32,13,42,35,28,5,49,40,46,48,20,21,30,37,44,38,29,8,19,27,7,33,11,2,15,26,4,
2140,105.4346559047699,68091.21942666668,58001.14300000001,0,25,14,31,22,12,47,36,43,6,45,16,1,39,23,18,17,41,34,9,3,24,10,32,13,42,35,28,5,49,40,46,48,20,21,30,37,44,38,29,8,19,27,7,33,11,2,15,26,4,
2141,105.47169160842896,68012.81660000002,58001.14300000001,0,25,14,31,22,12,47,36,43,6,45,16,1,39,23,18,17,41,34,9,3,24,10,32,13,42,35,28,5,49,40,46,48,20,21,30,37,44,38,29,8,19,27,7,33,11,2,15,26,4,
2142,105.50965070724487,70065.97998666669,58001.14300000001,0,25,14,31,22,12,47,36,43,6,45,16,1,39,23,18,17,41,34,9,3,24,10,32,13,42,35,28,5,49,40,46,48,20,21,30,37,44,38,29,8,19,27,7,33,11,2,15,26,4,
2143,105.54860949516296,68840.79382666669,58001.14300000001,0,25,14,31,22,12,47,36,43,6,45,16,1,39,23,18,17,41,34,9,3,24,10,32,13,42,35,28,5,49,40,46,48,20,21,30,37,44,38,29,8,19,27,7,33,11,2,15,26,4,
2144,105.58864498138428,70256.93805333333,58001.14300000001,0,25,14,31,22,12,47,36,43,6,45,16,1,39,23,18,17,41,34,9,3,24,10,32,13,42,35,28,5,49,40,46,48,20,21,30,37,44,38,29,8,19,27,7,33,11,2,15,26,4,
2145,105.62464451789856,71778.19901333335,58001.14300000001,0,25,14,31,22,12,47,36,43,6,45,16,1,39,23,18,17,41,34,9,3,24,10,32,13,42,35,28,5,49,40,46,48,20,21,30,37,44,38,29,8,19,27,7,33,11,2,15,26,4,
2146,105.66064476966858,71734.14628000002,58001.14300000001,0,25,14,31,22,12,47,36,43,6,45,16,1,39,23,18,17,41,34,9,3,24,10,32,13,42,35,28,5,49,40,46,48,20,21,30,37,44,38,29,8,19,27,7,33,11,2,15,26,4,
2147,105.69764351844788,70125.62269333332,58001.14300000001,0,25,14,31,22,12,47,36,43,6,45,16,1,39,23,18,17,41,34,9,3,24,10,32,13,42,35,28,5,49,40,46,48,20,21,30,37,44,38,29,8,19,27,7,33,11,2,15,26,4,
2148,105.73562860488892,71783.43681333333,58001.14300000001,0,25,14,31,22,12,47,36,43,6,45,16,1,39,23,18,17,41,34,9,3,24,10,32,13,42,35,28,5,49,40,46,48,20,21,30,37,44,38,29,8,19,27,7,33,11,2,15,26,4,
2149,105.77366900444031,71851.78854666669,58001.14300000001,0,25,14,31,22,12,47,36,43,6,45,16,1,39,23,18,17,41,34,9,3,24,10,32,13,42,35,28,5,49,40,46,48,20,21,30,37,44,38,29,8,19,27,7,33,11,2,15,26,4,
2150,105.81067895889282,71130.35653333334,58001.14300000001,0,25,14,31,22,12,47,36,43,6,45,16,1,39,23,18,17,41,34,9,3,24,10,32,13,42,35,28,5,49,40,46,48,20,21,30,37,44,38,29,8,19,27,7,33,11,2,15,26,4,
2151,105.84668135643005,72855.31688000001,58001.14300000001,0,25,14,31,22,12,47,36,43,6,45,16,1,39,23,18,17,41,34,9,3,24,10,32,13,42,35,28,5,49,40,46,48,20,21,30,37,44,38,29,8,19,27,7,33,11,2,15,26,4,
2152,105.8836817741394,69978.81973333334,58001.14300000001,0,25,14,31,22,12,47,36,43,6,45,16,1,39,23,18,17,41,34,9,3,24,10,32,13,42,35,28,5,49,40,46,48,20,21,30,37,44,38,29,8,19,27,7,33,11,2,15,26,4,
2153,105.92168545722961,68966.19824000003,58001.14300000001,0,25,14,31,22,12,47,36,43,6,45,16,1,39,23,18,17,41,34,9,3,24,10,32,13,42,35,28,5,49,40,46,48,20,21,30,37,44,38,29,8,19,27,7,33,11,2,15,26,4,
2154,105.95869326591492,68660.80241333335,58001.14300000001,0,25,14,31,22,12,47,36,43,6,45,16,1,39,23,18,17,41,34,9,3,24,10,32,13,42,35,28,5,49,40,46,48,20,21,30,37,44,38,29,8,19,27,7,33,11,2,15,26,4,
2155,105.99569129943848,68435.74428,58001.14300000001,0,25,14,31,22,12,47,36,43,6,45,16,1,39,23,18,17,41,34,9,3,24,10,32,13,42,35,28,5,49,40,46,48,20,21,30,37,44,38,29,8,19,27,7,33,11,2,15,26,4,
2156,106.0307400226593,70919.24525333336,58001.14300000001,0,25,14,31,22,12,47,36,43,6,45,16,1,39,23,18,17,41,34,9,3,24,10,32,13,42,35,28,5,49,40,46,48,20,21,30,37,44,38,29,8,19,27,7,33,11,2,15,26,4,
2157,106.06873822212219,72661.25209333336,58001.14300000001,0,25,14,31,22,12,47,36,43,6,45,16,1,39,23,18,17,41,34,9,3,24,10,32,13,42,35,28,5,49,40,46,48,20,21,30,37,44,38,29,8,19,27,7,33,11,2,15,26,4,
2158,106.10673832893372,72201.30173333334,58001.14300000001,0,25,14,31,22,12,47,36,43,6,45,16,1,39,23,18,17,41,34,9,3,24,10,32,13,42,35,28,5,49,40,46,48,20,21,30,37,44,38,29,8,19,27,7,33,11,2,15,26,4,
2159,106.14570212364197,75130.84241333335,58001.14300000001,0,25,14,31,22,12,47,36,43,6,45,16,1,39,23,18,17,41,34,9,3,24,10,32,13,42,35,28,5,49,40,46,48,20,21,30,37,44,38,29,8,19,27,7,33,11,2,15,26,4,
2160,106.18275237083435,70962.22966666668,58001.14300000001,0,25,14,31,22,12,47,36,43,6,45,16,1,39,23,18,17,41,34,9,3,24,10,32,13,42,35,28,5,49,40,46,48,20,21,30,37,44,38,29,8,19,27,7,33,11,2,15,26,4,
2161,106.21975135803223,70537.4284,58001.14300000001,0,25,14,31,22,12,47,36,43,6,45,16,1,39,23,18,17,41,34,9,3,24,10,32,13,42,35,28,5,49,40,46,48,20,21,30,37,44,38,29,8,19,27,7,33,11,2,15,26,4,
2162,106.25771284103394,69303.42060000001,58001.14300000001,0,25,14,31,22,12,47,36,43,6,45,16,1,39,23,18,17,41,34,9,3,24,10,32,13,42,35,28,5,49,40,46,48,20,21,30,37,44,38,29,8,19,27,7,33,11,2,15,26,4,
2163,106.2937159538269,69760.65525333335,58001.14300000001,0,25,14,31,22,12,47,36,43,6,45,16,1,39,23,18,17,41,34,9,3,24,10,32,13,42,35,28,5,49,40,46,48,20,21,30,37,44,38,29,8,19,27,7,33,11,2,15,26,4,
2164,106.33068180084229,68641.85061333333,58001.14300000001,0,25,14,31,22,12,47,36,43,6,45,16,1,39,23,18,17,41,34,9,3,24,10,32,13,42,35,28,5,49,40,46,48,20,21,30,37,44,38,29,8,19,27,7,33,11,2,15,26,4,
2165,106.3666443824768,67133.14318666668,58001.14300000001,0,25,14,31,22,12,47,36,43,6,45,16,1,39,23,18,17,41,34,9,3,24,10,32,13,42,35,28,5,49,40,46,48,20,21,30,37,44,38,29,8,19,27,7,33,11,2,15,26,4,
2166,106.40363836288452,67008.27616000002,58001.14300000001,0,25,14,31,22,12,47,36,43,6,45,16,1,39,23,18,17,41,34,9,3,24,10,32,13,42,35,28,5,49,40,46,48,20,21,30,37,44,38,29,8,19,27,7,33,11,2,15,26,4,
2167,106.44460582733154,68115.87438666668,58001.14300000001,0,25,14,31,22,12,47,36,43,6,45,16,1,39,23,18,17,41,34,9,3,24,10,32,13,42,35,28,5,49,40,46,48,20,21,30,37,44,38,29,8,19,27,7,33,11,2,15,26,4,
2168,106.48163962364197,69313.45723999999,58001.14300000001,0,25,14,31,22,12,47,36,43,6,45,16,1,39,23,18,17,41,34,9,3,24,10,32,13,42,35,28,5,49,40,46,48,20,21,30,37,44,38,29,8,19,27,7,33,11,2,15,26,4,
2169,106.51667714118958,68959.86057333334,58001.14300000001,0,25,14,31,22,12,47,36,43,6,45,16,1,39,23,18,17,41,34,9,3,24,10,32,13,42,35,28,5,49,40,46,48,20,21,30,37,44,38,29,8,19,27,7,33,11,2,15,26,4,
2170,106.55267715454102,72086.40358666668,58001.14300000001,0,25,14,31,22,12,47,36,43,6,45,16,1,39,23,18,17,41,34,9,3,24,10,32,13,42,35,28,5,49,40,46,48,20,21,30,37,44,38,29,8,19,27,7,33,11,2,15,26,4,
2171,106.59064030647278,73224.55145333333,58001.14300000001,0,25,14,31,22,12,47,36,43,6,45,16,1,39,23,18,17,41,34,9,3,24,10,32,13,42,35,28,5,49,40,46,48,20,21,30,37,44,38,29,8,19,27,7,33,11,2,15,26,4,
2172,106.62667846679688,69509.31524,58001.14300000001,0,25,14,31,22,12,47,36,43,6,45,16,1,39,23,18,17,41,34,9,3,24,10,32,13,42,35,28,5,49,40,46,48,20,21,30,37,44,38,29,8,19,27,7,33,11,2,15,26,4,
2173,106.66368889808655,71058.94761333335,58001.14300000001,0,25,14,31,22,12,47,36,43,6,45,16,1,39,23,18,17,41,34,9,3,24,10,32,13,42,35,28,5,49,40,46,48,20,21,30,37,44,38,29,8,19,27,7,33,11,2,15,26,4,
2174,106.70072603225708,71867.14057333335,58001.14300000001,0,25,14,31,22,12,47,36,43,6,45,16,1,39,23,18,17,41,34,9,3,24,10,32,13,42,35,28,5,49,40,46,48,20,21,30,37,44,38,29,8,19,27,7,33,11,2,15,26,4,
2175,106.73576545715332,71990.28897333336,58001.14300000001,0,25,14,31,22,12,47,36,43,6,45,16,1,39,23,18,17,41,34,9,3,24,10,32,13,42,35,28,5,49,40,46,48,20,21,30,37,44,38,29,8,19,27,7,33,11,2,15,26,4,
2176,106.7707633972168,72152.41144000001,58001.14300000001,0,25,14,31,22,12,47,36,43,6,45,16,1,39,23,18,17,41,34,9,3,24,10,32,13,42,35,28,5,49,40,46,48,20,21,30,37,44,38,29,8,19,27,7,33,11,2,15,26,4,
2177,106.80680251121521,72773.92490666668,58001.14300000001,0,25,14,31,22,12,47,36,43,6,45,16,1,39,23,18,17,41,34,9,3,24,10,32,13,42,35,28,5,49,40,46,48,20,21,30,37,44,38,29,8,19,27,7,33,11,2,15,26,4,
2178,106.84380292892456,72296.17856000003,58001.14300000001,0,25,14,31,22,12,47,36,43,6,45,16,1,39,23,18,17,41,34,9,3,24,10,32,13,42,35,28,5,49,40,46,48,20,21,30,37,44,38,29,8,19,27,7,33,11,2,15,26,4,
2179,106.88180637359619,73721.18434666669,58001.14300000001,0,25,14,31,22,12,47,36,43,6,45,16,1,39,23,18,17,41,34,9,3,24,10,32,13,42,35,28,5,49,40,46,48,20,21,30,37,44,38,29,8,19,27,7,33,11,2,15,26,4,
2180,106.91880512237549,72479.4824666667,58001.14300000001,0,25,14,31,22,12,47,36,43,6,45,16,1,39,23,18,17,41,34,9,3,24,10,32,13,42,35,28,5,49,40,46,48,20,21,30,37,44,38,29,8,19,27,7,33,11,2,15,26,4,
2181,106.95684456825256,73615.75777333335,58001.14300000001,0,25,14,31,22,12,47,36,43,6,45,16,1,39,23,18,17,41,34,9,3,24,10,32,13,42,35,28,5,49,40,46,48,20,21,30,37,44,38,29,8,19,27,7,33,11,2,15,26,4,
2182,106.99480319023132,71901.02373333335,58001.14300000001,0,25,14,31,22,12,47,36,43,6,45,16,1,39,23,18,17,41,34,9,3,24,10,32,13,42,35,28,5,49,40,46,48,20,21,30,37,44,38,29,8,19,27,7,33,11,2,15,26,4,
2183,107.03285646438599,71351.312,58001.14300000001,0,25,14,31,22,12,47,36,43,6,45,16,1,39,23,18,17,41,34,9,3,24,10,32,13,42,35,28,5,49,40,46,48,20,21,30,37,44,38,29,8,19,27,7,33,11,2,15,26,4,
2184,107.07086086273193,72054.56893333336,58001.14300000001,0,25,14,31,22,12,47,36,43,6,45,16,1,39,23,18,17,41,34,9,3,24,10,32,13,42,35,28,5,49,40,46,48,20,21,30,37,44,38,29,8,19,27,7,33,11,2,15,26,4,
2185,107.10785698890686,73000.44798666668,58001.14300000001,0,25,14,31,22,12,47,36,43,6,45,16,1,39,23,18,17,41,34,9,3,24,10,32,13,42,35,28,5,49,40,46,48,20,21,30,37,44,38,29,8,19,27,7,33,11,2,15,26,4,
2186,107.14489722251892,71627.6490666667,58001.14300000001,0,25,14,31,22,12,47,36,43,6,45,16,1,39,23,18,17,41,34,9,3,24,10,32,13,42,35,28,5,49,40,46,48,20,21,30,37,44,38,29,8,19,27,7,33,11,2,15,26,4,
2187,107.18189692497253,70982.79049333335,58001.14300000001,0,25,14,31,22,12,47,36,43,6,45,16,1,39,23,18,17,41,34,9,3,24,10,32,13,42,35,28,5,49,40,46,48,20,21,30,37,44,38,29,8,19,27,7,33,11,2,15,26,4,
2188,107.2188630104065,71662.06172000003,58001.14300000001,0,25,14,31,22,12,47,36,43,6,45,16,1,39,23,18,17,41,34,9,3,24,10,32,13,42,35,28,5,49,40,46,48,20,21,30,37,44,38,29,8,19,27,7,33,11,2,15,26,4,
2189,107.25982236862183,69839.36824000003,58001.14300000001,0,25,14,31,22,12,47,36,43,6,45,16,1,39,23,18,17,41,34,9,3,24,10,32,13,42,35,28,5,49,40,46,48,20,21,30,37,44,38,29,8,19,27,7,33,11,2,15,26,4,
2190,107.29582214355469,69593.73940000002,58001.14300000001,0,25,14,31,22,12,47,36,43,6,45,16,1,39,23,18,17,41,34,9,3,24,10,32,13,42,35,28,5,49,40,46,48,20,21,30,37,44,38,29,8,19,27,7,33,11,2,15,26,4,
2191,107.33178186416626,70443.45353333336,58001.14300000001,0,25,14,31,22,12,47,36,43,6,45,16,1,39,23,18,17,41,34,9,3,24,10,32,13,42,35,28,5,49,40,46,48,20,21,30,37,44,38,29,8,19,27,7,33,11,2,15,26,4,
2192,107.36878037452698,70613.68084000003,58001.14300000001,0,25,14,31,22,12,47,36,43,6,45,16,1,39,23,18,17,41,34,9,3,24,10,32,13,42,35,28,5,49,40,46,48,20,21,30,37,44,38,29,8,19,27,7,33,11,2,15,26,4,
2193,107.40575313568115,70174.53825333335,58001.14300000001,0,25,14,31,22,12,47,36,43,6,45,16,1,39,23,18,17,41,34,9,3,24,10,32,13,42,35,28,5,49,40,46,48,20,21,30,37,44,38,29,8,19,27,7,33,11,2,15,26,4,
2194,107.4437530040741,71280.03541333335,58001.14300000001,0,25,14,31,22,12,47,36,43,6,45,16,1,39,23,18,17,41,34,9,3,24,10,32,13,42,35,28,5,49,40,46,48,20,21,30,37,44,38,29,8,19,27,7,33,11,2,15,26,4,
2195,107.47975277900696,70127.31901333333,58001.14300000001,0,25,14,31,22,12,47,36,43,6,45,16,1,39,23,18,17,41,34,9,3,24,10,32,13,42,35,28,5,49,40,46,48,20,21,30,37,44,38,29,8,19,27,7,33,11,2,15,26,4,
2196,107.51675224304199,70347.98081333334,58001.14300000001,0,25,14,31,22,12,47,36,43,6,45,16,1,39,23,18,17,41,34,9,3,24,10,32,13,42,35,28,5,49,40,46,48,20,21,30,37,44,38,29,8,19,27,7,33,11,2,15,26,4,
2197,107.55274987220764,70908.00004000001,58001.14300000001,0,25,14,31,22,12,47,36,43,6,45,16,1,39,23,18,17,41,34,9,3,24,10,32,13,42,35,28,5,49,40,46,48,20,21,30,37,44,38,29,8,19,27,7,33,11,2,15,26,4,
2198,107.5897924900055,70915.35037333336,58001.14300000001,0,25,14,31,22,12,47,36,43,6,45,16,1,39,23,18,17,41,34,9,3,24,10,32,13,42,35,28,5,49,40,46,48,20,21,30,37,44,38,29,8,19,27,7,33,11,2,15,26,4,
2199,109.60982298851013,70472.81694666669,58001.14300000001,0,25,14,31,22,12,47,36,43,6,45,16,1,39,23,18,17,41,34,9,3,24,10,32,13,42,35,28,5,49,40,46,48,20,21,30,37,44,38,29,8,19,27,7,33,11,2,15,26,4,
2200,109.6478624343872,70006.16188000003,58001.14300000001,0,25,14,31,22,12,47,36,43,6,45,16,1,39,23,18,17,41,34,9,3,24,10,32,13,42,35,28,5,49,40,46,48,20,21,30,37,44,38,29,8,19,27,7,33,11,2,15,26,4,
2201,109.68190455436707,70800.48364,58001.14300000001,0,25,14,31,22,12,47,36,43,6,45,16,1,39,23,18,17,41,34,9,3,24,10,32,13,42,35,28,5,49,40,46,48,20,21,30,37,44,38,29,8,19,27,7,33,11,2,15,26,4,
2202,109.70687127113342,58001.143000000004,58001.14300000001,0,25,14,31,22,12,47,36,43,6,45,16,1,39,23,18,17,41,34,9,3,24,10,32,13,42,35,28,5,49,40,46,48,20,21,30,37,44,38,29,8,19,27,7,33,11,2,15,26,4,
2203,109.73087096214294,58001.143000000004,58001.14300000001,0,25,14,31,22,12,47,36,43,6,45,16,1,39,23,18,17,41,34,9,3,24,10,32,13,42,35,28,5,49,40,46,48,20,21,30,37,44,38,29,8,19,27,7,33,11,2,15,26,4,
2204,109.75687074661255,58001.143000000004,58001.14300000001,0,25,14,31,22,12,47,36,43,6,45,16,1,39,23,18,17,41,34,9,3,24,10,32,13,42,35,28,5,49,40,46,48,20,21,30,37,44,38,29,8,19,27,7,33,11,2,15,26,4,
2205,109.7828311920166,58001.143000000004,58001.14300000001,0,25,14,31,22,12,47,36,43,6,45,16,1,39,23,18,17,41,34,9,3,24,10,32,13,42,35,28,5,49,40,46,48,20,21,30,37,44,38,29,8,19,27,7,33,11,2,15,26,4,
2206,109.80879092216492,58001.143000000004,58001.14300000001,0,25,14,31,22,12,47,36,43,6,45,16,1,39,23,18,17,41,34,9,3,24,10,32,13,42,35,28,5,49,40,46,48,20,21,30,37,44,38,29,8,19,27,7,33,11,2,15,26,4,
2207,109.8337893486023,58001.143000000004,58001.14300000001,0,25,14,31,22,12,47,36,43,6,45,16,1,39,23,18,17,41,34,9,3,24,10,32,13,42,35,28,5,49,40,46,48,20,21,30,37,44,38,29,8,19,27,7,33,11,2,15,26,4,
2208,109.85878920555115,58001.143000000004,58001.14300000001,0,25,14,31,22,12,47,36,43,6,45,16,1,39,23,18,17,41,34,9,3,24,10,32,13,42,35,28,5,49,40,46,48,20,21,30,37,44,38,29,8,19,27,7,33,11,2,15,26,4,
2209,109.88478899002075,58001.143000000004,58001.14300000001,0,25,14,31,22,12,47,36,43,6,45,16,1,39,23,18,17,41,34,9,3,24,10,32,13,42,35,28,5,49,40,46,48,20,21,30,37,44,38,29,8,19,27,7,33,11,2,15,26,4,
2210,109.90878963470459,58001.143000000004,58001.14300000001,0,25,14,31,22,12,47,36,43,6,45,16,1,39,23,18,17,41,34,9,3,24,10,32,13,42,35,28,5,49,40,46,48,20,21,30,37,44,38,29,8,19,27,7,33,11,2,15,26,4,
2211,109.93378925323486,58001.143000000004,58001.14300000001,0,25,14,31,22,12,47,36,43,6,45,16,1,39,23,18,17,41,34,9,3,24,10,32,13,42,35,28,5,49,40,46,48,20,21,30,37,44,38,29,8,19,27,7,33,11,2,15,26,4,
2212,109.95878529548645,58001.143000000004,58001.14300000001,0,25,14,31,22,12,47,36,43,6,45,16,1,39,23,18,17,41,34,9,3,24,10,32,13,42,35,28,5,49,40,46,48,20,21,30,37,44,38,29,8,19,27,7,33,11,2,15,26,4,
2213,109.98378467559814,58001.143000000004,58001.14300000001,0,25,14,31,22,12,47,36,43,6,45,16,1,39,23,18,17,41,34,9,3,24,10,32,13,42,35,28,5,49,40,46,48,20,21,30,37,44,38,29,8,19,27,7,33,11,2,15,26,4,
2214,110.00778651237488,58001.143000000004,58001.14300000001,0,25,14,31,22,12,47,36,43,6,45,16,1,39,23,18,17,41,34,9,3,24,10,32,13,42,35,28,5,49,40,46,48,20,21,30,37,44,38,29,8,19,27,7,33,11,2,15,26,4,
2215,110.03278422355652,58001.143000000004,58001.14300000001,0,25,14,31,22,12,47,36,43,6,45,16,1,39,23,18,17,41,34,9,3,24,10,32,13,42,35,28,5,49,40,46,48,20,21,30,37,44,38,29,8,19,27,7,33,11,2,15,26,4,
2216,110.05678462982178,58001.143000000004,58001.14300000001,0,25,14,31,22,12,47,36,43,6,45,16,1,39,23,18,17,41,34,9,3,24,10,32,13,42,35,28,5,49,40,46,48,20,21,30,37,44,38,29,8,19,27,7,33,11,2,15,26,4,
2217,110.08178639411926,58001.143000000004,58001.14300000001,0,25,14,31,22,12,47,36,43,6,45,16,1,39,23,18,17,41,34,9,3,24,10,32,13,42,35,28,5,49,40,46,48,20,21,30,37,44,38,29,8,19,27,7,33,11,2,15,26,4,
2218,110.1067864894867,58001.143000000004,58001.14300000001,0,25,14,31,22,12,47,36,43,6,45,16,1,39,23,18,17,41,34,9,3,24,10,32,13,42,35,28,5,49,40,46,48,20,21,30,37,44,38,29,8,19,27,7,33,11,2,15,26,4,
2219,110.13278698921204,58001.143000000004,58001.14300000001,0,25,14,31,22,12,47,36,43,6,45,16,1,39,23,18,17,41,34,9,3,24,10,32,13,42,35,28,5,49,40,46,48,20,21,30,37,44,38,29,8,19,27,7,33,11,2,15,26,4,
2220,110.15678524971008,58001.143000000004,58001.14300000001,0,25,14,31,22,12,47,36,43,6,45,16,1,39,23,18,17,41,34,9,3,24,10,32,13,42,35,28,5,49,40,46,48,20,21,30,37,44,38,29,8,19,27,7,33,11,2,15,26,4,
2221,110.18578505516052,58001.143000000004,58001.14300000001,0,25,14,31,22,12,47,36,43,6,45,16,1,39,23,18,17,41,34,9,3,24,10,32,13,42,35,28,5,49,40,46,48,20,21,30,37,44,38,29,8,19,27,7,33,11,2,15,26,4,
2222,110.21078562736511,58001.143000000004,58001.14300000001,0,25,14,31,22,12,47,36,43,6,45,16,1,39,23,18,17,41,34,9,3,24,10,32,13,42,35,28,5,49,40,46,48,20,21,30,37,44,38,29,8,19,27,7,33,11,2,15,26,4,
2223,110.23578572273254,58001.143000000004,58001.14300000001,0,25,14,31,22,12,47,36,43,6,45,16,1,39,23,18,17,41,34,9,3,24,10,32,13,42,35,28,5,49,40,46,48,20,21,30,37,44,38,29,8,19,27,7,33,11,2,15,26,4,
2224,110.26078605651855,58001.143000000004,58001.14300000001,0,25,14,31,22,12,47,36,43,6,45,16,1,39,23,18,17,41,34,9,3,24,10,32,13,42,35,28,5,49,40,46,48,20,21,30,37,44,38,29,8,19,27,7,33,11,2,15,26,4,
2225,110.28478574752808,58001.143000000004,58001.14300000001,0,25,14,31,22,12,47,36,43,6,45,16,1,39,23,18,17,41,34,9,3,24,10,32,13,42,35,28,5,49,40,46,48,20,21,30,37,44,38,29,8,19,27,7,33,11,2,15,26,4,
2226,110.30978322029114,58001.143000000004,58001.14300000001,0,25,14,31,22,12,47,36,43,6,45,16,1,39,23,18,17,41,34,9,3,24,10,32,13,42,35,28,5,49,40,46,48,20,21,30,37,44,38,29,8,19,27,7,33,11,2,15,26,4,
2227,110.33478140830994,58001.143000000004,58001.14300000001,0,25,14,31,22,12,47,36,43,6,45,16,1,39,23,18,17,41,34,9,3,24,10,32,13,42,35,28,5,49,40,46,48,20,21,30,37,44,38,29,8,19,27,7,33,11,2,15,26,4,
2228,110.36077880859375,58001.143000000004,58001.14300000001,0,25,14,31,22,12,47,36,43,6,45,16,1,39,23,18,17,41,34,9,3,24,10,32,13,42,35,28,5,49,40,46,48,20,21,30,37,44,38,29,8,19,27,7,33,11,2,15,26,4,
2229,110.38577842712402,58001.143000000004,58001.14300000001,0,25,14,31,22,12,47,36,43,6,45,16,1,39,23,18,17,41,34,9,3,24,10,32,13,42,35,28,5,49,40,46,48,20,21,30,37,44,38,29,8,19,27,7,33,11,2,15,26,4,
2230,110.41077733039856,58001.143000000004,58001.14300000001,0,25,14,31,22,12,47,36,43,6,45,16,1,39,23,18,17,41,34,9,3,24,10,32,13,42,35,28,5,49,40,46,48,20,21,30,37,44,38,29,8,19,27,7,33,11,2,15,26,4,
2231,110.43677401542664,58001.143000000004,58001.14300000001,0,25,14,31,22,12,47,36,43,6,45,16,1,39,23,18,17,41,34,9,3,24,10,32,13,42,35,28,5,49,40,46,48,20,21,30,37,44,38,29,8,19,27,7,33,11,2,15,26,4,
2232,110.46281719207764,58001.143000000004,58001.14300000001,0,25,14,31,22,12,47,36,43,6,45,16,1,39,23,18,17,41,34,9,3,24,10,32,13,42,35,28,5,49,40,46,48,20,21,30,37,44,38,29,8,19,27,7,33,11,2,15,26,4,
2233,110.48777341842651,58001.143000000004,58001.14300000001,0,25,14,31,22,12,47,36,43,6,45,16,1,39,23,18,17,41,34,9,3,24,10,32,13,42,35,28,5,49,40,46,48,20,21,30,37,44,38,29,8,19,27,7,33,11,2,15,26,4,
2234,110.51277112960815,58001.143000000004,58001.14300000001,0,25,14,31,22,12,47,36,43,6,45,16,1,39,23,18,17,41,34,9,3,24,10,32,13,42,35,28,5,49,40,46,48,20,21,30,37,44,38,29,8,19,27,7,33,11,2,15,26,4,
2235,110.53780889511108,58001.143000000004,58001.14300000001,0,25,14,31,22,12,47,36,43,6,45,16,1,39,23,18,17,41,34,9,3,24,10,32,13,42,35,28,5,49,40,46,48,20,21,30,37,44,38,29,8,19,27,7,33,11,2,15,26,4,
2236,110.56276869773865,58001.143000000004,58001.14300000001,0,25,14,31,22,12,47,36,43,6,45,16,1,39,23,18,17,41,34,9,3,24,10,32,13,42,35,28,5,49,40,46,48,20,21,30,37,44,38,29,8,19,27,7,33,11,2,15,26,4,
2237,110.58880758285522,58001.143000000004,58001.14300000001,0,25,14,31,22,12,47,36,43,6,45,16,1,39,23,18,17,41,34,9,3,24,10,32,13,42,35,28,5,49,40,46,48,20,21,30,37,44,38,29,8,19,27,7,33,11,2,15,26,4,
2238,110.61386919021606,58001.143000000004,58001.14300000001,0,25,14,31,22,12,47,36,43,6,45,16,1,39,23,18,17,41,34,9,3,24,10,32,13,42,35,28,5,49,40,46,48,20,21,30,37,44,38,29,8,19,27,7,33,11,2,15,26,4,
2239,110.63890790939331,58001.143000000004,58001.14300000001,0,25,14,31,22,12,47,36,43,6,45,16,1,39,23,18,17,41,34,9,3,24,10,32,13,42,35,28,5,49,40,46,48,20,21,30,37,44,38,29,8,19,27,7,33,11,2,15,26,4,
2240,110.66487240791321,58001.143000000004,58001.14300000001,0,25,14,31,22,12,47,36,43,6,45,16,1,39,23,18,17,41,34,9,3,24,10,32,13,42,35,28,5,49,40,46,48,20,21,30,37,44,38,29,8,19,27,7,33,11,2,15,26,4,
2241,110.68988227844238,58001.143000000004,58001.14300000001,0,25,14,31,22,12,47,36,43,6,45,16,1,39,23,18,17,41,34,9,3,24,10,32,13,42,35,28,5,49,40,46,48,20,21,30,37,44,38,29,8,19,27,7,33,11,2,15,26,4,
2242,110.71393132209778,58001.143000000004,58001.14300000001,0,25,14,31,22,12,47,36,43,6,45,16,1,39,23,18,17,41,34,9,3,24,10,32,13,42,35,28,5,49,40,46,48,20,21,30,37,44,38,29,8,19,27,7,33,11,2,15,26,4,
2243,110.73797178268433,58001.143000000004,58001.14300000001,0,25,14,31,22,12,47,36,43,6,45,16,1,39,23,18,17,41,34,9,3,24,10,32,13,42,35,28,5,49,40,46,48,20,21,30,37,44,38,29,8,19,27,7,33,11,2,15,26,4,
2244,110.76393485069275,58001.143000000004,58001.14300000001,0,25,14,31,22,12,47,36,43,6,45,16,1,39,23,18,17,41,34,9,3,24,10,32,13,42,35,28,5,49,40,46,48,20,21,30,37,44,38,29,8,19,27,7,33,11,2,15,26,4,
2245,110.78889679908752,58001.143000000004,58001.14300000001,0,25,14,31,22,12,47,36,43,6,45,16,1,39,23,18,17,41,34,9,3,24,10,32,13,42,35,28,5,49,40,46,48,20,21,30,37,44,38,29,8,19,27,7,33,11,2,15,26,4,
2246,110.81293416023254,58001.143000000004,58001.14300000001,0,25,14,31,22,12,47,36,43,6,45,16,1,39,23,18,17,41,34,9,3,24,10,32,13,42,35,28,5,49,40,46,48,20,21,30,37,44,38,29,8,19,27,7,33,11,2,15,26,4,
2247,110.83789467811584,58001.143000000004,58001.14300000001,0,25,14,31,22,12,47,36,43,6,45,16,1,39,23,18,17,41,34,9,3,24,10,32,13,42,35,28,5,49,40,46,48,20,21,30,37,44,38,29,8,19,27,7,33,11,2,15,26,4,
2248,110.86293148994446,58001.143000000004,58001.14300000001,0,25,14,31,22,12,47,36,43,6,45,16,1,39,23,18,17,41,34,9,3,24,10,32,13,42,35,28,5,49,40,46,48,20,21,30,37,44,38,29,8,19,27,7,33,11,2,15,26,4,
2249,110.887930393219,58001.143000000004,58001.14300000001,0,25,14,31,22,12,47,36,43,6,45,16,1,39,23,18,17,41,34,9,3,24,10,32,13,42,35,28,5,49,40,46,48,20,21,30,37,44,38,29,8,19,27,7,33,11,2,15,26,4,
2250,110.9129273891449,58001.143000000004,58001.14300000001,0,25,14,31,22,12,47,36,43,6,45,16,1,39,23,18,17,41,34,9,3,24,10,32,13,42,35,28,5,49,40,46,48,20,21,30,37,44,38,29,8,19,27,7,33,11,2,15,26,4,
2251,110.93889141082764,58001.143000000004,58001.14300000001,0,25,14,31,22,12,47,36,43,6,45,16,1,39,23,18,17,41,34,9,3,24,10,32,13,42,35,28,5,49,40,46,48,20,21,30,37,44,38,29,8,19,27,7,33,11,2,15,26,4,
2252,110.96385669708252,58001.143000000004,58001.14300000001,0,25,14,31,22,12,47,36,43,6,45,16,1,39,23,18,17,41,34,9,3,24,10,32,13,42,35,28,5,49,40,46,48,20,21,30,37,44,38,29,8,19,27,7,33,11,2,15,26,4,
2253,110.98885822296143,58001.143000000004,58001.14300000001,0,25,14,31,22,12,47,36,43,6,45,16,1,39,23,18,17,41,34,9,3,24,10,32,13,42,35,28,5,49,40,46,48,20,21,30,37,44,38,29,8,19,27,7,33,11,2,15,26,4,
2254,111.01489663124084,58001.143000000004,58001.14300000001,0,25,14,31,22,12,47,36,43,6,45,16,1,39,23,18,17,41,34,9,3,24,10,32,13,42,35,28,5,49,40,46,48,20,21,30,37,44,38,29,8,19,27,7,33,11,2,15,26,4,
2255,111.03989601135254,58001.143000000004,58001.14300000001,0,25,14,31,22,12,47,36,43,6,45,16,1,39,23,18,17,41,34,9,3,24,10,32,13,42,35,28,5,49,40,46,48,20,21,30,37,44,38,29,8,19,27,7,33,11,2,15,26,4,
2256,111.06390857696533,58001.143000000004,58001.14300000001,0,25,14,31,22,12,47,36,43,6,45,16,1,39,23,18,17,41,34,9,3,24,10,32,13,42,35,28,5,49,40,46,48,20,21,30,37,44,38,29,8,19,27,7,33,11,2,15,26,4,
2257,111.08886575698853,58001.143000000004,58001.14300000001,0,25,14,31,22,12,47,36,43,6,45,16,1,39,23,18,17,41,34,9,3,24,10,32,13,42,35,28,5,49,40,46,48,20,21,30,37,44,38,29,8,19,27,7,33,11,2,15,26,4,
2258,111.11390280723572,58001.143000000004,58001.14300000001,0,25,14,31,22,12,47,36,43,6,45,16,1,39,23,18,17,41,34,9,3,24,10,32,13,42,35,28,5,49,40,46,48,20,21,30,37,44,38,29,8,19,27,7,33,11,2,15,26,4,
2259,111.14186334609985,58001.143000000004,58001.14300000001,0,25,14,31,22,12,47,36,43,6,45,16,1,39,23,18,17,41,34,9,3,24,10,32,13,42,35,28,5,49,40,46,48,20,21,30,37,44,38,29,8,19,27,7,33,11,2,15,26,4,
2260,111.16686582565308,58001.143000000004,58001.14300000001,0,25,14,31,22,12,47,36,43,6,45,16,1,39,23,18,17,41,34,9,3,24,10,32,13,42,35,28,5,49,40,46,48,20,21,30,37,44,38,29,8,19,27,7,33,11,2,15,26,4,
2261,111.19083523750305,58001.143000000004,58001.14300000001,0,25,14,31,22,12,47,36,43,6,45,16,1,39,23,18,17,41,34,9,3,24,10,32,13,42,35,28,5,49,40,46,48,20,21,30,37,44,38,29,8,19,27,7,33,11,2,15,26,4,
2262,111.2158362865448,58001.143000000004,58001.14300000001,0,25,14,31,22,12,47,36,43,6,45,16,1,39,23,18,17,41,34,9,3,24,10,32,13,42,35,28,5,49,40,46,48,20,21,30,37,44,38,29,8,19,27,7,33,11,2,15,26,4,
2263,111.24083733558655,58001.143000000004,58001.14300000001,0,25,14,31,22,12,47,36,43,6,45,16,1,39,23,18,17,41,34,9,3,24,10,32,13,42,35,28,5,49,40,46,48,20,21,30,37,44,38,29,8,19,27,7,33,11,2,15,26,4,
2264,111.2678005695343,58001.143000000004,58001.14300000001,0,25,14,31,22,12,47,36,43,6,45,16,1,39,23,18,17,41,34,9,3,24,10,32,13,42,35,28,5,49,40,46,48,20,21,30,37,44,38,29,8,19,27,7,33,11,2,15,26,4,
2265,111.29284882545471,58001.143000000004,58001.14300000001,0,25,14,31,22,12,47,36,43,6,45,16,1,39,23,18,17,41,34,9,3,24,10,32,13,42,35,28,5,49,40,46,48,20,21,30,37,44,38,29,8,19,27,7,33,11,2,15,26,4,
2266,111.31785035133362,58001.143000000004,58001.14300000001,0,25,14,31,22,12,47,36,43,6,45,16,1,39,23,18,17,41,34,9,3,24,10,32,13,42,35,28,5,49,40,46,48,20,21,30,37,44,38,29,8,19,27,7,33,11,2,15,26,4,
2267,111.34388566017151,58001.143000000004,58001.14300000001,0,25,14,31,22,12,47,36,43,6,45,16,1,39,23,18,17,41,34,9,3,24,10,32,13,42,35,28,5,49,40,46,48,20,21,30,37,44,38,29,8,19,27,7,33,11,2,15,26,4,
2268,111.36884808540344,58001.143000000004,58001.14300000001,0,25,14,31,22,12,47,36,43,6,45,16,1,39,23,18,17,41,34,9,3,24,10,32,13,42,35,28,5,49,40,46,48,20,21,30,37,44,38,29,8,19,27,7,33,11,2,15,26,4,
2269,111.39481163024902,58001.143000000004,58001.14300000001,0,25,14,31,22,12,47,36,43,6,45,16,1,39,23,18,17,41,34,9,3,24,10,32,13,42,35,28,5,49,40,46,48,20,21,30,37,44,38,29,8,19,27,7,33,11,2,15,26,4,
2270,111.41986179351807,58001.143000000004,58001.14300000001,0,25,14,31,22,12,47,36,43,6,45,16,1,39,23,18,17,41,34,9,3,24,10,32,13,42,35,28,5,49,40,46,48,20,21,30,37,44,38,29,8,19,27,7,33,11,2,15,26,4,
2271,111.44481897354126,58001.143000000004,58001.14300000001,0,25,14,31,22,12,47,36,43,6,45,16,1,39,23,18,17,41,34,9,3,24,10,32,13,42,35,28,5,49,40,46,48,20,21,30,37,44,38,29,8,19,27,7,33,11,2,15,26,4,
2272,111.46981930732727,58001.143000000004,58001.14300000001,0,25,14,31,22,12,47,36,43,6,45,16,1,39,23,18,17,41,34,9,3,24,10,32,13,42,35,28,5,49,40,46,48,20,21,30,37,44,38,29,8,19,27,7,33,11,2,15,26,4,
2273,111.49581956863403,58001.143000000004,58001.14300000001,0,25,14,31,22,12,47,36,43,6,45,16,1,39,23,18,17,41,34,9,3,24,10,32,13,42,35,28,5,49,40,46,48,20,21,30,37,44,38,29,8,19,27,7,33,11,2,15,26,4,
2274,111.51981949806213,58001.143000000004,58001.14300000001,0,25,14,31,22,12,47,36,43,6,45,16,1,39,23,18,17,41,34,9,3,24,10,32,13,42,35,28,5,49,40,46,48,20,21,30,37,44,38,29,8,19,27,7,33,11,2,15,26,4,
2275,111.54481935501099,58001.143000000004,58001.14300000001,0,25,14,31,22,12,47,36,43,6,45,16,1,39,23,18,17,41,34,9,3,24,10,32,13,42,35,28,5,49,40,46,48,20,21,30,37,44,38,29,8,19,27,7,33,11,2,15,26,4,
2276,111.56981825828552,58001.143000000004,58001.14300000001,0,25,14,31,22,12,47,36,43,6,45,16,1,39,23,18,17,41,34,9,3,24,10,32,13,42,35,28,5,49,40,46,48,20,21,30,37,44,38,29,8,19,27,7,33,11,2,15,26,4,
2277,111.59581470489502,58001.143000000004,58001.14300000001,0,25,14,31,22,12,47,36,43,6,45,16,1,39,23,18,17,41,34,9,3,24,10,32,13,42,35,28,5,49,40,46,48,20,21,30,37,44,38,29,8,19,27,7,33,11,2,15,26,4,
2278,111.62181210517883,58001.143000000004,58001.14300000001,0,25,14,31,22,12,47,36,43,6,45,16,1,39,23,18,17,41,34,9,3,24,10,32,13,42,35,28,5,49,40,46,48,20,21,30,37,44,38,29,8,19,27,7,33,11,2,15,26,4,
2279,111.64681339263916,58001.143000000004,58001.14300000001,0,25,14,31,22,12,47,36,43,6,45,16,1,39,23,18,17,41,34,9,3,24,10,32,13,42,35,28,5,49,40,46,48,20,21,30,37,44,38,29,8,19,27,7,33,11,2,15,26,4,
2280,111.67176914215088,58001.143000000004,58001.14300000001,0,25,14,31,22,12,47,36,43,6,45,16,1,39,23,18,17,41,34,9,3,24,10,32,13,42,35,28,5,49,40,46,48,20,21,30,37,44,38,29,8,19,27,7,33,11,2,15,26,4,
2281,111.69577193260193,58001.143000000004,58001.14300000001,0,25,14,31,22,12,47,36,43,6,45,16,1,39,23,18,17,41,34,9,3,24,10,32,13,42,35,28,5,49,40,46,48,20,21,30,37,44,38,29,8,19,27,7,33,11,2,15,26,4,
2282,111.71981239318848,58001.143000000004,58001.14300000001,0,25,14,31,22,12,47,36,43,6,45,16,1,39,23,18,17,41,34,9,3,24,10,32,13,42,35,28,5,49,40,46,48,20,21,30,37,44,38,29,8,19,27,7,33,11,2,15,26,4,
2283,111.74481153488159,58001.143000000004,58001.14300000001,0,25,14,31,22,12,47,36,43,6,45,16,1,39,23,18,17,41,34,9,3,24,10,32,13,42,35,28,5,49,40,46,48,20,21,30,37,44,38,29,8,19,27,7,33,11,2,15,26,4,
2284,111.77077054977417,58001.143000000004,58001.14300000001,0,25,14,31,22,12,47,36,43,6,45,16,1,39,23,18,17,41,34,9,3,24,10,32,13,42,35,28,5,49,40,46,48,20,21,30,37,44,38,29,8,19,27,7,33,11,2,15,26,4,
2285,111.79776787757874,58001.143000000004,58001.14300000001,0,25,14,31,22,12,47,36,43,6,45,16,1,39,23,18,17,41,34,9,3,24,10,32,13,42,35,28,5,49,40,46,48,20,21,30,37,44,38,29,8,19,27,7,33,11,2,15,26,4,
2286,111.84176421165466,58001.143000000004,58001.14300000001,0,25,14,31,22,12,47,36,43,6,45,16,1,39,23,18,17,41,34,9,3,24,10,32,13,42,35,28,5,49,40,46,48,20,21,30,37,44,38,29,8,19,27,7,33,11,2,15,26,4,
2287,111.86676406860352,58001.143000000004,58001.14300000001,0,25,14,31,22,12,47,36,43,6,45,16,1,39,23,18,17,41,34,9,3,24,10,32,13,42,35,28,5,49,40,46,48,20,21,30,37,44,38,29,8,19,27,7,33,11,2,15,26,4,
2288,111.89176273345947,58001.143000000004,58001.14300000001,0,25,14,31,22,12,47,36,43,6,45,16,1,39,23,18,17,41,34,9,3,24,10,32,13,42,35,28,5,49,40,46,48,20,21,30,37,44,38,29,8,19,27,7,33,11,2,15,26,4,
2289,111.91576194763184,58001.143000000004,58001.14300000001,0,25,14,31,22,12,47,36,43,6,45,16,1,39,23,18,17,41,34,9,3,24,10,32,13,42,35,28,5,49,40,46,48,20,21,30,37,44,38,29,8,19,27,7,33,11,2,15,26,4,
2290,111.940762758255,58001.143000000004,58001.14300000001,0,25,14,31,22,12,47,36,43,6,45,16,1,39,23,18,17,41,34,9,3,24,10,32,13,42,35,28,5,49,40,46,48,20,21,30,37,44,38,29,8,19,27,7,33,11,2,15,26,4,
2291,111.96576166152954,58001.143000000004,58001.14300000001,0,25,14,31,22,12,47,36,43,6,45,16,1,39,23,18,17,41,34,9,3,24,10,32,13,42,35,28,5,49,40,46,48,20,21,30,37,44,38,29,8,19,27,7,33,11,2,15,26,4,
2292,111.99076199531555,58001.143000000004,58001.14300000001,0,25,14,31,22,12,47,36,43,6,45,16,1,39,23,18,17,41,34,9,3,24,10,32,13,42,35,28,5,49,40,46,48,20,21,30,37,44,38,29,8,19,27,7,33,11,2,15,26,4,
2293,112.01576209068298,58001.143000000004,58001.14300000001,0,25,14,31,22,12,47,36,43,6,45,16,1,39,23,18,17,41,34,9,3,24,10,32,13,42,35,28,5,49,40,46,48,20,21,30,37,44,38,29,8,19,27,7,33,11,2,15,26,4,
2294,112.040762424469,58001.143000000004,58001.14300000001,0,25,14,31,22,12,47,36,43,6,45,16,1,39,23,18,17,41,34,9,3,24,10,32,13,42,35,28,5,49,40,46,48,20,21,30,37,44,38,29,8,19,27,7,33,11,2,15,26,4,
2295,112.06981039047241,58001.143000000004,58001.14300000001,0,25,14,31,22,12,47,36,43,6,45,16,1,39,23,18,17,41,34,9,3,24,10,32,13,42,35,28,5,49,40,46,48,20,21,30,37,44,38,29,8,19,27,7,33,11,2,15,26,4,
2296,112.09480476379395,58001.143000000004,58001.14300000001,0,25,14,31,22,12,47,36,43,6,45,16,1,39,23,18,17,41,34,9,3,24,10,32,13,42,35,28,5,49,40,46,48,20,21,30,37,44,38,29,8,19,27,7,33,11,2,15,26,4,
2297,112.11980438232422,58001.143000000004,58001.14300000001,0,25,14,31,22,12,47,36,43,6,45,16,1,39,23,18,17,41,34,9,3,24,10,32,13,42,35,28,5,49,40,46,48,20,21,30,37,44,38,29,8,19,27,7,33,11,2,15,26,4,
2298,112.14480423927307,58001.143000000004,58001.14300000001,0,25,14,31,22,12,47,36,43,6,45,16,1,39,23,18,17,41,34,9,3,24,10,32,13,42,35,28,5,49,40,46,48,20,21,30,37,44,38,29,8,19,27,7,33,11,2,15,26,4,
2299,112.16979718208313,58001.143000000004,58001.14300000001,0,25,14,31,22,12,47,36,43,6,45,16,1,39,23,18,17,41,34,9,3,24,10,32,13,42,35,28,5,49,40,46,48,20,21,30,37,44,38,29,8,19,27,7,33,11,2,15,26,4,
2300,112.19479632377625,58001.143000000004,58001.14300000001,0,25,14,31,22,12,47,36,43,6,45,16,1,39,23,18,17,41,34,9,3,24,10,32,13,42,35,28,5,49,40,46,48,20,21,30,37,44,38,29,8,19,27,7,33,11,2,15,26,4,
2301,112.2197961807251,58001.143000000004,58001.14300000001,0,25,14,31,22,12,47,36,43,6,45,16,1,39,23,18,17,41,34,9,3,24,10,32,13,42,35,28,5,49,40,46,48,20,21,30,37,44,38,29,8,19,27,7,33,11,2,15,26,4,
2302,112.24379634857178,58001.143000000004,58001.14300000001,0,25,14,31,22,12,47,36,43,6,45,16,1,39,23,18,17,41,34,9,3,24,10,32,13,42,35,28,5,49,40,46,48,20,21,30,37,44,38,29,8,19,27,7,33,11,2,15,26,4,
2303,112.26878952980042,58001.143000000004,58001.14300000001,0,25,14,31,22,12,47,36,43,6,45,16,1,39,23,18,17,41,34,9,3,24,10,32,13,42,35,28,5,49,40,46,48,20,21,30,37,44,38,29,8,19,27,7,33,11,2,15,26,4,
2304,112.29378533363342,58001.143000000004,58001.14300000001,0,25,14,31,22,12,47,36,43,6,45,16,1,39,23,18,17,41,34,9,3,24,10,32,13,42,35,28,5,49,40,46,48,20,21,30,37,44,38,29,8,19,27,7,33,11,2,15,26,4,
2305,112.32278299331665,58001.143000000004,58001.14300000001,0,25,14,31,22,12,47,36,43,6,45,16,1,39,23,18,17,41,34,9,3,24,10,32,13,42,35,28,5,49,40,46,48,20,21,30,37,44,38,29,8,19,27,7,33,11,2,15,26,4,
2306,112.34778094291687,58001.143000000004,58001.14300000001,0,25,14,31,22,12,47,36,43,6,45,16,1,39,23,18,17,41,34,9,3,24,10,32,13,42,35,28,5,49,40,46,48,20,21,30,37,44,38,29,8,19,27,7,33,11,2,15,26,4,
2307,112.37178444862366,58001.143000000004,58001.14300000001,0,25,14,31,22,12,47,36,43,6,45,16,1,39,23,18,17,41,34,9,3,24,10,32,13,42,35,28,5,49,40,46,48,20,21,30,37,44,38,29,8,19,27,7,33,11,2,15,26,4,
2308,112.39680314064026,58001.143000000004,58001.14300000001,0,25,14,31,22,12,47,36,43,6,45,16,1,39,23,18,17,41,34,9,3,24,10,32,13,42,35,28,5,49,40,46,48,20,21,30,37,44,38,29,8,19,27,7,33,11,2,15,26,4,
2309,112.42081356048584,58001.143000000004,58001.14300000001,0,25,14,31,22,12,47,36,43,6,45,16,1,39,23,18,17,41,34,9,3,24,10,32,13,42,35,28,5,49,40,46,48,20,21,30,37,44,38,29,8,19,27,7,33,11,2,15,26,4,
2310,112.44576168060303,58001.143000000004,58001.14300000001,0,25,14,31,22,12,47,36,43,6,45,16,1,39,23,18,17,41,34,9,3,24,10,32,13,42,35,28,5,49,40,46,48,20,21,30,37,44,38,29,8,19,27,7,33,11,2,15,26,4,
2311,112.471764087677,58001.143000000004,58001.14300000001,0,25,14,31,22,12,47,36,43,6,45,16,1,39,23,18,17,41,34,9,3,24,10,32,13,42,35,28,5,49,40,46,48,20,21,30,37,44,38,29,8,19,27,7,33,11,2,15,26,4,
2312,112.49672651290894,58001.143000000004,58001.14300000001,0,25,14,31,22,12,47,36,43,6,45,16,1,39,23,18,17,41,34,9,3,24,10,32,13,42,35,28,5,49,40,46,48,20,21,30,37,44,38,29,8,19,27,7,33,11,2,15,26,4,
2313,112.5206868648529,58001.143000000004,58001.14300000001,0,25,14,31,22,12,47,36,43,6,45,16,1,39,23,18,17,41,34,9,3,24,10,32,13,42,35,28,5,49,40,46,48,20,21,30,37,44,38,29,8,19,27,7,33,11,2,15,26,4,
2314,112.5457181930542,58001.143000000004,58001.14300000001,0,25,14,31,22,12,47,36,43,6,45,16,1,39,23,18,17,41,34,9,3,24,10,32,13,42,35,28,5,49,40,46,48,20,21,30,37,44,38,29,8,19,27,7,33,11,2,15,26,4,
2315,112.57167911529541,58001.143000000004,58001.14300000001,0,25,14,31,22,12,47,36,43,6,45,16,1,39,23,18,17,41,34,9,3,24,10,32,13,42,35,28,5,49,40,46,48,20,21,30,37,44,38,29,8,19,27,7,33,11,2,15,26,4,
2316,112.59667921066284,58001.143000000004,58001.14300000001,0,25,14,31,22,12,47,36,43,6,45,16,1,39,23,18,17,41,34,9,3,24,10,32,13,42,35,28,5,49,40,46,48,20,21,30,37,44,38,29,8,19,27,7,33,11,2,15,26,4,
2317,112.62167978286743,58001.143000000004,58001.14300000001,0,25,14,31,22,12,47,36,43,6,45,16,1,39,23,18,17,41,34,9,3,24,10,32,13,42,35,28,5,49,40,46,48,20,21,30,37,44,38,29,8,19,27,7,33,11,2,15,26,4,
2318,112.64667677879333,58001.143000000004,58001.14300000001,0,25,14,31,22,12,47,36,43,6,45,16,1,39,23,18,17,41,34,9,3,24,10,32,13,42,35,28,5,49,40,46,48,20,21,30,37,44,38,29,8,19,27,7,33,11,2,15,26,4,
2319,112.67471122741699,58001.143000000004,58001.14300000001,0,25,14,31,22,12,47,36,43,6,45,16,1,39,23,18,17,41,34,9,3,24,10,32,13,42,35,28,5,49,40,46,48,20,21,30,37,44,38,29,8,19,27,7,33,11,2,15,26,4,
2320,112.699711561203,58001.143000000004,58001.14300000001,0,25,14,31,22,12,47,36,43,6,45,16,1,39,23,18,17,41,34,9,3,24,10,32,13,42,35,28,5,49,40,46,48,20,21,30,37,44,38,29,8,19,27,7,33,11,2,15,26,4,
2321,112.72466015815735,58001.143000000004,58001.14300000001,0,25,14,31,22,12,47,36,43,6,45,16,1,39,23,18,17,41,34,9,3,24,10,32,13,42,35,28,5,49,40,46,48,20,21,30,37,44,38,29,8,19,27,7,33,11,2,15,26,4,
2322,112.74966096878052,58001.143000000004,58001.14300000001,0,25,14,31,22,12,47,36,43,6,45,16,1,39,23,18,17,41,34,9,3,24,10,32,13,42,35,28,5,49,40,46,48,20,21,30,37,44,38,29,8,19,27,7,33,11,2,15,26,4,
2323,112.77466034889221,58001.143000000004,58001.14300000001,0,25,14,31,22,12,47,36,43,6,45,16,1,39,23,18,17,41,34,9,3,24,10,32,13,42,35,28,5,49,40,46,48,20,21,30,37,44,38,29,8,19,27,7,33,11,2,15,26,4,
2324,112.80065846443176,58001.143000000004,58001.14300000001,0,25,14,31,22,12,47,36,43,6,45,16,1,39,23,18,17,41,34,9,3,24,10,32,13,42,35,28,5,49,40,46,48,20,21,30,37,44,38,29,8,19,27,7,33,11,2,15,26,4,
2325,112.82865691184998,58001.143000000004,58001.14300000001,0,25,14,31,22,12,47,36,43,6,45,16,1,39,23,18,17,41,34,9,3,24,10,32,13,42,35,28,5,49,40,46,48,20,21,30,37,44,38,29,8,19,27,7,33,11,2,15,26,4,
2326,112.87569308280945,58001.143000000004,58001.14300000001,0,25,14,31,22,12,47,36,43,6,45,16,1,39,23,18,17,41,34,9,3,24,10,32,13,42,35,28,5,49,40,46,48,20,21,30,37,44,38,29,8,19,27,7,33,11,2,15,26,4,
2327,112.90065336227417,58001.143000000004,58001.14300000001,0,25,14,31,22,12,47,36,43,6,45,16,1,39,23,18,17,41,34,9,3,24,10,32,13,42,35,28,5,49,40,46,48,20,21,30,37,44,38,29,8,19,27,7,33,11,2,15,26,4,
2328,112.92665243148804,58001.143000000004,58001.14300000001,0,25,14,31,22,12,47,36,43,6,45,16,1,39,23,18,17,41,34,9,3,24,10,32,13,42,35,28,5,49,40,46,48,20,21,30,37,44,38,29,8,19,27,7,33,11,2,15,26,4,
2329,112.9526481628418,58001.143000000004,58001.14300000001,0,25,14,31,22,12,47,36,43,6,45,16,1,39,23,18,17,41,34,9,3,24,10,32,13,42,35,28,5,49,40,46,48,20,21,30,37,44,38,29,8,19,27,7,33,11,2,15,26,4,
2330,112.97761154174805,58001.143000000004,58001.14300000001,0,25,14,31,22,12,47,36,43,6,45,16,1,39,23,18,17,41,34,9,3,24,10,32,13,42,35,28,5,49,40,46,48,20,21,30,37,44,38,29,8,19,27,7,33,11,2,15,26,4,
2331,113.00162148475647,58001.143000000004,58001.14300000001,0,25,14,31,22,12,47,36,43,6,45,16,1,39,23,18,17,41,34,9,3,24,10,32,13,42,35,28,5,49,40,46,48,20,21,30,37,44,38,29,8,19,27,7,33,11,2,15,26,4,
2332,113.02562117576599,58001.143000000004,58001.14300000001,0,25,14,31,22,12,47,36,43,6,45,16,1,39,23,18,17,41,34,9,3,24,10,32,13,42,35,28,5,49,40,46,48,20,21,30,37,44,38,29,8,19,27,7,33,11,2,15,26,4,
2333,113.05165886878967,58001.143000000004,58001.14300000001,0,25,14,31,22,12,47,36,43,6,45,16,1,39,23,18,17,41,34,9,3,24,10,32,13,42,35,28,5,49,40,46,48,20,21,30,37,44,38,29,8,19,27,7,33,11,2,15,26,4,
2334,113.07765769958496,58001.143000000004,58001.14300000001,0,25,14,31,22,12,47,36,43,6,45,16,1,39,23,18,17,41,34,9,3,24,10,32,13,42,35,28,5,49,40,46,48,20,21,30,37,44,38,29,8,19,27,7,33,11,2,15,26,4,
2335,113.10265827178955,58001.143000000004,58001.14300000001,0,25,14,31,22,12,47,36,43,6,45,16,1,39,23,18,17,41,34,9,3,24,10,32,13,42,35,28,5,49,40,46,48,20,21,30,37,44,38,29,8,19,27,7,33,11,2,15,26,4,
2336,113.12765741348267,58001.143000000004,58001.14300000001,0,25,14,31,22,12,47,36,43,6,45,16,1,39,23,18,17,41,34,9,3,24,10,32,13,42,35,28,5,49,40,46,48,20,21,30,37,44,38,29,8,19,27,7,33,11,2,15,26,4,
2337,113.15270566940308,58001.143000000004,58001.14300000001,0,25,14,31,22,12,47,36,43,6,45,16,1,39,23,18,17,41,34,9,3,24,10,32,13,42,35,28,5,49,40,46,48,20,21,30,37,44,38,29,8,19,27,7,33,11,2,15,26,4,
2338,113.17774391174316,58001.143000000004,58001.14300000001,0,25,14,31,22,12,47,36,43,6,45,16,1,39,23,18,17,41,34,9,3,24,10,32,13,42,35,28,5,49,40,46,48,20,21,30,37,44,38,29,8,19,27,7,33,11,2,15,26,4,
2339,113.2027497291565,58001.143000000004,58001.14300000001,0,25,14,31,22,12,47,36,43,6,45,16,1,39,23,18,17,41,34,9,3,24,10,32,13,42,35,28,5,49,40,46,48,20,21,30,37,44,38,29,8,19,27,7,33,11,2,15,26,4,
2340,113.22774934768677,58001.143000000004,58001.14300000001,0,25,14,31,22,12,47,36,43,6,45,16,1,39,23,18,17,41,34,9,3,24,10,32,13,42,35,28,5,49,40,46,48,20,21,30,37,44,38,29,8,19,27,7,33,11,2,15,26,4,
2341,113.2517499923706,58001.143000000004,58001.14300000001,0,25,14,31,22,12,47,36,43,6,45,16,1,39,23,18,17,41,34,9,3,24,10,32,13,42,35,28,5,49,40,46,48,20,21,30,37,44,38,29,8,19,27,7,33,11,2,15,26,4,
2342,113.27679324150085,58001.143000000004,58001.14300000001,0,25,14,31,22,12,47,36,43,6,45,16,1,39,23,18,17,41,34,9,3,24,10,32,13,42,35,28,5,49,40,46,48,20,21,30,37,44,38,29,8,19,27,7,33,11,2,15,26,4,
2343,113.30083346366882,58001.143000000004,58001.14300000001,0,25,14,31,22,12,47,36,43,6,45,16,1,39,23,18,17,41,34,9,3,24,10,32,13,42,35,28,5,49,40,46,48,20,21,30,37,44,38,29,8,19,27,7,33,11,2,15,26,4,
2344,113.324875831604,58001.143000000004,58001.14300000001,0,25,14,31,22,12,47,36,43,6,45,16,1,39,23,18,17,41,34,9,3,24,10,32,13,42,35,28,5,49,40,46,48,20,21,30,37,44,38,29,8,19,27,7,33,11,2,15,26,4,
2345,113.34942078590393,58001.143000000004,58001.14300000001,0,25,14,31,22,12,47,36,43,6,45,16,1,39,23,18,17,41,34,9,3,24,10,32,13,42,35,28,5,49,40,46,48,20,21,30,37,44,38,29,8,19,27,7,33,11,2,15,26,4,
2346,113.37445545196533,58001.143000000004,58001.14300000001,0,25,14,31,22,12,47,36,43,6,45,16,1,39,23,18,17,41,34,9,3,24,10,32,13,42,35,28,5,49,40,46,48,20,21,30,37,44,38,29,8,19,27,7,33,11,2,15,26,4,
2347,113.39945983886719,58001.143000000004,58001.14300000001,0,25,14,31,22,12,47,36,43,6,45,16,1,39,23,18,17,41,34,9,3,24,10,32,13,42,35,28,5,49,40,46,48,20,21,30,37,44,38,29,8,19,27,7,33,11,2,15,26,4,
2348,113.42342352867126,58001.143000000004,58001.14300000001,0,25,14,31,22,12,47,36,43,6,45,16,1,39,23,18,17,41,34,9,3,24,10,32,13,42,35,28,5,49,40,46,48,20,21,30,37,44,38,29,8,19,27,7,33,11,2,15,26,4,
2349,113.44738721847534,58001.143000000004,58001.14300000001,0,25,14,31,22,12,47,36,43,6,45,16,1,39,23,18,17,41,34,9,3,24,10,32,13,42,35,28,5,49,40,46,48,20,21,30,37,44,38,29,8,19,27,7,33,11,2,15,26,4,
2350,113.4734251499176,58001.143000000004,58001.14300000001,0,25,14,31,22,12,47,36,43,6,45,16,1,39,23,18,17,41,34,9,3,24,10,32,13,42,35,28,5,49,40,46,48,20,21,30,37,44,38,29,8,19,27,7,33,11,2,15,26,4,
2351,113.49743914604187,58001.143000000004,58001.14300000001,0,25,14,31,22,12,47,36,43,6,45,16,1,39,23,18,17,41,34,9,3,24,10,32,13,42,35,28,5,49,40,46,48,20,21,30,37,44,38,29,8,19,27,7,33,11,2,15,26,4,
2352,113.52144885063171,58001.143000000004,58001.14300000001,0,25,14,31,22,12,47,36,43,6,45,16,1,39,23,18,17,41,34,9,3,24,10,32,13,42,35,28,5,49,40,46,48,20,21,30,37,44,38,29,8,19,27,7,33,11,2,15,26,4,
2353,113.5454580783844,58001.143000000004,58001.14300000001,0,25,14,31,22,12,47,36,43,6,45,16,1,39,23,18,17,41,34,9,3,24,10,32,13,42,35,28,5,49,40,46,48,20,21,30,37,44,38,29,8,19,27,7,33,11,2,15,26,4,
2354,113.56941676139832,58001.143000000004,58001.14300000001,0,25,14,31,22,12,47,36,43,6,45,16,1,39,23,18,17,41,34,9,3,24,10,32,13,42,35,28,5,49,40,46,48,20,21,30,37,44,38,29,8,19,27,7,33,11,2,15,26,4,
2355,113.59537553787231,58001.143000000004,58001.14300000001,0,25,14,31,22,12,47,36,43,6,45,16,1,39,23,18,17,41,34,9,3,24,10,32,13,42,35,28,5,49,40,46,48,20,21,30,37,44,38,29,8,19,27,7,33,11,2,15,26,4,
2356,113.61937427520752,58001.143000000004,58001.14300000001,0,25,14,31,22,12,47,36,43,6,45,16,1,39,23,18,17,41,34,9,3,24,10,32,13,42,35,28,5,49,40,46,48,20,21,30,37,44,38,29,8,19,27,7,33,11,2,15,26,4,
2357,113.64437484741211,58001.143000000004,58001.14300000001,0,25,14,31,22,12,47,36,43,6,45,16,1,39,23,18,17,41,34,9,3,24,10,32,13,42,35,28,5,49,40,46,48,20,21,30,37,44,38,29,8,19,27,7,33,11,2,15,26,4,
2358,113.67037177085876,58001.143000000004,58001.14300000001,0,25,14,31,22,12,47,36,43,6,45,16,1,39,23,18,17,41,34,9,3,24,10,32,13,42,35,28,5,49,40,46,48,20,21,30,37,44,38,29,8,19,27,7,33,11,2,15,26,4,
2359,113.69637131690979,58001.143000000004,58001.14300000001,0,25,14,31,22,12,47,36,43,6,45,16,1,39,23,18,17,41,34,9,3,24,10,32,13,42,35,28,5,49,40,46,48,20,21,30,37,44,38,29,8,19,27,7,33,11,2,15,26,4,
2360,113.72137069702148,58001.143000000004,58001.14300000001,0,25,14,31,22,12,47,36,43,6,45,16,1,39,23,18,17,41,34,9,3,24,10,32,13,42,35,28,5,49,40,46,48,20,21,30,37,44,38,29,8,19,27,7,33,11,2,15,26,4,
2361,113.74637126922607,58001.143000000004,58001.14300000001,0,25,14,31,22,12,47,36,43,6,45,16,1,39,23,18,17,41,34,9,3,24,10,32,13,42,35,28,5,49,40,46,48,20,21,30,37,44,38,29,8,19,27,7,33,11,2,15,26,4,
2362,113.77137041091919,58001.143000000004,58001.14300000001,0,25,14,31,22,12,47,36,43,6,45,16,1,39,23,18,17,41,34,9,3,24,10,32,13,42,35,28,5,49,40,46,48,20,21,30,37,44,38,29,8,19,27,7,33,11,2,15,26,4,
2363,113.79737067222595,58001.143000000004,58001.14300000001,0,25,14,31,22,12,47,36,43,6,45,16,1,39,23,18,17,41,34,9,3,24,10,32,13,42,35,28,5,49,40,46,48,20,21,30,37,44,38,29,8,19,27,7,33,11,2,15,26,4,
2364,113.82237076759338,58001.143000000004,58001.14300000001,0,25,14,31,22,12,47,36,43,6,45,16,1,39,23,18,17,41,34,9,3,24,10,32,13,42,35,28,5,49,40,46,48,20,21,30,37,44,38,29,8,19,27,7,33,11,2,15,26,4,
2365,113.84737157821655,58001.143000000004,58001.14300000001,0,25,14,31,22,12,47,36,43,6,45,16,1,39,23,18,17,41,34,9,3,24,10,32,13,42,35,28,5,49,40,46,48,20,21,30,37,44,38,29,8,19,27,7,33,11,2,15,26,4,
2366,113.87437105178833,58001.143000000004,58001.14300000001,0,25,14,31,22,12,47,36,43,6,45,16,1,39,23,18,17,41,34,9,3,24,10,32,13,42,35,28,5,49,40,46,48,20,21,30,37,44,38,29,8,19,27,7,33,11,2,15,26,4,
2367,113.89936780929565,58001.143000000004,58001.14300000001,0,25,14,31,22,12,47,36,43,6,45,16,1,39,23,18,17,41,34,9,3,24,10,32,13,42,35,28,5,49,40,46,48,20,21,30,37,44,38,29,8,19,27,7,33,11,2,15,26,4,
2368,113.92536759376526,58001.143000000004,58001.14300000001,0,25,14,31,22,12,47,36,43,6,45,16,1,39,23,18,17,41,34,9,3,24,10,32,13,42,35,28,5,49,40,46,48,20,21,30,37,44,38,29,8,19,27,7,33,11,2,15,26,4,
2369,113.95136594772339,58001.143000000004,58001.14300000001,0,25,14,31,22,12,47,36,43,6,45,16,1,39,23,18,17,41,34,9,3,24,10,32,13,42,35,28,5,49,40,46,48,20,21,30,37,44,38,29,8,19,27,7,33,11,2,15,26,4,
2370,113.97636675834656,58001.143000000004,58001.14300000001,0,25,14,31,22,12,47,36,43,6,45,16,1,39,23,18,17,41,34,9,3,24,10,32,13,42,35,28,5,49,40,46,48,20,21,30,37,44,38,29,8,19,27,7,33,11,2,15,26,4,
2371,114.00139570236206,58001.143000000004,58001.14300000001,0,25,14,31,22,12,47,36,43,6,45,16,1,39,23,18,17,41,34,9,3,24,10,32,13,42,35,28,5,49,40,46,48,20,21,30,37,44,38,29,8,19,27,7,33,11,2,15,26,4,
2372,114.02739548683167,58001.143000000004,58001.14300000001,0,25,14,31,22,12,47,36,43,6,45,16,1,39,23,18,17,41,34,9,3,24,10,32,13,42,35,28,5,49,40,46,48,20,21,30,37,44,38,29,8,19,27,7,33,11,2,15,26,4,
2373,114.05239582061768,58001.143000000004,58001.14300000001,0,25,14,31,22,12,47,36,43,6,45,16,1,39,23,18,17,41,34,9,3,24,10,32,13,42,35,28,5,49,40,46,48,20,21,30,37,44,38,29,8,19,27,7,33,11,2,15,26,4,
2374,114.0783965587616,58001.143000000004,58001.14300000001,0,25,14,31,22,12,47,36,43,6,45,16,1,39,23,18,17,41,34,9,3,24,10,32,13,42,35,28,5,49,40,46,48,20,21,30,37,44,38,29,8,19,27,7,33,11,2,15,26,4,
2375,114.1023941040039,58001.143000000004,58001.14300000001,0,25,14,31,22,12,47,36,43,6,45,16,1,39,23,18,17,41,34,9,3,24,10,32,13,42,35,28,5,49,40,46,48,20,21,30,37,44,38,29,8,19,27,7,33,11,2,15,26,4,
2376,114.12639546394348,58001.143000000004,58001.14300000001,0,25,14,31,22,12,47,36,43,6,45,16,1,39,23,18,17,41,34,9,3,24,10,32,13,42,35,28,5,49,40,46,48,20,21,30,37,44,38,29,8,19,27,7,33,11,2,15,26,4,
2377,114.15239524841309,58001.143000000004,58001.14300000001,0,25,14,31,22,12,47,36,43,6,45,16,1,39,23,18,17,41,34,9,3,24,10,32,13,42,35,28,5,49,40,46,48,20,21,30,37,44,38,29,8,19,27,7,33,11,2,15,26,4,
2378,114.17635130882263,58001.143000000004,58001.14300000001,0,25,14,31,22,12,47,36,43,6,45,16,1,39,23,18,17,41,34,9,3,24,10,32,13,42,35,28,5,49,40,46,48,20,21,30,37,44,38,29,8,19,27,7,33,11,2,15,26,4,
2379,114.20043897628784,58001.143000000004,58001.14300000001,0,25,14,31,22,12,47,36,43,6,45,16,1,39,23,18,17,41,34,9,3,24,10,32,13,42,35,28,5,49,40,46,48,20,21,30,37,44,38,29,8,19,27,7,33,11,2,15,26,4,
2380,114.22543931007385,58001.143000000004,58001.14300000001,0,25,14,31,22,12,47,36,43,6,45,16,1,39,23,18,17,41,34,9,3,24,10,32,13,42,35,28,5,49,40,46,48,20,21,30,37,44,38,29,8,19,27,7,33,11,2,15,26,4,
2381,114.25039672851562,58001.143000000004,58001.14300000001,0,25,14,31,22,12,47,36,43,6,45,16,1,39,23,18,17,41,34,9,3,24,10,32,13,42,35,28,5,49,40,46,48,20,21,30,37,44,38,29,8,19,27,7,33,11,2,15,26,4,
2382,114.27540564537048,58001.143000000004,58001.14300000001,0,25,14,31,22,12,47,36,43,6,45,16,1,39,23,18,17,41,34,9,3,24,10,32,13,42,35,28,5,49,40,46,48,20,21,30,37,44,38,29,8,19,27,7,33,11,2,15,26,4,
2383,114.29935121536255,58001.143000000004,58001.14300000001,0,25,14,31,22,12,47,36,43,6,45,16,1,39,23,18,17,41,34,9,3,24,10,32,13,42,35,28,5,49,40,46,48,20,21,30,37,44,38,29,8,19,27,7,33,11,2,15,26,4,
2384,114.32431125640869,58001.143000000004,58001.14300000001,0,25,14,31,22,12,47,36,43,6,45,16,1,39,23,18,17,41,34,9,3,24,10,32,13,42,35,28,5,49,40,46,48,20,21,30,37,44,38,29,8,19,27,7,33,11,2,15,26,4,
2385,114.35032105445862,58001.143000000004,58001.14300000001,0,25,14,31,22,12,47,36,43,6,45,16,1,39,23,18,17,41,34,9,3,24,10,32,13,42,35,28,5,49,40,46,48,20,21,30,37,44,38,29,8,19,27,7,33,11,2,15,26,4,
2386,114.3752794265747,58001.143000000004,58001.14300000001,0,25,14,31,22,12,47,36,43,6,45,16,1,39,23,18,17,41,34,9,3,24,10,32,13,42,35,28,5,49,40,46,48,20,21,30,37,44,38,29,8,19,27,7,33,11,2,15,26,4,
2387,114.40332651138306,58001.143000000004,58001.14300000001,0,25,14,31,22,12,47,36,43,6,45,16,1,39,23,18,17,41,34,9,3,24,10,32,13,42,35,28,5,49,40,46,48,20,21,30,37,44,38,29,8,19,27,7,33,11,2,15,26,4,
2388,114.4282865524292,58001.143000000004,58001.14300000001,0,25,14,31,22,12,47,36,43,6,45,16,1,39,23,18,17,41,34,9,3,24,10,32,13,42,35,28,5,49,40,46,48,20,21,30,37,44,38,29,8,19,27,7,33,11,2,15,26,4,
2389,114.45428562164307,58001.143000000004,58001.14300000001,0,25,14,31,22,12,47,36,43,6,45,16,1,39,23,18,17,41,34,9,3,24,10,32,13,42,35,28,5,49,40,46,48,20,21,30,37,44,38,29,8,19,27,7,33,11,2,15,26,4,
2390,114.47928619384766,58001.143000000004,58001.14300000001,0,25,14,31,22,12,47,36,43,6,45,16,1,39,23,18,17,41,34,9,3,24,10,32,13,42,35,28,5,49,40,46,48,20,21,30,37,44,38,29,8,19,27,7,33,11,2,15,26,4,
2391,114.50427484512329,58001.143000000004,58001.14300000001,0,25,14,31,22,12,47,36,43,6,45,16,1,39,23,18,17,41,34,9,3,24,10,32,13,42,35,28,5,49,40,46,48,20,21,30,37,44,38,29,8,19,27,7,33,11,2,15,26,4,
2392,114.52924180030823,58001.143000000004,58001.14300000001,0,25,14,31,22,12,47,36,43,6,45,16,1,39,23,18,17,41,34,9,3,24,10,32,13,42,35,28,5,49,40,46,48,20,21,30,37,44,38,29,8,19,27,7,33,11,2,15,26,4,
2393,114.55324602127075,58001.143000000004,58001.14300000001,0,25,14,31,22,12,47,36,43,6,45,16,1,39,23,18,17,41,34,9,3,24,10,32,13,42,35,28,5,49,40,46,48,20,21,30,37,44,38,29,8,19,27,7,33,11,2,15,26,4,
2394,114.57926869392395,58001.143000000004,58001.14300000001,0,25,14,31,22,12,47,36,43,6,45,16,1,39,23,18,17,41,34,9,3,24,10,32,13,42,35,28,5,49,40,46,48,20,21,30,37,44,38,29,8,19,27,7,33,11,2,15,26,4,
2395,114.6052725315094,58001.143000000004,58001.14300000001,0,25,14,31,22,12,47,36,43,6,45,16,1,39,23,18,17,41,34,9,3,24,10,32,13,42,35,28,5,49,40,46,48,20,21,30,37,44,38,29,8,19,27,7,33,11,2,15,26,4,
2396,114.6302318572998,58001.143000000004,58001.14300000001,0,25,14,31,22,12,47,36,43,6,45,16,1,39,23,18,17,41,34,9,3,24,10,32,13,42,35,28,5,49,40,46,48,20,21,30,37,44,38,29,8,19,27,7,33,11,2,15,26,4,
2397,114.65428280830383,58001.143000000004,58001.14300000001,0,25,14,31,22,12,47,36,43,6,45,16,1,39,23,18,17,41,34,9,3,24,10,32,13,42,35,28,5,49,40,46,48,20,21,30,37,44,38,29,8,19,27,7,33,11,2,15,26,4,
2398,114.67824053764343,58001.143000000004,58001.14300000001,0,25,14,31,22,12,47,36,43,6,45,16,1,39,23,18,17,41,34,9,3,24,10,32,13,42,35,28,5,49,40,46,48,20,21,30,37,44,38,29,8,19,27,7,33,11,2,15,26,4,
2399,124.41627860069275,58001.143000000004,58001.14300000001,0,25,14,31,22,12,47,36,43,6,45,16,1,39,23,18,17,41,34,9,3,24,10,32,13,42,35,28,5,49,40,46,48,20,21,30,37,44,38,29,8,19,27,7,33,11,2,15,26,4,
2400,124.44128131866455,58001.143000000004,58001.14300000001,0,25,14,31,22,12,47,36,43,6,45,16,1,39,23,18,17,41,34,9,3,24,10,32,13,42,35,28,5,49,40,46,48,20,21,30,37,44,38,29,8,19,27,7,33,11,2,15,26,4,
2401,124.4662389755249,58001.143000000004,58001.14300000001,0,25,14,31,22,12,47,36,43,6,45,16,1,39,23,18,17,41,34,9,3,24,10,32,13,42,35,28,5,49,40,46,48,20,21,30,37,44,38,29,8,19,27,7,33,11,2,15,26,4,
2402,124.49125075340271,58001.143000000004,58001.14300000001,0,25,14,31,22,12,47,36,43,6,45,16,1,39,23,18,17,41,34,9,3,24,10,32,13,42,35,28,5,49,40,46,48,20,21,30,37,44,38,29,8,19,27,7,33,11,2,15,26,4,
2403,124.51621508598328,58001.143000000004,58001.14300000001,0,25,14,31,22,12,47,36,43,6,45,16,1,39,23,18,17,41,34,9,3,24,10,32,13,42,35,28,5,49,40,46,48,20,21,30,37,44,38,29,8,19,27,7,33,11,2,15,26,4,
2404,124.5401840209961,58001.143000000004,58001.14300000001,0,25,14,31,22,12,47,36,43,6,45,16,1,39,23,18,17,41,34,9,3,24,10,32,13,42,35,28,5,49,40,46,48,20,21,30,37,44,38,29,8,19,27,7,33,11,2,15,26,4,
2405,124.56518268585205,58001.143000000004,58001.14300000001,0,25,14,31,22,12,47,36,43,6,45,16,1,39,23,18,17,41,34,9,3,24,10,32,13,42,35,28,5,49,40,46,48,20,21,30,37,44,38,29,8,19,27,7,33,11,2,15,26,4,
2406,124.59218263626099,58001.143000000004,58001.14300000001,0,25,14,31,22,12,47,36,43,6,45,16,1,39,23,18,17,41,34,9,3,24,10,32,13,42,35,28,5,49,40,46,48,20,21,30,37,44,38,29,8,19,27,7,33,11,2,15,26,4,
2407,124.61818361282349,58001.143000000004,58001.14300000001,0,25,14,31,22,12,47,36,43,6,45,16,1,39,23,18,17,41,34,9,3,24,10,32,13,42,35,28,5,49,40,46,48,20,21,30,37,44,38,29,8,19,27,7,33,11,2,15,26,4,
2408,124.64318323135376,58001.143000000004,58001.14300000001,0,25,14,31,22,12,47,36,43,6,45,16,1,39,23,18,17,41,34,9,3,24,10,32,13,42,35,28,5,49,40,46,48,20,21,30,37,44,38,29,8,19,27,7,33,11,2,15,26,4,
2409,124.66918349266052,58001.143000000004,58001.14300000001,0,25,14,31,22,12,47,36,43,6,45,16,1,39,23,18,17,41,34,9,3,24,10,32,13,42,35,28,5,49,40,46,48,20,21,30,37,44,38,29,8,19,27,7,33,11,2,15,26,4,
2410,124.69418239593506,58001.143000000004,58001.14300000001,0,25,14,31,22,12,47,36,43,6,45,16,1,39,23,18,17,41,34,9,3,24,10,32,13,42,35,28,5,49,40,46,48,20,21,30,37,44,38,29,8,19,27,7,33,11,2,15,26,4,
2411,124.71918106079102,58001.143000000004,58001.14300000001,0,25,14,31,22,12,47,36,43,6,45,16,1,39,23,18,17,41,34,9,3,24,10,32,13,42,35,28,5,49,40,46,48,20,21,30,37,44,38,29,8,19,27,7,33,11,2,15,26,4,
2412,124.74422335624695,58001.143000000004,58001.14300000001,0,25,14,31,22,12,47,36,43,6,45,16,1,39,23,18,17,41,34,9,3,24,10,32,13,42,35,28,5,49,40,46,48,20,21,30,37,44,38,29,8,19,27,7,33,11,2,15,26,4,
2413,124.76822352409363,58001.143000000004,58001.14300000001,0,25,14,31,22,12,47,36,43,6,45,16,1,39,23,18,17,41,34,9,3,24,10,32,13,42,35,28,5,49,40,46,48,20,21,30,37,44,38,29,8,19,27,7,33,11,2,15,26,4,
2414,124.79518127441406,58001.143000000004,58001.14300000001,0,25,14,31,22,12,47,36,43,6,45,16,1,39,23,18,17,41,34,9,3,24,10,32,13,42,35,28,5,49,40,46,48,20,21,30,37,44,38,29,8,19,27,7,33,11,2,15,26,4,
2415,124.82117748260498,58001.143000000004,58001.14300000001,0,25,14,31,22,12,47,36,43,6,45,16,1,39,23,18,17,41,34,9,3,24,10,32,13,42,35,28,5,49,40,46,48,20,21,30,37,44,38,29,8,19,27,7,33,11,2,15,26,4,
2416,124.84717845916748,58001.143000000004,58001.14300000001,0,25,14,31,22,12,47,36,43,6,45,16,1,39,23,18,17,41,34,9,3,24,10,32,13,42,35,28,5,49,40,46,48,20,21,30,37,44,38,29,8,19,27,7,33,11,2,15,26,4,
2417,124.87217688560486,58001.143000000004,58001.14300000001,0,25,14,31,22,12,47,36,43,6,45,16,1,39,23,18,17,41,34,9,3,24,10,32,13,42,35,28,5,49,40,46,48,20,21,30,37,44,38,29,8,19,27,7,33,11,2,15,26,4,
2418,124.8961763381958,58001.143000000004,58001.14300000001,0,25,14,31,22,12,47,36,43,6,45,16,1,39,23,18,17,41,34,9,3,24,10,32,13,42,35,28,5,49,40,46,48,20,21,30,37,44,38,29,8,19,27,7,33,11,2,15,26,4,
2419,124.9211745262146,58001.143000000004,58001.14300000001,0,25,14,31,22,12,47,36,43,6,45,16,1,39,23,18,17,41,34,9,3,24,10,32,13,42,35,28,5,49,40,46,48,20,21,30,37,44,38,29,8,19,27,7,33,11,2,15,26,4,
2420,124.9452133178711,58001.143000000004,58001.14300000001,0,25,14,31,22,12,47,36,43,6,45,16,1,39,23,18,17,41,34,9,3,24,10,32,13,42,35,28,5,49,40,46,48,20,21,30,37,44,38,29,8,19,27,7,33,11,2,15,26,4,
2421,124.96916937828064,58001.143000000004,58001.14300000001,0,25,14,31,22,12,47,36,43,6,45,16,1,39,23,18,17,41,34,9,3,24,10,32,13,42,35,28,5,49,40,46,48,20,21,30,37,44,38,29,8,19,27,7,33,11,2,15,26,4,
2422,124.99317979812622,58001.143000000004,58001.14300000001,0,25,14,31,22,12,47,36,43,6,45,16,1,39,23,18,17,41,34,9,3,24,10,32,13,42,35,28,5,49,40,46,48,20,21,30,37,44,38,29,8,19,27,7,33,11,2,15,26,4,
2423,125.0191822052002,58001.143000000004,58001.14300000001,0,25,14,31,22,12,47,36,43,6,45,16,1,39,23,18,17,41,34,9,3,24,10,32,13,42,35,28,5,49,40,46,48,20,21,30,37,44,38,29,8,19,27,7,33,11,2,15,26,4,
2424,125.04418063163757,58001.143000000004,58001.14300000001,0,25,14,31,22,12,47,36,43,6,45,16,1,39,23,18,17,41,34,9,3,24,10,32,13,42,35,28,5,49,40,46,48,20,21,30,37,44,38,29,8,19,27,7,33,11,2,15,26,4,
2425,125.07021427154541,58001.143000000004,58001.14300000001,0,25,14,31,22,12,47,36,43,6,45,16,1,39,23,18,17,41,34,9,3,24,10,32,13,42,35,28,5,49,40,46,48,20,21,30,37,44,38,29,8,19,27,7,33,11,2,15,26,4,
2426,125.09521389007568,58001.143000000004,58001.14300000001,0,25,14,31,22,12,47,36,43,6,45,16,1,39,23,18,17,41,34,9,3,24,10,32,13,42,35,28,5,49,40,46,48,20,21,30,37,44,38,29,8,19,27,7,33,11,2,15,26,4,
2427,125.12021732330322,58001.143000000004,58001.14300000001,0,25,14,31,22,12,47,36,43,6,45,16,1,39,23,18,17,41,34,9,3,24,10,32,13,42,35,28,5,49,40,46,48,20,21,30,37,44,38,29,8,19,27,7,33,11,2,15,26,4,
2428,125.14521193504333,58001.143000000004,58001.14300000001,0,25,14,31,22,12,47,36,43,6,45,16,1,39,23,18,17,41,34,9,3,24,10,32,13,42,35,28,5,49,40,46,48,20,21,30,37,44,38,29,8,19,27,7,33,11,2,15,26,4,
2429,125.17877745628357,58001.143000000004,58001.14300000001,0,25,14,31,22,12,47,36,43,6,45,16,1,39,23,18,17,41,34,9,3,24,10,32,13,42,35,28,5,49,40,46,48,20,21,30,37,44,38,29,8,19,27,7,33,11,2,15,26,4,
2430,125.20377016067505,58001.143000000004,58001.14300000001,0,25,14,31,22,12,47,36,43,6,45,16,1,39,23,18,17,41,34,9,3,24,10,32,13,42,35,28,5,49,40,46,48,20,21,30,37,44,38,29,8,19,27,7,33,11,2,15,26,4,
2431,125.22876858711243,58001.143000000004,58001.14300000001,0,25,14,31,22,12,47,36,43,6,45,16,1,39,23,18,17,41,34,9,3,24,10,32,13,42,35,28,5,49,40,46,48,20,21,30,37,44,38,29,8,19,27,7,33,11,2,15,26,4,
2432,125.25376796722412,58001.143000000004,58001.14300000001,0,25,14,31,22,12,47,36,43,6,45,16,1,39,23,18,17,41,34,9,3,24,10,32,13,42,35,28,5,49,40,46,48,20,21,30,37,44,38,29,8,19,27,7,33,11,2,15,26,4,
2433,125.27880835533142,58001.143000000004,58001.14300000001,0,25,14,31,22,12,47,36,43,6,45,16,1,39,23,18,17,41,34,9,3,24,10,32,13,42,35,28,5,49,40,46,48,20,21,30,37,44,38,29,8,19,27,7,33,11,2,15,26,4,
2434,125.30284404754639,58001.143000000004,58001.14300000001,0,25,14,31,22,12,47,36,43,6,45,16,1,39,23,18,17,41,34,9,3,24,10,32,13,42,35,28,5,49,40,46,48,20,21,30,37,44,38,29,8,19,27,7,33,11,2,15,26,4,
2435,125.32688236236572,58001.143000000004,58001.14300000001,0,25,14,31,22,12,47,36,43,6,45,16,1,39,23,18,17,41,34,9,3,24,10,32,13,42,35,28,5,49,40,46,48,20,21,30,37,44,38,29,8,19,27,7,33,11,2,15,26,4,
2436,125.35183787345886,58001.143000000004,58001.14300000001,0,25,14,31,22,12,47,36,43,6,45,16,1,39,23,18,17,41,34,9,3,24,10,32,13,42,35,28,5,49,40,46,48,20,21,30,37,44,38,29,8,19,27,7,33,11,2,15,26,4,
2437,125.37680578231812,58001.143000000004,58001.14300000001,0,25,14,31,22,12,47,36,43,6,45,16,1,39,23,18,17,41,34,9,3,24,10,32,13,42,35,28,5,49,40,46,48,20,21,30,37,44,38,29,8,19,27,7,33,11,2,15,26,4,
2438,125.3998155593872,58001.143000000004,58001.14300000001,0,25,14,31,22,12,47,36,43,6,45,16,1,39,23,18,17,41,34,9,3,24,10,32,13,42,35,28,5,49,40,46,48,20,21,30,37,44,38,29,8,19,27,7,33,11,2,15,26,4,
2439,125.42484617233276,58001.143000000004,58001.14300000001,0,25,14,31,22,12,47,36,43,6,45,16,1,39,23,18,17,41,34,9,3,24,10,32,13,42,35,28,5,49,40,46,48,20,21,30,37,44,38,29,8,19,27,7,33,11,2,15,26,4,
2440,125.44984984397888,58001.143000000004,58001.14300000001,0,25,14,31,22,12,47,36,43,6,45,16,1,39,23,18,17,41,34,9,3,24,10,32,13,42,35,28,5,49,40,46,48,20,21,30,37,44,38,29,8,19,27,7,33,11,2,15,26,4,
2441,125.47486162185669,58001.143000000004,58001.14300000001,0,25,14,31,22,12,47,36,43,6,45,16,1,39,23,18,17,41,34,9,3,24,10,32,13,42,35,28,5,49,40,46,48,20,21,30,37,44,38,29,8,19,27,7,33,11,2,15,26,4,
2442,125.50186371803284,58001.143000000004,58001.14300000001,0,25,14,31,22,12,47,36,43,6,45,16,1,39,23,18,17,41,34,9,3,24,10,32,13,42,35,28,5,49,40,46,48,20,21,30,37,44,38,29,8,19,27,7,33,11,2,15,26,4,
2443,125.52686524391174,58001.143000000004,58001.14300000001,0,25,14,31,22,12,47,36,43,6,45,16,1,39,23,18,17,41,34,9,3,24,10,32,13,42,35,28,5,49,40,46,48,20,21,30,37,44,38,29,8,19,27,7,33,11,2,15,26,4,
2444,125.5518639087677,58001.143000000004,58001.14300000001,0,25,14,31,22,12,47,36,43,6,45,16,1,39,23,18,17,41,34,9,3,24,10,32,13,42,35,28,5,49,40,46,48,20,21,30,37,44,38,29,8,19,27,7,33,11,2,15,26,4,
2445,125.57686734199524,58001.143000000004,58001.14300000001,0,25,14,31,22,12,47,36,43,6,45,16,1,39,23,18,17,41,34,9,3,24,10,32,13,42,35,28,5,49,40,46,48,20,21,30,37,44,38,29,8,19,27,7,33,11,2,15,26,4,
2446,125.60292291641235,58001.143000000004,58001.14300000001,0,25,14,31,22,12,47,36,43,6,45,16,1,39,23,18,17,41,34,9,3,24,10,32,13,42,35,28,5,49,40,46,48,20,21,30,37,44,38,29,8,19,27,7,33,11,2,15,26,4,
2447,125.62688207626343,58001.143000000004,58001.14300000001,0,25,14,31,22,12,47,36,43,6,45,16,1,39,23,18,17,41,34,9,3,24,10,32,13,42,35,28,5,49,40,46,48,20,21,30,37,44,38,29,8,19,27,7,33,11,2,15,26,4,
2448,125.65088319778442,58001.143000000004,58001.14300000001,0,25,14,31,22,12,47,36,43,6,45,16,1,39,23,18,17,41,34,9,3,24,10,32,13,42,35,28,5,49,40,46,48,20,21,30,37,44,38,29,8,19,27,7,33,11,2,15,26,4,
2449,125.6758816242218,58001.143000000004,58001.14300000001,0,25,14,31,22,12,47,36,43,6,45,16,1,39,23,18,17,41,34,9,3,24,10,32,13,42,35,28,5,49,40,46,48,20,21,30,37,44,38,29,8,19,27,7,33,11,2,15,26,4,
2450,125.70388054847717,58001.143000000004,58001.14300000001,0,25,14,31,22,12,47,36,43,6,45,16,1,39,23,18,17,41,34,9,3,24,10,32,13,42,35,28,5,49,40,46,48,20,21,30,37,44,38,29,8,19,27,7,33,11,2,15,26,4,
2451,125.72888231277466,58001.143000000004,58001.14300000001,0,25,14,31,22,12,47,36,43,6,45,16,1,39,23,18,17,41,34,9,3,24,10,32,13,42,35,28,5,49,40,46,48,20,21,30,37,44,38,29,8,19,27,7,33,11,2,15,26,4,
2452,125.75288200378418,58001.143000000004,58001.14300000001,0,25,14,31,22,12,47,36,43,6,45,16,1,39,23,18,17,41,34,9,3,24,10,32,13,42,35,28,5,49,40,46,48,20,21,30,37,44,38,29,8,19,27,7,33,11,2,15,26,4,
2453,125.77788162231445,58001.143000000004,58001.14300000001,0,25,14,31,22,12,47,36,43,6,45,16,1,39,23,18,17,41,34,9,3,24,10,32,13,42,35,28,5,49,40,46,48,20,21,30,37,44,38,29,8,19,27,7,33,11,2,15,26,4,
2454,125.80287957191467,58001.143000000004,58001.14300000001,0,25,14,31,22,12,47,36,43,6,45,16,1,39,23,18,17,41,34,9,3,24,10,32,13,42,35,28,5,49,40,46,48,20,21,30,37,44,38,29,8,19,27,7,33,11,2,15,26,4,
2455,125.82887625694275,58001.143000000004,58001.14300000001,0,25,14,31,22,12,47,36,43,6,45,16,1,39,23,18,17,41,34,9,3,24,10,32,13,42,35,28,5,49,40,46,48,20,21,30,37,44,38,29,8,19,27,7,33,11,2,15,26,4,
2456,125.85287618637085,58001.143000000004,58001.14300000001,0,25,14,31,22,12,47,36,43,6,45,16,1,39,23,18,17,41,34,9,3,24,10,32,13,42,35,28,5,49,40,46,48,20,21,30,37,44,38,29,8,19,27,7,33,11,2,15,26,4,
2457,125.87687492370605,58001.143000000004,58001.14300000001,0,25,14,31,22,12,47,36,43,6,45,16,1,39,23,18,17,41,34,9,3,24,10,32,13,42,35,28,5,49,40,46,48,20,21,30,37,44,38,29,8,19,27,7,33,11,2,15,26,4,
2458,125.90187478065491,58001.143000000004,58001.14300000001,0,25,14,31,22,12,47,36,43,6,45,16,1,39,23,18,17,41,34,9,3,24,10,32,13,42,35,28,5,49,40,46,48,20,21,30,37,44,38,29,8,19,27,7,33,11,2,15,26,4,
2459,125.92687320709229,58001.143000000004,58001.14300000001,0,25,14,31,22,12,47,36,43,6,45,16,1,39,23,18,17,41,34,9,3,24,10,32,13,42,35,28,5,49,40,46,48,20,21,30,37,44,38,29,8,19,27,7,33,11,2,15,26,4,
2460,125.95087385177612,58001.143000000004,58001.14300000001,0,25,14,31,22,12,47,36,43,6,45,16,1,39,23,18,17,41,34,9,3,24,10,32,13,42,35,28,5,49,40,46,48,20,21,30,37,44,38,29,8,19,27,7,33,11,2,15,26,4,
2461,125.97487211227417,58001.143000000004,58001.14300000001,0,25,14,31,22,12,47,36,43,6,45,16,1,39,23,18,17,41,34,9,3,24,10,32,13,42,35,28,5,49,40,46,48,20,21,30,37,44,38,29,8,19,27,7,33,11,2,15,26,4,
2462,125.99987030029297,58001.143000000004,58001.14300000001,0,25,14,31,22,12,47,36,43,6,45,16,1,39,23,18,17,41,34,9,3,24,10,32,13,42,35,28,5,49,40,46,48,20,21,30,37,44,38,29,8,19,27,7,33,11,2,15,26,4,
2463,126.02587366104126,58001.143000000004,58001.14300000001,0,25,14,31,22,12,47,36,43,6,45,16,1,39,23,18,17,41,34,9,3,24,10,32,13,42,35,28,5,49,40,46,48,20,21,30,37,44,38,29,8,19,27,7,33,11,2,15,26,4,
2464,126.05287551879883,58001.143000000004,58001.14300000001,0,25,14,31,22,12,47,36,43,6,45,16,1,39,23,18,17,41,34,9,3,24,10,32,13,42,35,28,5,49,40,46,48,20,21,30,37,44,38,29,8,19,27,7,33,11,2,15,26,4,
2465,126.07891058921814,58001.143000000004,58001.14300000001,0,25,14,31,22,12,47,36,43,6,45,16,1,39,23,18,17,41,34,9,3,24,10,32,13,42,35,28,5,49,40,46,48,20,21,30,37,44,38,29,8,19,27,7,33,11,2,15,26,4,
2466,126.10291361808777,58001.143000000004,58001.14300000001,0,25,14,31,22,12,47,36,43,6,45,16,1,39,23,18,17,41,34,9,3,24,10,32,13,42,35,28,5,49,40,46,48,20,21,30,37,44,38,29,8,19,27,7,33,11,2,15,26,4,
2467,126.12790560722351,58001.143000000004,58001.14300000001,0,25,14,31,22,12,47,36,43,6,45,16,1,39,23,18,17,41,34,9,3,24,10,32,13,42,35,28,5,49,40,46,48,20,21,30,37,44,38,29,8,19,27,7,33,11,2,15,26,4,
2468,126.15190529823303,58001.143000000004,58001.14300000001,0,25,14,31,22,12,47,36,43,6,45,16,1,39,23,18,17,41,34,9,3,24,10,32,13,42,35,28,5,49,40,46,48,20,21,30,37,44,38,29,8,19,27,7,33,11,2,15,26,4,
2469,126.17590403556824,58001.143000000004,58001.14300000001,0,25,14,31,22,12,47,36,43,6,45,16,1,39,23,18,17,41,34,9,3,24,10,32,13,42,35,28,5,49,40,46,48,20,21,30,37,44,38,29,8,19,27,7,33,11,2,15,26,4,
2470,126.19990372657776,58001.143000000004,58001.14300000001,0,25,14,31,22,12,47,36,43,6,45,16,1,39,23,18,17,41,34,9,3,24,10,32,13,42,35,28,5,49,40,46,48,20,21,30,37,44,38,29,8,19,27,7,33,11,2,15,26,4,
2471,126.22490334510803,58001.143000000004,58001.14300000001,0,25,14,31,22,12,47,36,43,6,45,16,1,39,23,18,17,41,34,9,3,24,10,32,13,42,35,28,5,49,40,46,48,20,21,30,37,44,38,29,8,19,27,7,33,11,2,15,26,4,
2472,126.24894046783447,58001.143000000004,58001.14300000001,0,25,14,31,22,12,47,36,43,6,45,16,1,39,23,18,17,41,34,9,3,24,10,32,13,42,35,28,5,49,40,46,48,20,21,30,37,44,38,29,8,19,27,7,33,11,2,15,26,4,
2473,126.27297902107239,58001.143000000004,58001.14300000001,0,25,14,31,22,12,47,36,43,6,45,16,1,39,23,18,17,41,34,9,3,24,10,32,13,42,35,28,5,49,40,46,48,20,21,30,37,44,38,29,8,19,27,7,33,11,2,15,26,4,
2474,126.29801154136658,58001.143000000004,58001.14300000001,0,25,14,31,22,12,47,36,43,6,45,16,1,39,23,18,17,41,34,9,3,24,10,32,13,42,35,28,5,49,40,46,48,20,21,30,37,44,38,29,8,19,27,7,33,11,2,15,26,4,
2475,126.32404708862305,58001.143000000004,58001.14300000001,0,25,14,31,22,12,47,36,43,6,45,16,1,39,23,18,17,41,34,9,3,24,10,32,13,42,35,28,5,49,40,46,48,20,21,30,37,44,38,29,8,19,27,7,33,11,2,15,26,4,
2476,126.34901022911072,58001.143000000004,58001.14300000001,0,25,14,31,22,12,47,36,43,6,45,16,1,39,23,18,17,41,34,9,3,24,10,32,13,42,35,28,5,49,40,46,48,20,21,30,37,44,38,29,8,19,27,7,33,11,2,15,26,4,
2477,126.37402081489563,58001.143000000004,58001.14300000001,0,25,14,31,22,12,47,36,43,6,45,16,1,39,23,18,17,41,34,9,3,24,10,32,13,42,35,28,5,49,40,46,48,20,21,30,37,44,38,29,8,19,27,7,33,11,2,15,26,4,
2478,126.39902687072754,58001.143000000004,58001.14300000001,0,25,14,31,22,12,47,36,43,6,45,16,1,39,23,18,17,41,34,9,3,24,10,32,13,42,35,28,5,49,40,46,48,20,21,30,37,44,38,29,8,19,27,7,33,11,2,15,26,4,
2479,126.42502975463867,58001.143000000004,58001.14300000001,0,25,14,31,22,12,47,36,43,6,45,16,1,39,23,18,17,41,34,9,3,24,10,32,13,42,35,28,5,49,40,46,48,20,21,30,37,44,38,29,8,19,27,7,33,11,2,15,26,4,
2480,126.45002913475037,58001.143000000004,58001.14300000001,0,25,14,31,22,12,47,36,43,6,45,16,1,39,23,18,17,41,34,9,3,24,10,32,13,42,35,28,5,49,40,46,48,20,21,30,37,44,38,29,8,19,27,7,33,11,2,15,26,4,
2481,126.47399425506592,58001.143000000004,58001.14300000001,0,25,14,31,22,12,47,36,43,6,45,16,1,39,23,18,17,41,34,9,3,24,10,32,13,42,35,28,5,49,40,46,48,20,21,30,37,44,38,29,8,19,27,7,33,11,2,15,26,4,
2482,126.49799656867981,58001.143000000004,58001.14300000001,0,25,14,31,22,12,47,36,43,6,45,16,1,39,23,18,17,41,34,9,3,24,10,32,13,42,35,28,5,49,40,46,48,20,21,30,37,44,38,29,8,19,27,7,33,11,2,15,26,4,
2483,126.52399444580078,58001.143000000004,58001.14300000001,0,25,14,31,22,12,47,36,43,6,45,16,1,39,23,18,17,41,34,9,3,24,10,32,13,42,35,28,5,49,40,46,48,20,21,30,37,44,38,29,8,19,27,7,33,11,2,15,26,4,
2484,126.55099368095398,58001.143000000004,58001.14300000001,0,25,14,31,22,12,47,36,43,6,45,16,1,39,23,18,17,41,34,9,3,24,10,32,13,42,35,28,5,49,40,46,48,20,21,30,37,44,38,29,8,19,27,7,33,11,2,15,26,4,
2485,126.5769910812378,58001.143000000004,58001.14300000001,0,25,14,31,22,12,47,36,43,6,45,16,1,39,23,18,17,41,34,9,3,24,10,32,13,42,35,28,5,49,40,46,48,20,21,30,37,44,38,29,8,19,27,7,33,11,2,15,26,4,
2486,126.60100102424622,58001.143000000004,58001.14300000001,0,25,14,31,22,12,47,36,43,6,45,16,1,39,23,18,17,41,34,9,3,24,10,32,13,42,35,28,5,49,40,46,48,20,21,30,37,44,38,29,8,19,27,7,33,11,2,15,26,4,
2487,126.62499833106995,58001.143000000004,58001.14300000001,0,25,14,31,22,12,47,36,43,6,45,16,1,39,23,18,17,41,34,9,3,24,10,32,13,42,35,28,5,49,40,46,48,20,21,30,37,44,38,29,8,19,27,7,33,11,2,15,26,4,
2488,126.65100169181824,58001.143000000004,58001.14300000001,0,25,14,31,22,12,47,36,43,6,45,16,1,39,23,18,17,41,34,9,3,24,10,32,13,42,35,28,5,49,40,46,48,20,21,30,37,44,38,29,8,19,27,7,33,11,2,15,26,4,
2489,126.67605185508728,58001.143000000004,58001.14300000001,0,25,14,31,22,12,47,36,43,6,45,16,1,39,23,18,17,41,34,9,3,24,10,32,13,42,35,28,5,49,40,46,48,20,21,30,37,44,38,29,8,19,27,7,33,11,2,15,26,4,
2490,126.7010109424591,58001.143000000004,58001.14300000001,0,25,14,31,22,12,47,36,43,6,45,16,1,39,23,18,17,41,34,9,3,24,10,32,13,42,35,28,5,49,40,46,48,20,21,30,37,44,38,29,8,19,27,7,33,11,2,15,26,4,
2491,126.72500681877136,58001.143000000004,58001.14300000001,0,25,14,31,22,12,47,36,43,6,45,16,1,39,23,18,17,41,34,9,3,24,10,32,13,42,35,28,5,49,40,46,48,20,21,30,37,44,38,29,8,19,27,7,33,11,2,15,26,4,
2492,126.74897503852844,58001.143000000004,58001.14300000001,0,25,14,31,22,12,47,36,43,6,45,16,1,39,23,18,17,41,34,9,3,24,10,32,13,42,35,28,5,49,40,46,48,20,21,30,37,44,38,29,8,19,27,7,33,11,2,15,26,4,
2493,126.77601385116577,58001.143000000004,58001.14300000001,0,25,14,31,22,12,47,36,43,6,45,16,1,39,23,18,17,41,34,9,3,24,10,32,13,42,35,28,5,49,40,46,48,20,21,30,37,44,38,29,8,19,27,7,33,11,2,15,26,4,
2494,126.80205082893372,58001.143000000004,58001.14300000001,0,25,14,31,22,12,47,36,43,6,45,16,1,39,23,18,17,41,34,9,3,24,10,32,13,42,35,28,5,49,40,46,48,20,21,30,37,44,38,29,8,19,27,7,33,11,2,15,26,4,
2495,126.82805132865906,58001.143000000004,58001.14300000001,0,25,14,31,22,12,47,36,43,6,45,16,1,39,23,18,17,41,34,9,3,24,10,32,13,42,35,28,5,49,40,46,48,20,21,30,37,44,38,29,8,19,27,7,33,11,2,15,26,4,
2496,126.85304927825928,58001.143000000004,58001.14300000001,0,25,14,31,22,12,47,36,43,6,45,16,1,39,23,18,17,41,34,9,3,24,10,32,13,42,35,28,5,49,40,46,48,20,21,30,37,44,38,29,8,19,27,7,33,11,2,15,26,4,
2497,126.87704873085022,58001.143000000004,58001.14300000001,0,25,14,31,22,12,47,36,43,6,45,16,1,39,23,18,17,41,34,9,3,24,10,32,13,42,35,28,5,49,40,46,48,20,21,30,37,44,38,29,8,19,27,7,33,11,2,15,26,4,
2498,126.90204787254333,58001.143000000004,58001.14300000001,0,25,14,31,22,12,47,36,43,6,45,16,1,39,23,18,17,41,34,9,3,24,10,32,13,42,35,28,5,49,40,46,48,20,21,30,37,44,38,29,8,19,27,7,33,11,2,15,26,4,
2499,126.92701363563538,58001.143000000004,58001.14300000001,0,25,14,31,22,12,47,36,43,6,45,16,1,39,23,18,17,41,34,9,3,24,10,32,13,42,35,28,5,49,40,46,48,20,21,30,37,44,38,29,8,19,27,7,33,11,2,15,26,4,
2500,126.95201468467712,58001.143000000004,58001.14300000001,0,25,14,31,22,12,47,36,43,6,45,16,1,39,23,18,17,41,34,9,3,24,10,32,13,42,35,28,5,49,40,46,48,20,21,30,37,44,38,29,8,19,27,7,33,11,2,15,26,4,
2501,126.97702217102051,58001.143000000004,58001.14300000001,0,25,14,31,22,12,47,36,43,6,45,16,1,39,23,18,17,41,34,9,3,24,10,32,13,42,35,28,5,49,40,46,48,20,21,30,37,44,38,29,8,19,27,7,33,11,2,15,26,4,
